# [1] k:    [h/Mpc] 
# [2] P:    [Mpc^3/h^3] 
# [3] T:    [Mpc^3/h^3] 
# [4] Delta_k 
3.059023205018257859e-07 3.000023454428433212e-01 3.949809060980226059e+04 4.350540574573333747e-22
3.215862678579245412e-07 3.145501299032376075e-01 3.947840899972231273e+04 5.299716208854325345e-22
3.380743483904743061e-07 3.298033689574563221e-01 3.945873719685390097e+04 6.455977461412455668e-22
3.554077908890640533e-07 3.457962716758315458e-01 3.943907519630118622e+04 7.864505067767728131e-22
3.736299379885273404e-07 3.625647060031406688e-01 3.941942299317973811e+04 9.580337033489722276e-22
3.927863545481053003e-07 3.801462792008236669e-01 3.939978058259861427e+04 1.167051923602680683e-21
4.129249415873286729e-07 3.985804221910240197e-01 3.938014795969618717e+04 1.421672523236056596e-21
4.340960560635169786e-07 4.179084779889387091e-01 3.936052511958635296e+04 1.731844764100205816e-21
4.563526367904018199e-07 4.381737944249808892e-01 3.934091205738548888e+04 2.109688580118917783e-21
4.797503368127355169e-07 4.594218213633716741e-01 3.932130876823921426e+04 2.569968161897375022e-21
5.043476625678916271e-07 4.817002126332665668e-01 3.930171524726874486e+04 3.130668865256823616e-21
5.302061201824328858e-07 5.050589329045052089e-01 3.928213148959774117e+04 3.813699986325084393e-21
5.573903692694645323e-07 5.295503697461649839e-01 3.926255749037909118e+04 4.645750864012099298e-21
5.859683846113473662e-07 5.552294511169878488e-01 3.924299324474127934e+04 5.659333761926758923e-21
6.160116261320592563e-07 5.821537685554682984e-01 3.922343874782418425e+04 6.894054280221178585e-21
6.475952175842278093e-07 6.103837063422873355e-01 3.920389399476116523e+04 8.398158938488449264e-21
6.807981343976415384e-07 6.399825769277284193e-01 3.918435898071476549e+04 1.023042040131467637e-20
7.157034011589609116e-07 6.710167629235075371e-01 3.916483370082319016e+04 1.246243401133738966e-20
7.523982992164306405e-07 7.035558659828793360e-01 3.914531815023598028e+04 1.518141536656491357e-20
7.909745849287134463e-07 7.376728628988746816e-01 3.912581232410509256e+04 1.849360825682238609e-20
8.315287191035797356e-07 7.734442692723789703e-01 3.910631621758489928e+04 2.252843612395022488e-20
8.741621082001717898e-07 8.109503111168289147e-01 3.908682982583219564e+04 2.744355926343747727e-20
9.189813578979717484e-07 8.502751047840307885e-01 3.906735314399730123e+04 3.343103537687537320e-20
9.660985396665287929e-07 8.915068456169191746e-01 3.904788616725958855e+04 4.072482419798233565e-20
1.015631471002508262e-06 9.347380057466271319e-01 3.902842889077420841e+04 4.960992943412667361e-20
1.067704010034801725e-06 9.800655414846153324e-01 3.900898130969872727e+04 6.043353524359377560e-20
1.122446365234364056e-06 1.027591110771987504e+00 3.898954341921972082e+04 7.361857240474007168e-20
1.179995421003214005e-06 1.077421301169355861e+00 3.897011521449957218e+04 8.968024427276025945e-20
1.240495079956737545e-06 1.129667868906388373e+00 3.895069669070308737e+04 1.092461582737852074e-19
1.304096622755184042e-06 1.184447989523731426e+00 3.893128784302403801e+04 1.330808495713646001e-19
1.370959086384113674e-06 1.241884520664417568e+00 3.891188866663203225e+04 1.621156551633701523e-19
1.441249661829700436e-06 1.302106277613800378e+00 3.889249915670794144e+04 1.974851057360834037e-19
1.515144112143284134e-06 1.365248322198400865e+00 3.887311930843502341e+04 2.405712572810451480e-19
1.592827211940548929e-06 1.431452265694035386e+00 3.885374911699013319e+04 2.930576947260989306e-19
1.674493209434307728e-06 1.500866586425845250e+00 3.883438857757898950e+04 3.569953177651752998e-19
1.760346312156213177e-06 1.573646962762949242e+00 3.881503768538324221e+04 4.348824794563826795e-19
1.850601197581954108e-06 1.649956622267315431e+00 3.879569643559573888e+04 5.297626089945912758e-19
1.945483549936765273e-06 1.729966707769518441e+00 3.877636482340292423e+04 6.453431332516505863e-19
2.045230624523543909e-06 1.813856661200996978e+00 3.875704284402009944e+04 7.861403439280784135e-19
2.150091840984688092e-06 1.901814626031273603e+00 3.873773049263847497e+04 9.576558709742512533e-19
2.260329406981118614e-06 1.994037869228122650e+00 3.871842776446048811e+04 1.166591657958919141e-18
2.376218973848010330e-06 2.090733223675149244e+00 3.869913465468658251e+04 1.421111839511316540e-18
2.498050325866710336e-06 2.192117552046351836e+00 3.867985115853275784e+04 1.731161753662051860e-18
2.626128104876382668e-06 2.298418233169685632e+00 3.866057727119983610e+04 2.108856554437089400e-18
2.760772572037287162e-06 2.409873671982887267e+00 3.864131298790859728e+04 2.568954609692422963e-18
2.902320408650496801e-06 2.526733834209978102e+00 3.862205830386463640e+04 3.129434182127192647e-18
3.051125558036519890e-06 2.649260806973441351e+00 3.860281321428909723e+04 3.812195927213585424e-18
3.207560110577962700e-06 2.777729386587024063e+00 3.858357771440991928e+04 4.643918658034196703e-18
3.372015234139298021e-06 2.912427694848303439e+00 3.856435179943106778e+04 5.657101815905751060e-18
3.544902152190277809e-06 3.053657825229484590e+00 3.854513546458961355e+04 6.891335381201241680e-18
3.726653172078803499e-06 3.201736520387276741e+00 3.852592870510308421e+04 8.394846845898768905e-18
3.917722766024474580e-06 3.356995882540052101e+00 3.850673151620452700e+04 1.022638569562872370e-17
4.118588707535861475e-06 3.519784118285378405e+00 3.848754389312936837e+04 1.245751903703585482e-17
4.329753266093139866e-06 3.690466319534829065e+00 3.846836583110228094e+04 1.517542807175866943e-17
4.551744463083409039e-06 3.869425282326318438e+00 3.844919732536780066e+04 1.848631468886517046e-17
4.785117392129195949e-06 4.057062365330008191e+00 3.843003837115535134e+04 2.251955128775932745e-17
5.030455607111644826e-06 4.253798389999886354e+00 3.841088896371860028e+04 2.743273598537819327e-17
5.288372581359179674e-06 4.460074584356441108e+00 3.839174909828298405e+04 3.341785073897890800e-17
5.559513241650373021e-06 4.676353572559139415e+00 3.837261877010251919e+04 4.070876301247898889e-17
5.844555580866815540e-06 4.903120412446448029e+00 3.835349797442923591e+04 4.959036411260248309e-17
6.144212353328471540e-06 5.140883683392511116e+00 3.833438670650441782e+04 6.040970127404955526e-17
6.459232857050738118e-06 5.390176626926950654e+00 3.831528496158919006e+04 7.358953847836988554e-17
6.790404807379771878e-06 5.651558342648595357e+00 3.829619273492958746e+04 8.964487589321249621e-17
7.138556306691162195e-06 5.925615042149490641e+00 3.827711002178708441e+04 1.092030734269592587e-16
7.504557915077204533e-06 6.212961363734021525e+00 3.825803681742987101e+04 1.330283647233246761e-16
7.889324827200587103e-06 6.514241750883610571e+00 3.823897311710238864e+04 1.620517194764678270e-16
8.293819160757753291e-06 6.830131897594934109e+00 3.821991891608189326e+04 1.974072209329439777e-16
8.719052362274285227e-06 7.161340263769814030e+00 3.820087420962625765e+04 2.404763800245774307e-16
9.166087736248057605e-06 7.508609664119309635e+00 3.818183899300875055e+04 2.929421177018106336e-16
9.636043103964330830e-06 7.872718934100729093e+00 3.816281326150500536e+04 3.568545248180707230e-16
1.013009359863121538e-05 8.254484676638719876e+00 3.814379701037996711e+04 4.347109691230107990e-16
1.064947460382478790e-05 8.654763093566691268e+00 3.812479023491832049e+04 5.295536795344027808e-16
1.119548484259151579e-05 9.074451905851596223e+00 3.810579293038973265e+04 6.450886207773845058e-16
1.176948962493235138e-05 9.514492366967397530e+00 3.808680509208790318e+04 7.858303034029349611e-16
1.237292426178888029e-05 9.975871373858360869e+00 3.806782671527856292e+04 9.572781876106976735e-16
1.300729765406831334e-05 1.045962368032353140e+01 3.804885779526009719e+04 1.166131573836183834e-15
1.367419606568169201e-05 1.096683421767551359e+01 3.802989832731161732e+04 1.420551376911117432e-15
1.437528709002991615e-05 1.149864052797914127e+01 3.801094830672754324e+04 1.730479012591723272e-15
1.511232381985586521e-05 1.205623531525759873e+01 3.799200772880464501e+04 2.108024856892221523e-15
1.588714923088939049e-05 1.264086912041043043e+01 3.797307658882907708e+04 2.567941457214806082e-15
1.670170079024660794e-05 1.325385312586952047e+01 3.795415488210228796e+04 3.128199985935792788e-15
1.755801530110687162e-05 1.389656209623801253e+01 3.793524260393239092e+04 3.810692461278561254e-15
1.845823399578163895e-05 1.457043746150928420e+01 3.791633974960396154e+04 4.642087174645427709e-15
1.940460788991057802e-05 1.527699054986225846e+01 3.789744631443408434e+04 5.654870750126743310e-15
2.039950341117315543e-05 1.601780597714135013e+01 3.787856229372066446e+04 6.888617554467670302e-15
2.144540831659045798e-05 1.679454520076649260e+01 3.785968768277684285e+04 8.391536059538864059e-15
2.254493791321357228e-05 1.760895024594315927e+01 3.784082247691810335e+04 1.022235258116288557e-14
2.370084159775344190e-05 1.846284761256169560e+01 3.782196667144936509e+04 1.245260600111475132e-14
2.491600973150475266e-05 1.935815237159221169e+01 3.780312026169506862e+04 1.516944313824421577e-14
2.619348086775470484e-05 2.029687246006043111e+01 3.778428324296481151e+04 1.847902399736831538e-14
2.753644934974891994e-05 2.128111318436573285e+01 3.776545561058770545e+04 2.251066995560882413e-14
2.894827329821342076e-05 2.231308194190296845e+01 3.774663735987801192e+04 2.742191697583164344e-14
3.043248300840562692e-05 2.339509317172161218e+01 3.772782848616949195e+04 3.340467130087409248e-14
3.199278977769132648e-05 2.452957354518002120e+01 3.770902898478537099e+04 4.069270816124638727e-14
3.363309518572123809e-05 2.571906740835520466e+01 3.769023885105120280e+04 4.957080650731210990e-14
3.535750085041236633e-05 2.696624248836843663e+01 3.767145808030557964e+04 6.038587670421549242e-14
3.717031868412924126e-05 2.827389587638529633e+01 3.765268666788299015e+04 7.356051600248316962e-14
3.907608167571078754e-05 2.964496030077215138e+01 3.763392460911811213e+04 8.960952146238914142e-14
4.107955522530357004e-05 3.108251070444679698e+01 3.761517189934581256e+04 1.091600055720859843e-13
4.318574906034433776e-05 3.258977114120120433e+01 3.759642853391396056e+04 1.329759005743662534e-13
4.539992976248807967e-05 3.417012200638989583e+01 3.757769450816421886e+04 1.619878090047057094e-13
4.772763393680535859e-05 3.582710761829962820e+01 3.755896981744267396e+04 1.973293668462156660e-13
5.017468205617894183e-05 3.756444416713497247e+01 3.754025445709776977e+04 2.403815401861333406e-13
5.274719301551768723e-05 3.938602804947213087e+01 3.752154842248022760e+04 2.928265862591551422e-13
5.545159943218107865e-05 4.129594460686836044e+01 3.750285170894311159e+04 3.567137873972939624e-13
5.829466373087315435e-05 4.329847728822684161e+01 3.748416431184180692e+04 4.345395264305277495e-13
6.128349505322671351e-05 4.539811725646504925e+01 3.746548622653398343e+04 5.293448324725442750e-13
6.442556703436033705e-05 4.759957346103148979e+01 3.744681744837966107e+04 6.448342086785630950e-13
6.772873649085907528e-05 4.990778319886094039e+01 3.742815797274113720e+04 7.855203851521007324e-13
7.120126306690828879e-05 5.232792318746174942e+01 3.740950779498516931e+04 9.569006531989995103e-13
7.485182988770643921e-05 5.486542117492949444e+01 3.739086691047444037e+04 1.165671671162633385e-12
7.868956527180084881e-05 5.752596811301188495e+01 3.737223531457819627e+04 1.419991135347625701e-12
8.272406555663884206e-05 6.031553092044409681e+01 3.735361300267223123e+04 1.729796540783183230e-12
8.696541909440986997e-05 6.324036586517823366e+01 3.733499997013040411e+04 2.107193487354610511e-12
9.142423147818073699e-05 6.630703259557270712e+01 3.731639621232462378e+04 2.566928704308092244e-12
9.611165206140254191e-05 6.952240885202118648e+01 3.729780172463548661e+04 3.126966276491695657e-12
1.010394018371016720e-04 7.289370589191945271e+01 3.727921650244375633e+04 3.809189588283460818e-12
1.062198027464676133e-04 7.642848466265702712e+01 3.726064054113251041e+04 4.640256413563437824e-12
1.116658084901241013e-04 8.013467275886615937e+01 3.724207383608711098e+04 5.652640564241277345e-12
1.173910369191279803e-04 8.402058220196693128e+01 3.722351638269522664e+04 6.885900799600069917e-12
1.234098040866900780e-04 8.809492808188224444e+01 3.720496817634683975e+04 8.388226578899277038e-12
1.297371600457651012e-04 9.236684810272983270e+01 3.718642921243421006e+04 1.021832105728837544e-11
1.363889264820232711e-04 9.684592307633003827e+01 3.716789948635188921e+04 1.244769490281518668e-11
1.433817362763056455e-04 1.015421984094938068e+02 3.714937899349779764e+04 1.516346056508598269e-11
1.507330750954898936e-04 1.064662066332438997e+02 3.713086772926792764e+04 1.847173618120166065e-11
1.584613251157653230e-04 1.116289910246230477e+02 3.711236568906792672e+04 2.250179212610485763e-11
1.665858109876483387e-04 1.170421303738244205e+02 3.709387286829837103e+04 2.741110223313436921e-11
1.751268481576742783e-04 1.227177649524904979e+02 3.707538926236634870e+04 3.339149706052374431e-11
1.841057936675958640e-04 1.286686237411710749e+02 3.705691486668015568e+04 4.067665964176991265e-11
1.935450995581117185e-04 1.349080529771568990e+02 3.703844967665251170e+04 4.955125661522595988e-11
2.034683690106629794e-04 1.414500460865626223e+02 3.701999368768999557e+04 6.036206153039414721e-11
2.139004153676812446e-04 1.483092750681232133e+02 3.700154689521512773e+04 7.353150497257265535e-11
2.248673241788693637e-04 1.555011233985069055e+02 3.698310929464118090e+04 8.957418097472792348e-11
2.363965184286629729e-04 1.630417205335994311e+02 3.696468088138893654e+04 1.091169547024244891e-10
2.485168271079757005e-04 1.709479780826602280e+02 3.694626165088094422e+04 1.329234571164039224e-10
2.612585573016925852e-04 1.792376277366732893e+02 3.692785159853994264e+04 1.619239237381584441e-10
2.746535699721688829e-04 1.879292610359920559e+02 3.690945071979408385e+04 1.972515434638517741e-10
2.887353596282311993e-04 1.970423710663111478e+02 3.689105901007223292e+04 2.402867377509319066e-10
3.035391380788964293e-04 2.065973961766231639e+02 3.687267646480449184e+04 2.927111003801330265e-10
3.191019224812350285e-04 2.166157658171723881e+02 3.685430307942480431e+04 3.565731054809982547e-10
3.354626279025451924e-04 2.271199486001528669e+02 3.683593884936885297e+04 4.343681513521196139e-10
3.526621646282911485e-04 2.381335026910049919e+02 3.681758377007513627e+04 5.291360677764813999e-10
3.707435404591257876e-04 2.496811286432586883e+02 3.679923783698285115e+04 6.445798969155519913e-10
3.897519682527942697e-04 2.617887247955325734e+02 3.678090104553503625e+04 7.852105891280393058e-10
4.097349789798286580e-04 2.744834453547784960e+02 3.676257339117660740e+04 9.565232676804708010e-10
4.307425405757319271e-04 2.877937612961526384e+02 3.674425486935448862e+04 1.165211949867034390e-09
4.528271828868440083e-04 3.017495242160542830e+02 3.672594547551812866e+04 1.419431114734263298e-09
4.760441290223192071e-04 3.163820332815211600e+02 3.670764520511873707e+04 1.729114338130183388e-09
5.004514334406633081e-04 3.317241054261952513e+02 3.668935405361055018e+04 2.106362445695120594e-09
5.261101271161193775e-04 3.478076890527724458e+02 3.667094233760749194e+04 2.565898203295565983e-09
5.530843701478924991e-04 3.646666326462642473e+02 3.665231624439396546e+04 3.125650700616567682e-09
5.814416121938181326e-04 3.823332212378186910e+02 3.663324247356006526e+04 3.807418574338586828e-09
6.112527611296385451e-04 4.008474943396863068e+02 3.661380465476948302e+04 4.637799120773028468e-09
6.425923603556274889e-04 4.202364360139757196e+02 3.659342475409579492e+04 5.648987810147851003e-09
6.755387751939181127e-04 4.405548511116713826e+02 3.657270889737054677e+04 6.880517329980821025e-09
7.101743888426273075e-04 4.618149765493087671e+02 3.655039482477144338e+04 8.379792994779183178e-09
7.465858083767621441e-04 4.840913527365441382e+02 3.652772794706854620e+04 1.020555845998558661e-08
7.848640813110194670e-04 5.073864937429249835e+02 3.650306899026646715e+04 1.242775046577161240e-08
8.251049232659968648e-04 5.317805508848674663e+02 3.647766946206062858e+04 1.513318161051573097e-08
8.674089573071004124e-04 5.572879631410016827e+02 3.645034315307596989e+04 1.842559960399250016e-08
9.118819655546198935e-04 5.839715153268981567e+02 3.642156076921855129e+04 2.243250652811502823e-08
9.586351536941296880e-04 6.118750263576874886e+02 3.639108594511019328e+04 2.730819775142496891e-08
1.007785429048626679e-03 6.410272756252024919e+02 3.635823874208804773e+04 3.323923290921191394e-08
1.059455692907732439e-03 6.715196252524733609e+02 3.632410046465195046e+04 4.045548064687811032e-08
1.113775147844932919e-03 7.033253960044381756e+02 3.628645935186158022e+04 4.922878616830570626e-08
1.170879620791311689e-03 7.366057812449918174e+02 3.624807408212410519e+04 5.990211044002340337e-08
1.230911902673626282e-03 7.712546448477713739e+02 3.620488750615747995e+04 7.287003284254183329e-08
1.294022105466001958e-03 8.074861050696258644e+02 3.616069475350902212e+04 8.864013378389402380e-08
1.360368037548055848e-03 8.452100137247045950e+02 3.611207841702645237e+04 1.077963736304495585e-07
1.430115598308045934e-03 8.845820181320651727e+02 3.606119814407494414e+04 1.310755824690433772e-07
1.503439192977754080e-03 9.255869535023365415e+02 3.600647794387404429e+04 1.593474383778460235e-07
1.580522168736409397e-03 9.682837929926191691e+02 3.594796349486945837e+04 1.936755049227176645e-07
1.661557273174137529e-03 1.012774935304165638e+03 3.588643885771970963e+04 2.353581008869167387e-07
1.746747136261333697e-03 1.058970178532917998e+03 3.581926644293437130e+04 2.859197193571482080e-07
1.836304777029133936e-03 1.107145465936529718e+03 3.575016875908360089e+04 3.473035614259341107e-07
1.930454136227949345e-03 1.156994515055671400e+03 3.567322181506497145e+04 4.216771067213033324e-07
2.029430636295988157e-03 1.208974285109788298e+03 3.559476638063146675e+04 5.119292672139194349e-07
2.133481770037976965e-03 1.262674383645589614e+03 3.550783809392117837e+04 6.211956955240799620e-07
2.242867719486086112e-03 1.318535969594631297e+03 3.541811696544626466e+04 7.536561057551977337e-07
2.357862006490532136e-03 1.376275715765408904e+03 3.532101142891036579e+04 9.139677240165819141e-07
2.478752176666675511e-03 1.436101176829131873e+03 3.521874351542313525e+04 1.108037918523863546e-06
2.605840518408833982e-03 1.497994559406997496e+03 3.511053019153985952e+04 1.342839145538059781e-06
2.739444818768723561e-03 1.561816112312826135e+03 3.499436763032706222e+04 1.626626443253752981e-06
2.879899158088616417e-03 1.627935032363056735e+03 3.487407249040951865e+04 1.969877277376019131e-06
3.027554745376210416e-03 1.695721476190036810e+03 3.474260050794225390e+04 2.383970046238715418e-06
3.182780796510085389e-03 1.766070388442756894e+03 3.460907544663662702e+04 2.884685389645777424e-06
3.345965457471714814e-03 1.837727996332809425e+03 3.446097334563610639e+04 3.487513118552688158e-06
3.517516774912597243e-03 1.911937584433014536e+03 3.431031539473656449e+04 4.215533076118281207e-06
3.697863716483424691e-03 1.987586519602824410e+03 3.414694123832556215e+04 5.091538189106901294e-06
3.887457243476651579e-03 2.065410194340767703e+03 3.397761373999661009e+04 6.147144915861553171e-06
4.086771438464619106e-03 2.144856355534541763e+03 3.379790288881881133e+04 7.416679629266553832e-06
4.296304690752923532e-03 2.225925652244026423e+03 3.360832790711145935e+04 8.942647955976800237e-06
4.516580942613284376e-03 2.308870135590344944e+03 3.341121450957074558e+04 1.077703165379186723e-05
4.748150999412126434e-03 2.392673963965234179e+03 3.319977973128480517e+04 1.297559698762999356e-05
4.991593906910903912e-03 2.478696457275038028e+03 3.298420677407686890e+04 1.561749381898767450e-05
5.247518399182111472e-03 2.564559542245744524e+03 3.274927541394835862e+04 1.877348740598248184e-05
5.516564420761540903e-03 2.652698328891525307e+03 3.251173639442432250e+04 2.256130439649076724e-05
5.799404726842954938e-03 2.740159040179671592e+03 3.225410898884430208e+04 2.707673432782192096e-05
6.096746565516493986e-03 2.829190450389074158e+03 3.199110097982070874e+04 3.248081136682277550e-05
6.409333446257287764e-03 2.917680449831077112e+03 3.171158055609365329e+04 3.891764780380678593e-05
6.737946999086424568e-03 3.006434536780310282e+03 3.142142179341170049e+04 4.659129504404511214e-05
7.083408929053131541e-03 3.094919115455418250e+03 3.111899331420461749e+04 5.572454179031774581e-05
7.446583070925409317e-03 3.181976726016966495e+03 3.079997173109185314e+04 6.656384087584766370e-05
7.828377549226901017e-03 3.269219221415215543e+03 3.047367077262343446e+04 7.945652930203436456e-05
8.229747049021221908e-03 3.352890496952485591e+03 3.012405038138238160e+04 9.467800310268491520e-05
8.651695203121895217e-03 3.437354870147229121e+03 2.977260232641635957e+04 1.127712157744870314e-04
9.095277101697147801e-03 3.515741392732242730e+03 2.939097566705345889e+04 1.340093147039259612e-04
9.561601930544914862e-03 3.594126377284580940e+03 2.900702203806884063e+04 1.591679343682454977e-04
1.005183574463506743e-02 3.666570571820297118e+03 2.859811631071267402e+04 1.886541907891931870e-04
1.056720438385422289e-02 3.736476964258185490e+03 2.817990270953294385e+04 2.233638517478918849e-04
1.110899653824396448e-02 3.800900497273386009e+03 2.774294212920665814e+04 2.639862177558968811e-04
1.167856697039719623e-02 3.859639938824762339e+03 2.728874684845697993e+04 3.114481225902379050e-04
1.227733990307029038e-02 3.913777341354356849e+03 2.682311334690866352e+04 3.669266132988648760e-04
1.290681258048182248e-02 3.958415029761501046e+03 2.633132550938177155e+04 4.311700607668529552e-04
1.356855901220299469e-02 3.999873966869666219e+03 2.583664648537891117e+04 5.061948817961716297e-04
1.426423390900143431e-02 4.027315038786275181e+03 2.530589618989776864e+04 5.921492976886355000e-04
1.499557682048000690e-02 4.051897335272510645e+03 2.477673452772355085e+04 6.921786824710574222e-04
1.576441648485692182e-02 4.060812562720094320e+03 2.421153107644109332e+04 8.059663376060704609e-04
1.657267540176381518e-02 4.066905734774763005e+03 2.365095958741759023e+04 9.378043388500901124e-04
1.742237463949622076e-02 4.065802757016219402e+03 2.308292267979604367e+04 1.089277692784478913e-03
1.831563888873704443e-02 4.051642774991702936e+03 2.249231455460450161e+04 1.261152553725506829e-03
1.925470177538994923e-02 4.022596083171427836e+03 2.187624199091751871e+04 1.454745675299677632e-03
2.024191144580758314e-02 3.979166781594800796e+03 2.123814138976147660e+04 1.671925659624875875e-03
2.127973643838054069e-02 3.928337920056929306e+03 2.059803477564186687e+04 1.917687476939005167e-03
2.237077185616915750e-02 3.851186708660434306e+03 1.990763114317745567e+04 2.184277133643638350e-03
2.351774585601286785e-02 3.769921906638252949e+03 1.922602072782089817e+04 2.484217927055161739e-03
2.472352647034336062e-02 3.673950667332532703e+03 1.852639077506481772e+04 2.812773943441960155e-03
2.599112877875953478e-02 3.576554135290639351e+03 1.784257342026926199e+04 3.181342923216134815e-03
2.732372244729698585e-02 3.465934791220105126e+03 1.714494971492065451e+04 3.581873483633474155e-03
2.872463965424410307e-02 3.349713659496687796e+03 1.645245815640012734e+04 4.021996709049102323e-03
3.019738342232343442e-02 3.222833792781386819e+03 1.575240387397733321e+04 4.495894459955579979e-03
3.174563637807315680e-02 3.091269512757094617e+03 1.505903872100955596e+04 5.010248215062719501e-03
3.337326996033158216e-02 2.957815884757485946e+03 1.437855735071462550e+04 5.569775371813650948e-03
3.508435410085083278e-02 2.836868231884678153e+03 1.374517452079106442e+04 6.206544588857295860e-03
3.688316740124613496e-02 2.723173018077516645e+03 1.314526134823299981e+04 6.921976546039767045e-03
3.877420783172848273e-02 2.594046514376070263e+03 1.252337593848346478e+04 7.660847543249566134e-03
4.076220397837305304e-02 2.468446159493320010e+03 1.192464060140023503e+04 8.469677845436961866e-03
4.285212686704739649e-02 2.341059429147241644e+03 1.133549838358103989e+04 9.332539647424580032e-03
4.504920239356542677e-02 2.225823322139456650e+03 1.078898713490894625e+04 1.030913592698998876e-02
4.735892439114896407e-02 2.129758795297194865e+03 1.030152384260280269e+04 1.146056872903383761e-02
4.978706836787243073e-02 2.042777088975134347e+03 9.847991881074905905e+03 1.277147036995131789e-02
5.233970594844135349e-02 1.964815942425052526e+03 9.427554685997001798e+03 1.427203714757275567e-02
5.502322005641668845e-02 1.899558704677158858e+03 9.048267144154073321e+03 1.603101373052495324e-02
5.784432087484844831e-02 1.841631421447212915e+03 8.696436767252642312e+03 1.805739735496173642e-02
6.081006262522850592e-02 1.781356780408893428e+03 8.348652256359546300e+03 2.029305919163242045e-02
6.392786120671870020e-02 1.722046435364100716e+03 8.012430515042831757e+03 2.279216820789095946e-02
6.720551273976151097e-02 1.647396460001271180e+03 7.649654884515805861e+03 2.533279355594187862e-02
7.065121306044198912e-02 1.572633759937805735e+03 7.295541063504933845e+03 2.809679108750379184e-02
7.427357821434696361e-02 1.487884236343623343e+03 6.926745180569145305e+03 3.088463283470834625e-02
7.808166600116696332e-02 1.395937172558344628e+03 6.549053028165993055e+03 3.366536633460973094e-02
8.208499862391337165e-02 1.291388579919142558e+03 6.148582044348821000e+03 3.618416758741767325e-02
8.629358649938589920e-02 1.184538167124007487e+03 5.748068857117586958e+03 3.856158493342724120e-02
9.071795328942874881e-02 1.079152749212895060e+03 5.355374227654199785e+03 4.081623208446586576e-02
9.536916221556676621e-02 9.852690951990263102e+02 4.994899158117552361e+03 4.329612433298399982e-02
1.002588437228218304e-01 9.002451220720408855e+02 4.660479626127123993e+03 4.596202034686180243e-02
1.053992245618834284e-01 8.389437004932310629e+02 4.391547301243658694e+03 4.976400481617941629e-02
1.108031583623540345e-01 7.848641426099534328e+02 4.146191254716074582e+03 5.409052126277457545e-02
1.164841577735182265e-01 7.484992606607921743e+02 3.952289111295870043e+03 5.993247685931173130e-02
1.224564282530043596e-01 7.125508900284920628e+02 3.764106410637691624e+03 6.628738853463150837e-02
1.287349035878279091e-01 6.752780991655140497e+02 3.576812809650817144e+03 7.298638606614865632e-02
1.353352832366376823e-01 6.293315616088576689e+02 3.370509588878396698e+03 7.902834373034639537e-02
1.422740715865399574e-01 5.753113251085438833e+02 3.145634093786898575e+03 8.393642406968077063e-02
1.495686192226629019e-01 5.180511683319715530e+02 2.913694413341101153e+03 8.781412324140663861e-02
1.572371663136570008e-01 4.626572954012985974e+02 2.687746535810987552e+03 9.111613703875230674e-02
1.652988882216175348e-01 4.229885990377871963e+02 2.508556373997903393e+03 9.678514800181393929e-02
1.737739434504778357e-01 3.887089303594198100e+02 2.347322298676254832e+03 1.033353101651766498e-01
1.826835240527691917e-01 3.666661777863639031e+02 2.225342292822443142e+03 1.132502717061428937e-01
1.920499086207905493e-01 3.436838364088095545e+02 2.103012629413439299e+03 1.233308376231235792e-01
2.018965179946938526e-01 3.136460835777023703e+02 1.961025280533622663e+03 1.307665345977218896e-01
2.122479738267836202e-01 2.839797264840373145e+02 1.821410589100871221e+03 1.375587607486498387e-01
2.231301601484726449e-01 2.537368385505984349e+02 1.680571065285095074e+03 1.428001339533753744e-01
2.345702880938428103e-01 2.311781768967133530e+02 1.565811462074426117e+03 1.511597264007506491e-01
2.465969639416541459e-01 2.139349581633289006e+02 1.470306441039407673e+03 1.625231351406369595e-01
2.592402606459418002e-01 1.956954939619189702e+02 1.372645293545042932e+03 1.727262852952320404e-01
2.725317930340656614e-01 1.782735910123246583e+02 1.278828627365574903e+03 1.828137226047699126e-01
2.865047968602461026e-01 1.604735739568033352e+02 1.184326744748108013e+03 1.911918946065984948e-01
3.011942119122611450e-01 1.445585399463372767e+02 1.097217136089708220e+03 2.001031278642703137e-01
3.166367693791155569e-01 1.323168494823696903e+02 1.024658652761849225e+03 2.127989339622217702e-01
3.328710836981453314e-01 1.204734733605575059e+02 9.543733042368953647e+02 2.251074665605876934e-01
3.499377491112247163e-01 1.082306563103294508e+02 8.829754806598326695e+02 2.349594586893527515e-01
3.678794411715154977e-01 9.770215238907753985e+01 8.188917473797737330e+02 2.464285063010463739e-01
3.867410234545784475e-01 8.868924314954173838e+01 7.615717643581776883e+02 2.598973996528923802e-01
4.065696597406806001e-01 8.002788632706989347e+01 7.061500005871714620e+02 2.724686276938689811e-01
4.274149319488126375e-01 7.197674987032064564e+01 6.536922520117601607e+02 2.847157958330120975e-01
4.493289641173122684e-01 6.488207426002784928e+01 6.058156875443286253e+02 2.981866720714407837e-01
4.723665527411103904e-01 5.851253285733694298e+01 5.615695257199993193e+02 3.124327652705596314e-01
4.965853037915104462e-01 5.262981345176356029e+01 5.198714041360747160e+02 3.265003698738058180e-01
5.220457767611225153e-01 4.732308106697136907e+01 4.811909505814407453e+02 3.410900351121292084e-01
5.488116360941387439e-01 4.249302235727217436e+01 4.450826722046917325e+02 3.558424971957914740e-01
5.769498103806052214e-01 3.814346278467406393e+01 4.116165851839004972e+02 3.711115585074389878e-01
6.065306597127584354e-01 3.422035823721307679e+01 3.805625194072501927e+02 3.868237116458251301e-01
6.376281516219051149e-01 3.067931601880889048e+01 3.517284556013238443e+02 4.029195881590135753e-01
6.703200460357783275e-01 2.748933398236217585e+01 3.249882867660633678e+02 4.194508689679689595e-01
7.046880897188601001e-01 2.460933197487204538e+01 3.001486835225736627e+02 4.362755531250454566e-01
7.408182206818726412e-01 2.202414696972140717e+01 2.771641207252566801e+02 4.536326673120684161e-01
7.788007830715680813e-01 1.968956553813290355e+01 2.558034861539136955e+02 4.711785711084531814e-01
8.187307530781540166e-01 1.759886500177543311e+01 2.360650280250580693e+02 4.893033956843455545e-01
8.607079764252394405e-01 1.571473623539869990e+01 2.177427993504900599e+02 5.076271455166604385e-01
9.048374180361511421e-01 1.402833867054231476e+01 2.008141475099515390e+02 5.264876113925714973e-01
9.512294245009160765e-01 1.251390595279691809e+01 1.851350122642515998e+02 5.456560482111803001e-01
1.000000000000213163e+00 1.115775009571121501e+01 1.706402040553259383e+02 5.652582232417953101e-01
1.051271096376248826e+00 9.943211449497841414e+00 1.572379290450581379e+02 5.852495741089094317e-01
1.105170918075884856e+00 8.855338440911022957e+00 1.448429930551949951e+02 6.055691850839749479e-01
1.161834242728533306e+00 7.883792579875038342e+00 1.334023358981897900e+02 6.263801196296316931e-01
1.221402758160433644e+00 7.013712471034888374e+00 1.228204683851821812e+02 6.474331105208100956e-01
1.284025416688019838e+00 6.238655909683934020e+00 1.130689131688457536e+02 6.690863244221055828e-01
1.349858807576296504e+00 5.544335243624905374e+00 1.040455171897158948e+02 6.908516116927980732e-01
1.419067548593566874e+00 4.926502893678120998e+00 9.573460155991179477e+01 7.132112863974577888e-01
1.491824697641596753e+00 4.374584490427196215e+00 8.805801641351003184e+01 7.358011226374280289e-01
1.568312185490513100e+00 3.883331005805365166e+00 8.098482162967079034e+01 7.588784492870482845e-01
1.648721270700491237e+00 3.445509588532374323e+00 7.446103818467123858e+01 7.822857957192470568e-01
1.733253017867778301e+00 3.055721220539802108e+00 6.844790367211142268e+01 8.060646661324385454e-01
1.822118800390913007e+00 2.709087391068234485e+00 6.290942634582013682e+01 8.302776383038708019e-01
1.915540829014322100e+00 2.400491942983221438e+00 5.780365159872475544e+01 8.547611039556864965e-01
2.013752707470925607e+00 2.126644397339591208e+00 5.310721381534100516e+01 8.797991685654553695e-01
2.117000016613148627e+00 1.882775827795154289e+00 4.877601518121966251e+01 9.049643211252723640e-01
2.225540928492967474e+00 1.666660864493775929e+00 4.479520825305674947e+01 9.307311584855454401e-01
2.339646851926517890e+00 1.474459794771885823e+00 4.112683979632104325e+01 9.566523057872541314e-01
2.459603111157505406e+00 1.304177827344276119e+00 3.775532465719405195e+01 9.831101330809967065e-01
2.585709659316432152e+00 1.153010611794783147e+00 3.465192661575949984e+01 1.009817369902945572e+00
2.718281828459663263e+00 1.019067400017542591e+00 3.179897483932187185e+01 1.036947128702744747e+00
2.857651118063815776e+00 9.003810912653384957e-01 2.917600189813155964e+01 1.064447491478121233e+00
3.004166023947120401e+00 7.952018536641639601e-01 2.676407377845916713e+01 1.092243409729239501e+00
3.158192909690492378e+00 7.021568336239381036e-01 2.454887083646246637e+01 1.120521898476306788e+00
3.320116922737311960e+00 6.196969486395188520e-01 2.251153281295705000e+01 1.148972810290823654e+00
3.490342957462647444e+00 5.468626769953717215e-01 2.064217526953714099e+01 1.178020505499874915e+00
3.669296667620093988e+00 4.823211651187742643e-01 1.892280047389180098e+01 1.207132821336122097e+00
3.857425530697870641e+00 4.253520493587591433e-01 1.734572456181681943e+01 1.236834071058825257e+00
4.055199966845619564e+00 3.749452660610352872e-01 1.589655618165109985e+01 1.266703462401777669e+00
4.263114515169814212e+00 3.304470233383756117e-01 1.456702833085672211e+01 1.297039192557566611e+00
4.481689070339116121e+00 2.911339123377690297e-01 1.334649942268051248e+01 1.327664136673471162e+00
4.711470182591849465e+00 2.564262916174158136e-01 1.222652894900216047e+01 1.358632976589170482e+00
4.953032424396282885e+00 2.258059484480265111e-01 1.119929087952258406e+01 1.390013923512708693e+00
5.206979827181080545e+00 1.987698605576235789e-01 1.025649642399086936e+01 1.421603478343171023e+00
5.473947391728498424e+00 1.749482299796944751e-01 9.392462586114273648e+00 1.453723026470266078e+00
5.754602676007100293e+00 1.539145108976754384e-01 8.599345764421682858e+00 1.485921462069375698e+00
6.049647464414390718e+00 1.353981869674513450e-01 7.872868248321601037e+00 1.518704606525085543e+00
6.359819522603354258e+00 1.190603380396853539e-01 7.206278556901717813e+00 1.551571325355531439e+00
6.685894442280875261e+00 1.046809108607002631e-01 6.595719340564611954e+00 1.584952673299214077e+00
7.028687580590986528e+00 9.200921045928021902e-02 6.035941247681601673e+00 1.618543149949475790e+00
7.389056098932435646e+00 8.087142860846416315e-02 5.523671469978799209e+00 1.652845521750047064e+00
7.767901106308653603e+00 7.108188335197568319e-02 5.054877981122988473e+00 1.687874876152960946e+00
8.166169912569634093e+00 6.247736966940438397e-02 4.625870952484452125e+00 1.723646620364074122e+00
8.584858397179985445e+00 5.491443862677204690e-02 4.233273710849402960e+00 1.760176488119773008e+00
9.025013499436326470e+00 4.826700588789753499e-02 3.873996160948649514e+00 1.797480546607180596e+00
9.487735836360851494e+00 4.242424971720600013e-02 3.545210463613902352e+00 1.835575203531198962e+00
9.974182454817173138e+00 3.728876343082002109e-02 3.244328778126509327e+00 1.874477214331070840e+00
1.048556972473016025e+01 3.277493149479977080e-02 2.968982893571407988e+00 1.914203689550310949e+00
1.102317638064432792e+01 2.880750219785898139e-02 2.717005588875554878e+00 1.954772102362170250e+00
1.158834671922626214e+01 2.532033310310174284e-02 2.486413574818919781e+00 1.996200296255401740e+00
1.218249396070650370e+01 2.225528836372532224e-02 2.275391883754726674e+00 2.038506492882052434e+00
1.280710378266622662e+01 1.956126951947233933e-02 2.082279584173382325e+00 2.081709300072564162e+00
1.346373803500505772e+01 1.719336361586350573e-02 1.905556707669347594e+00 2.125827720019532130e+00
1.415403864537935341e+01 1.511209444422981739e-02 1.743832285415758188e+00 2.170881157636145531e+00
1.487973172487657614e+01 1.328276441967505411e-02 1.595833399981952061e+00 2.216889429090927344e+00
1.564263188419211659e+01 1.167487612519189054e-02 1.460395166322297600e+00 2.263872770523519318e+00
1.644464677110120832e+01 1.026162387828494747e-02 1.336451563077713178e+00 2.311851846945434996e+00
1.728778184057202338e+01 9.019446843823386573e-03 1.223027042023713040e+00 2.360847761329463168e+00
1.817414536944768244e+01 7.927636242905666125e-03 1.119228849623722155e+00 2.410882063891201632e+00
1.910595372823652127e+01 6.967990109378841349e-03 1.024240000251551930e+00 2.461976761567640004e+00
2.008553692319280515e+01 6.124509838332880748e-03 9.373128457758879151e-01 2.514154327696910052e+00
2.111534442254602695e+01 5.383133467619272312e-03 8.577631908934760796e-01 2.567437711902878394e+00
2.219795128144734164e+01 4.731501245835452625e-03 7.849649078933976787e-01 2.621850350188977163e+00
2.333606458094873304e+01 4.158749578475784414e-03 7.183450084658445922e-01 2.677416175246050578e+00
2.453253019711569394e+01 3.655329917052490933e-03 6.573791337661775147e-01 2.734159626979812518e+00
2.579033991719975205e+01 3.212849571816842834e-03 6.015874272365372422e-01 2.792105663259327741e+00
2.711263892066493852e+01 2.823931794218782331e-03 5.505307577009319608e-01 2.851279770894789234e+00
2.850273364377471097e+01 2.482092796485791363e-03 5.038072630058143542e-01 2.911707976847464074e+00
2.996410004740484823e+01 2.181633658071940787e-03 4.610491870016565352e-01 2.973416859678169821e+00
3.150039230875619012e+01 1.917545316907870055e-03 4.219199849693893722e-01 3.036433561235887257e+00
3.311545195870102276e+01 1.685425061531596819e-03 3.861116747092976920e-01 3.100785798597233356e+00
3.481331748761120082e+01 1.481403131905969280e-03 3.533424124425837975e-01 3.166501876256885506e+00
3.659823444368765877e+01 1.302078205260909097e-03 3.233542744459743101e-01 3.233610698576597553e+00
3.847466604904231957e+01 1.144460691421697379e-03 2.959112269588344279e-01 3.302141782498714928e+00
4.044730436007814234e+01 1.005922892278943463e-03 2.707972683840703110e-01 3.372125270529220842e+00
4.252108200007410943e+01 8.841551944906831826e-04 2.478147291602346425e-01 3.443591943995166993e+00
4.470118449331276622e+01 7.771275650897875326e-04 2.267827159233312684e-01 3.516573236582837492e+00
4.699306323159186860e+01 6.830557080765382785e-04 2.075356877125247856e-01 3.591101248164631610e+00
4.940244910554343960e+01 6.003713177798058759e-04 1.899221530130758562e-01 3.667208758917177125e+00
5.193536683484541783e+01 5.276959330705581095e-04 1.738034773811255873e-01 3.744929243738438274e+00
5.459815003315897997e+01 4.638179565423284668e-04 1.590527922653354742e-01 3.824296886973725940e+00
5.739745704546173499e+01 4.076724555356992592e-04 1.455539964365855088e-01 3.905346597447417967e+00
6.034028759737834946e+01 3.583234082644664144e-04 1.332008421664087061e-01 3.988114023820808818e+00
6.343400029814058882e+01 3.149480990604404678e-04 1.218960989612608153e-01 4.072635570269947713e+00
6.668633104094334385e+01 2.768234025854189834e-04 1.115507882706148618e-01 4.158948412496893177e+00
7.010541234670704114e+01 2.433137283494816853e-04 1.020834831453538427e-01 4.247090514083464718e+00
7.369979369961600923e+01 2.138604245537279911e-04 9.341966733401284306e-02 4.337100643186011517e+00
7.747846292528217305e+01 1.879724646058828820e-04 8.549114877252876610e-02 4.429018389588728510e+00
8.145086866499057976e+01 1.652182610398631086e-04 7.823552285104369564e-02 4.522884182117418383e+00
8.562694400222423496e+01 1.452184703662040392e-04 7.159568123317207322e-02 4.618739306418651047e+00
9.001713130054676526e+01 1.276396689008436251e-04 6.551936236179636830e-02 4.716625923122972353e+00
9.463240831495036787e+01 1.121887941391609835e-04 5.995874011332887055e-02 4.816587086385434979e+00
9.948431564196151555e+01 9.860825900587351313e-05 5.487004736288223633e-02 4.918666762822851091e+00
1.045849855771433994e+02 8.667165752854160798e-05 5.021323149743191216e-02 5.022909850853298330e+00
1.099471724521542768e+02 7.617999034237310767e-05 4.595163916553229866e-02 5.129362200443638997e+00
1.155842845272200918e+02 6.695834710040364079e-05 4.205172778229090275e-02 5.238070633273935073e+00
1.215104175187690743e+02 5.885299048041946917e-05 3.848280151891317336e-02 5.349082963334844898e+00
1.277403898460648861e+02 5.172879317487316322e-05 3.521676969876327140e-02 5.462448017955374269e+00
1.342897796849734675e+02 4.546698513509731920e-05 3.222792569834876525e-02 5.578215659281371863e+00
1.411749639215168770e+02 3.996317351318145355e-05 2.949274461293660901e-02 5.696436806202425096e+00
1.484131591026187778e+02 3.512560229140879035e-05 2.698969809429953987e-02 5.817163456753416284e+00
1.560224644864394463e+02 3.087362258472752685e-05 2.469908490313346347e-02 5.940448710979208791e+00
1.640219072999485945e+02 2.713634811430830682e-05 2.260287584250938661e-02 6.066346794297829526e+00
1.724314903169036768e+02 2.385147343691354624e-05 2.068457185177253674e-02 6.194913081342196648e+00
1.812722418752032070e+02 2.096423522853107892e-05 1.892907414402678415e-02 6.326204120319856017e+00
1.905662684586848457e+02 1.842649930536762671e-05 1.732256536503554850e-02 6.460277657889255565e+00
2.003368099748494728e+02 1.619595816157539094e-05 1.585240083813707970e-02 6.597192664550478369e+00
2.106082978667353416e+02 1.423542564566403811e-05 1.450700903921368391e-02 6.737009360586653450e+00
2.214064162042512862e+02 1.251221701683893884e-05 1.327580051833859853e-02 6.879789242555802709e+00
2.327581659077297047e+02 1.099760404594042311e-05 1.214908455121858737e-02 7.025595110328652027e+00
2.446919322642916654e+02 9.666336076854136264e-06 1.111799286444370254e-02 7.174491094721779483e+00
2.572375559058498879e+02 8.496219063750859427e-06 1.017440983414916525e-02 7.326542685697151391e+00
2.704264074262317763e+02 7.467745566190559543e-06 9.310908608719007176e-03 7.481816761167492835e+00
2.842914658240042627e+02 6.563769533590507396e-06 8.520692652751531496e-03 7.640381616415893085e+00
2.988674009671481713e+02 5.769220457262224199e-06 7.797542252178399878e-03 7.802306994132187867e+00
3.141906602857868620e+02 5.070852124553826977e-06 7.135765559490008653e-03 7.967664115085653975e+00
3.302995599097462787e+02 4.457021786491840583e-06 6.530153793751930849e-03 8.136525709455867172e+00
3.472343804788374655e+02 3.917496057333900140e-06 5.975940242787406396e-03 8.308966048818485106e+00
3.650374678654371792e+02 3.443280310125654021e-06 5.468762744843352203e-03 8.485060978814658483e+00
3.837533390612260860e+02 3.026468724046793698e-06 5.004629354431923936e-03 8.664887952506759916e+00
4.034287934928555046e+02 2.660112483639242023e-06 4.579886922112316218e-03 8.848526064451892381e+00
4.241130300448911044e+02 2.338103932609466015e-06 4.191192340899406628e-03 9.036056085483892275e+00
4.458577700826506316e+02 2.055074750900636280e-06 3.835486232989807932e-03 9.227560498240938713e+00
4.687173867825576963e+02 1.806306457504574766e-06 3.509968869693404995e-03 9.423123533449928146e+00
4.927490410934046849e+02 1.587651746971219558e-06 3.212078135036194187e-03 9.622831206971257600e+00
5.180128246684984106e+02 1.395465348190240530e-06 2.939469359589238270e-03 9.826771357620788905e+00
5.445719101260938260e+02 1.226543252772446840e-06 2.689996865803856180e-03 1.003503368582531508e+01
5.724927090138447738e+02 1.078069299874050985e-06 2.461697079586691941e-03 1.024770979306196317e+01
6.018450378722650385e+02 9.475682269691259482e-07 2.252773075196022601e-03 1.046489322214423545e+01
6.327022928124463306e+02 8.328644038619906411e-07 2.061580431813527566e-03 1.068667949838288500e+01
6.651416330445650829e+02 7.320455619741554783e-07 1.886614290463709291e-03 1.091316617158657110e+01
6.992441738160994191e+02 6.434309142294147100e-07 1.726497509413607665e-03 1.114445285897114957e+01
7.350951892421985576e+02 5.655431340496560428e-07 1.579969824822224271e-03 1.138064128897485183e+01
7.727843255353874383e+02 4.970837263139432508e-07 1.445877931325115912e-03 1.162183534601011381e+01
8.124058251677936369e+02 4.369113796800427167e-07 1.323166404477668342e-03 1.186814111614679135e+01
8.540587625264155349e+02 3.840229393735820690e-07 1.210869393610233867e-03 1.211966693376724713e+01
8.978472916506958654e+02 3.375366832357169096e-07 1.108103019711187149e-03 1.237652342923583504e+01
9.438809066718714575e+02 2.966776222161066757e-07 1.014058418498962454e-03 1.263882357754236807e+01
9.922747156053346771e+02 2.607645802524420278e-07 9.279953739286804807e-04 1.290668274798649406e+01
1.043149728180628472e+03 2.291988381405999331e-07 8.492364920236699201e-04 1.318021875494852146e+01
1.096633158428801380e+03 2.014541520713875338e-07 7.771618691712750548e-04 1.345955190968164672e+01
1.152858742783748994e+03 1.770679804314774597e-07 7.112042129213184917e-04 1.374480507323733391e+01
1.211967074492957408e+03 1.556337726063432903e-07 6.508443768817468713e-04 1.403610371051043870e+01
1.274105955173854682e+03 1.367941912290534107e-07 5.956072745669698052e-04 1.433357594541902280e+01
1.339430764394840480e+03 1.202351548808111856e-07 5.450581400375660275e-04 1.463735261725273062e+01
1.408104848205140797e+03 1.056806019270670659e-07 4.987991058994469462e-04 1.494756733823077965e+01
1.480299927585014302e+03 9.288788819492649610e-08 4.564660717276036099e-04 1.526435655226456412e+01
1.556196527837648091e+03 8.164374176508506382e-08 4.177258382664814323e-04 1.558785959496569440e+01
1.635984429996447261e+03 7.176070743922833830e-08 3.822734848507306133e-04 1.591821875494092531e+01
1.719863145376471039e+03 6.307402160713739720e-08 3.498299694037566095e-04 1.625557933636947894e+01
1.808042414456641382e+03 5.543886541346060862e-08 3.201399321243204843e-04 1.660008972291661067e+01
1.900742731340188357e+03 4.872795043060403696e-08 2.929696855739371045e-04 1.695190144299056811e+01
1.998195895104759757e+03 4.282939658773450956e-08 2.681053753455401125e-04 1.731116923640001204e+01
2.100645589420852957e+03 3.764486697798333520e-08 2.453512968359334266e-04 1.767805112241626375e+01
2.208347991887921125e+03 3.308792844855860080e-08 2.245283548734796849e-04 1.805270846925859374e+01
2.321572414611807289e+03 2.908261064270696912e-08 2.054726540773417953e-04 1.843530606509365555e+01
2.440601977625289692e+03 2.556213947059422619e-08 1.880342088524734922e-04 1.882601219048867591e+01
2.565734316835632853e+03 2.246782389455026764e-08 1.720757628675345457e-04 1.922499869245479687e+01
2.697282328269386653e+03 1.974807746969809356e-08 1.574717087233591173e-04 1.963244106001470612e+01
2.835574950475434889e+03 1.735755832783177431e-08 1.441070993091621657e-04 2.004851850138922842e+01
2.980957987042702825e+03 1.525641326688383955e-08 1.318767430649119379e-04 2.047341402283766598e+01
3.133794971289250043e+03 1.340961334387613275e-08 1.206843760285517735e-04 2.090731450912818090e+01
3.294468075284922634e+03 1.178636989484933914e-08 1.104419041515801659e-04 2.135041080573132533e+01
3.463379065480592999e+03 1.035962124603051475e-08 1.010687099193677193e-04 2.180289780280837775e+01
3.640950307333554974e+03 9.105581558922752994e-09 9.249101781823983669e-05 2.226497452086451645e+01
3.827625821441170956e+03 8.003344288090026395e-09 8.464131365561884375e-05 2.273684419833835690e+01
4.023872393823642142e+03 7.034533640625690363e-09 7.745781316222071888e-05 2.321871438096924578e+01
4.230180743132199495e+03 6.182998226721959772e-09 7.088397569401251434e-05 2.371079701309434284e+01
4.447066747701334862e+03 5.434541794049766309e-09 6.486805920618067837e-05 2.421330853084197798e+01
4.675072735513344924e+03 4.776686556958393560e-09 5.936271299653517674e-05 2.472646995738276487e+01
4.914768840300775992e+03 4.198465174821942333e-09 5.432460501259522265e-05 2.525050700009533955e+01
5.166754427177720572e+03 3.690237911572916880e-09 4.971408078917150073e-05 2.578565014984466686e+01
5.431659591364801599e+03 3.243531928209366954e-09 4.549485133190113564e-05 2.633213478238976180e+01
5.710146733755425885e+03 2.850900029052411336e-09 4.163370749002397598e-05 2.689020126188732718e+01
6.002912217263044113e+03 2.505796506877565381e-09 3.810025857035022139e-05 2.746009504662531242e+01
6.310688108091153481e+03 2.202468017078806719e-09 3.486669313500477009e-05 2.804206679695305837e+01
6.634244006280128815e+03 1.935857661602674319e-09 3.190756010030805718e-05 2.863637248559322401e+01
6.974388970108182548e+03 1.701520683581631940e-09 2.919956841369514004e-05 2.924327351017246812e+01
7.331973539158482708e+03 1.495550367199294105e-09 2.672140373208085868e-05 2.986303680819874629e+01
7.707891861111141225e+03 1.314512907431628579e-09 2.445356065872432262e-05 3.049593497450325685e+01
8.103083927578147268e+03 1.155390163850289144e-09 2.237818921810856671e-05 3.114224638111882726e+01
8.518537924572025076e+03 1.015529344120056830e-09 2.047895436048458032e-05 3.180225529968900844e+01
8.955292703485578386e+03 8.925987783489348237e-10 1.874090739028549872e-05 3.247625202657229693e+01
9.414440378761499232e+03 7.845490469803897387e-10 1.715036830635071924e-05 3.316453301045461188e+01
9.897129058747319505e+03 6.895788141862767947e-10 1.569481812796214839e-05 3.386740098278117017e+01
1.040456571656430970e+04 6.061047971502169843e-10 1.436280035913673068e-05 3.458516509087149871e+01
1.093801920816896018e+04 5.327353705929733302e-10 1.314383081565704083e-05 3.531814103394723503e+01
1.149882344515380282e+04 4.682473664870670055e-10 1.202831510504819506e-05 3.606665120192628393e+01
1.208838073022117533e+04 4.115656821847145316e-10 1.100747311004412040e-05 3.683102481726892563e+01
1.270816526367042752e+04 3.617453569957192818e-10 1.007326988112346107e-05 3.761159807977485059e+01
1.335972682966652428e+04 3.179558184087359542e-10 9.218352394190302480e-06 3.840871431444862338e+01
1.404469467150771925e+04 2.794670353189588213e-10 8.435991675625219342e-06 3.922272412249751738e+01
1.476478156558243427e+04 2.456373474177136380e-10 7.720029839178303951e-06 4.005398553552906549e+01
1.552178810420236550e+04 2.159027678436570164e-10 7.064831617842143366e-06 4.090286417308081468e+01
1.631760719802116000e+04 1.897675807549833128e-10 6.465240009197056420e-06 4.176973340335127460e+01
1.715422880929701932e+04 1.667960770733834433e-10 5.916535685148309305e-06 4.265497450752310016e+01
1.803374492783486858e+04 1.466052906212195225e-10 5.414399846538849182e-06 4.355897684737119846e+01
1.895835480205053682e+04 1.288586135552580681e-10 4.954880230299002051e-06 4.448213803656523169e+01
1.993037043823734348e+04 1.132601846565799310e-10 4.534360001562790935e-06 4.542486411556647852e+01
2.095222238178608313e+04 9.954995692186160070e-11 4.149529285903066792e-06 4.638756973013681772e+01
2.202646579481454319e+04 8.749936222681711319e-11 3.797359117633089879e-06 4.737067831382745453e+01
2.315578684540369068e+04 7.690750078488392141e-11 3.475077599105608212e-06 4.837462227419268856e+01
2.434300942441707230e+04 6.759779187467926431e-11 3.180148083368883576e-06 4.939984318289157272e+01
2.559110220669883711e+04 5.941502999965609999e-11 2.910249208465930685e-06 5.044679197001555337e+01
2.690318607430719567e+04 5.222279740149865184e-11 2.663256626214831673e-06 5.151592912236999666e+01
2.828254192034512744e+04 4.590118979077130071e-11 2.437226281668465355e-06 5.260772488603549846e+01
2.973261885290210193e+04 4.034481737945874204e-11 2.230379111643168206e-06 5.372265947315319323e+01
3.125704281962085952e+04 3.546104789006492131e-11 2.041087041884399522e-06 5.486122327319692715e+01
3.285962567445517197e+04 3.116846224968387800e-11 1.867860172650266651e-06 5.602391706868112919e+01
3.454437470929026313e+04 2.739549722336118532e-11 1.709335051851398210e-06 5.721125225531009306e+01
3.631550267425979837e+04 2.407925235781562143e-11 1.564263943452526044e-06 5.842375106703273957e+01
3.817743831181556016e+04 2.116444134538083061e-11 1.431505006660550095e-06 5.966194680567947728e+01
4.013483743089039490e+04 1.860247032615096627e-11 1.310013308605451684e-06 6.092638407555280367e+01
4.219259454884566367e+04 1.635062776229131188e-11 1.198832599773055048e-06 6.221761902289656376e+01
4.435585513031406299e+04 1.437137237871620840e-11 1.097087787458351026e-06 6.353621958066204911e+01
4.663002845354139572e+04 1.263170729897021765e-11 1.003978047992664729e-06 6.488276571810918369e+01
4.902080113639969204e+04 1.110262994250729652e-11 9.187705235388258271e-07 6.625784969605511776e+01
5.153415135589398415e+04 9.758648512248923395e-12 8.407945538366746862e-07 6.766207632730004207e+01
5.417636379671867326e+04 8.577357011694847926e-12 7.694363975005548542e-07 6.909606324266090382e+01
5.695404536624281900e+04 7.539061706518647062e-12 7.041344013196769272e-07 7.056044116262965815e+01
5.987414171521994285e+04 6.626452803258684387e-12 6.443745795395159742e-07 7.205585417478589250e+01
6.294395460553275188e+04 5.824315871542484406e-12 5.896865683291885812e-07 7.358296001708973222e+01
6.617116016840114025e+04 5.119278198860720410e-12 5.396399235928120674e-07 7.514243036718087865e+01
6.956382809870861820e+04 4.499585849280204074e-12 4.938407329852717835e-07 7.673495113780752774e+01
7.313044183344273188e+04 3.954907709361931665e-12 4.519285154658985718e-07 7.836122277851580975e+01
7.687991976470644295e+04 3.476163254463991511e-12 4.135733839867869844e-07 8.002196058374954646e+01
8.082163754034375597e+04 3.055371164054214210e-12 3.784734489832164040e-07 8.171789500737384060e+01
8.496545150794286747e+04 2.685516262261309839e-12 3.463524422303254558e-07 8.344977198415838870e+01
8.932172336083906703e+04 2.360432565351116821e-12 3.169575423617549385e-07 8.521835325760785906e+01
9.390134604774527543e+04 2.074700486407977717e-12 2.900573849373814299e-07 8.702441671520776367e+01
9.871577101079767453e+04 1.823556483453793879e-12 2.654402413957638103e-07 8.886875673047551061e+01
1.037770368201258680e+05 1.602813644731773516e-12 2.429123525589675815e-07 9.075218451237570605e+01
1.090977992765488161e+05 1.408791887198731347e-12 2.222964035726417329e-07 9.267552846211935957e+01
1.146913630576689611e+05 1.238256604540914877e-12 2.034301282778143165e-07 9.463963453754456623e+01
1.205717149864963576e+05 1.088364741890766101e-12 1.861650320294089939e-07 9.664536662511632414e+01
1.267535590057915979e+05 9.566173982412334059e-13 1.703652229092682846e-07 9.869360692002398139e+01
1.332523529455816897e+05 8.408181663695141462e-13 1.559063421337881821e-07 1.007852563141178592e+02
1.400843471757866791e+05 7.390365157447320282e-13 1.426745852378740646e-07 1.029212347921751842e+02
1.472666252406089625e+05 6.495756079609799134e-13 1.305658063309011140e-07 1.051024818365437312e+02
1.548171465762921434e+05 5.709440081356168512e-13 1.194846983743885666e-07 1.073299568403631383e+02
1.627547914190663723e+05 5.018308206634798549e-13 1.093440430294450226e-07 1.096046395295639257e+02
1.710994080155731353e+05 4.410838348055754451e-13 1.000640241695295511e-07 1.119275303936871211e+02
1.798718622538203781e+05 3.876903157712941084e-13 9.157159965544594865e-08 1.142996511260868573e+02
1.890940898387710622e+05 3.407601210529476383e-13 8.379992642761103639e-08 1.167220450732116603e+02
1.987891511430313694e+05 2.995108605408628021e-13 7.668783439075134488e-08 1.191957776935283988e+02
2.089812888697938761e+05 2.632548530171738352e-13 7.017934494993675632e-08 1.217219370261238822e+02
2.196959886722229712e+05 2.313876615759169258e-13 6.422323040847104358e-08 1.243016341694295193e+02
2.309600428808625729e+05 2.033780168377058260e-13 5.877261075948344416e-08 1.269360037695102505e+02
2.428016174984180834e+05 1.787589599684720928e-13 5.378458469803988618e-08 1.296262045196803285e+02
2.552503226294341730e+05 1.571200578404178243e-13 4.921989194896965835e-08 1.323734196697157017e+02
2.683372865209793090e+05 1.381005605544481356e-13 4.504260425304607157e-08 1.351788575464625524e+02
2.820952333994774381e+05 1.213833872491532842e-13 4.121984257909355990e-08 1.380437520852788964e+02
2.965585652983192704e+05 1.066898399320316069e-13 3.772151833628385624e-08 1.409693633727617623e+02
3.117634480808650260e+05 9.377495720531190349e-14 3.452009654972465233e-08 1.439569782010115091e+02
3.277479018739408348e+05 8.242343042653611161e-14 3.159037913529465892e-08 1.470079106334808330e+02
3.445518961379595567e+05 7.244601422108873970e-14 2.890930656796266237e-08 1.501235025831457790e+02
3.622174496113909991e+05 6.367637150458213315e-14 2.645577638245884464e-08 1.533051244025989774e+02
3.807887353794944938e+05 5.596830041768202397e-14 2.421047707779703103e-08 1.565541754868098110e+02
4.003121913300411543e+05 4.919329694245839925e-14 2.215573611829838684e-08 1.598720848885967314e+02
4.208366362722213962e+05 4.323841256586459627e-14 2.027538083476913103e-08 1.632603119473599236e+02
4.424133920090965694e+05 3.800437127445926590e-14 1.855461113094788380e-08 1.667203469306262207e+02
4.650964116688389913e+05 3.340391448845354437e-14 1.697988299338280617e-08 1.702537116897351552e+02
4.889424146156553179e+05 2.936034634262720794e-14 1.553880188780014717e-08 1.738619603292495697e+02
5.140110282777408138e+05 2.580625506202264713e-14 1.422002520290617405e-08 1.775466798903988206e+02
5.403649372469085502e+05 2.268238911606880942e-14 1.301317297378136833e-08 1.813094910491100507e+02
5.680700400227193022e+05 1.993666941508808332e-14 1.190874618217859831e-08 1.851520488290461515e+02
5.971956137930564582e+05 1.752332108106016509e-14 1.089805199064587874e-08 1.890760433291378035e+02
6.278144876631795196e+05 1.540211031826305575e-14 9.973135322050601409e-09 1.930832004673646054e+02
6.600032247664229944e+05 1.353767366121033575e-14 9.126716245923312459e-09 1.971752827397151577e+02
6.938423137119094608e+05 1.189892841762304431e-14 8.352132678818871007e-09 2.013540899952108418e+02
7.294163698479967425e+05 1.045855447775081428e-14 7.643287947707287933e-09 2.056214602280422810e+02
7.668143468447235646e+05 9.192538850980174158e-15 6.994602803629757742e-09 2.099792703853136118e+02
8.061297591243179049e+05 8.079775336695595546e-15 6.400971507979360283e-09 2.144294371933261232e+02
8.474609156959623797e+05 7.101712655202303672e-15 5.857721645708337196e-09 2.189739179998676093e+02
8.909111659795242595e+05 6.242045172717283269e-15 5.360577349208008575e-09 2.236147116358010862e+02
9.365891582329371013e+05 5.486441064288368451e-15 4.905625643360557890e-09 2.283538592940453498e+02
9.846091112294379855e+05 4.822303382781361509e-15 4.489285646878269764e-09 2.331934454265365844e+02
1.035091099863994634e+06 4.238560050702586325e-15 4.108280387551027245e-09 2.381355986630177881e+02
1.088161355403086869e+06 3.725479273561865624e-15 3.759611009483783213e-09 2.431824927444426407e+02
1.143952581128624268e+06 3.274507297698296091e-15 3.440533169418625377e-09 2.483363474822885735e+02
1.202604284165272489e+06 2.878125807532193074e-15 3.148535436246374240e-09 2.535994297318476924e+02
1.264263124320930336e+06 2.529726585069166153e-15 2.881319523793105009e-09 2.589740543919518245e+02
1.329083280812643003e+06 2.223501341900295807e-15 2.636782201215691988e-09 2.644625854211162732e+02
1.397226837794951163e+06 1.954344887155065470e-15 2.412998738679816033e-09 2.700674368781977819e+02
1.468864189654704416e+06 1.717770017033872446e-15 2.208207757996547998e-09 2.757910739844483032e+02
1.544174467085782439e+06 1.509832707017522837e-15 2.020797368979503515e-09 2.816360142069411836e+02
1.623345985009134281e+06 1.327066359626619661e-15 1.849292482415867022e-09 2.876048283668550312e+02
1.706576713458170416e+06 1.166424011525550492e-15 1.692343199776676493e-09 2.937001417692002860e+02
1.794074772606963990e+06 1.025227536508534318e-15 1.548714188298041740e-09 2.999246353584143776e+02
1.886058953179090517e+06 9.011229974952293539e-16 1.417274957794177702e-09 3.062810468973120805e+02
1.982759263538399944e+06 7.920414031982255123e-16 1.296990962675006170e-09 3.127721721701279307e+02
2.084417504829733167e+06 6.961642152345477593e-16 1.186915459142742183e-09 3.194008662147228392e+02
2.191287875607731752e+06 6.118930306114316081e-16 1.086182053455362443e-09 3.261700445752334190e+02
2.303637607465630397e+06 5.378229341832800723e-16 9.939978826298383092e-10 3.330826845869918884e+02
2.421747633253435604e+06 4.727190768045493829e-16 9.096373738913509850e-10 3.401418266850891428e+02
2.545913289556382690e+06 4.154960887154887761e-16 8.324365337582165538e-10 3.473505757405852137e+02
2.676445055190230254e+06 3.651999849574156128e-16 7.617877218165341096e-10 3.547121024289205593e+02
2.813669327560023405e+06 3.209922611426590090e-16 6.971348680361797876e-10 3.622296446208915768e+02
2.957929238823618274e+06 2.821359144514516473e-16 6.379690960012596571e-10 3.699065088106129338e+02
3.109585513900805730e+06 2.479831567897869117e-16 5.838247175885975893e-10 3.777460715659429979e+02
