# [1] k:    [h/Mpc] 
# [2] P:    [Mpc^3/h^3] 
# [3] T:    [Mpc^3/h^3] 
# [4] Delta_k 
3.059023205018257859e-07 6.908555348752903891e-01 3.949809060980226059e+04 1.001857179218666432e-21
3.215862678579245412e-07 7.243566643407963745e-01 3.947840899972231273e+04 1.220436550504521784e-21
3.380743483904743061e-07 7.594823384745360562e-01 3.945873719685390097e+04 1.486704297482456310e-21
3.554077908890640533e-07 7.963113350792196954e-01 3.943907519630118622e+04 1.811064792544177869e-21
3.736299379885273404e-07 8.349262520696651979e-01 3.941942299317973811e+04 2.206192373525317293e-21
3.927863545481053003e-07 8.754136927178532979e-01 3.939978058259861427e+04 2.687526591559183358e-21
4.129249415873286729e-07 9.178644598832346180e-01 3.938014795969618717e+04 3.273875509232884195e-21
4.340960560635169786e-07 9.623737596577319753e-01 3.936052511958635296e+04 3.988150622813603375e-21
4.563526367904018199e-07 1.009041414889468635e+00 3.934091205738548888e+04 4.858262125540705259e-21
4.797503368127355169e-07 1.057972089061025134e+00 3.932130876823921426e+04 5.918209494259906427e-21
5.043476625678916271e-07 1.109275521019881472e+00 3.930171524726874486e+04 7.209410013884323619e-21
5.302061201824328858e-07 1.163066771095502716e+00 3.928213148959774117e+04 8.782317151611965460e-21
5.573903692694645323e-07 1.219466479151561256e+00 3.926255749037909118e+04 1.069839201862474036e-20
5.859683846113473662e-07 1.278601135146862244e+00 3.924299324474127934e+04 1.303250495379406901e-20
6.160116261320592563e-07 1.340603362821636724e+00 3.922343874782418425e+04 1.587586107098916815e-20
6.475952175842278093e-07 1.405612217137159670e+00 3.920389399476116523e+04 1.933956408524984848e-20
6.807981343976415384e-07 1.473773496142577688e+00 3.918435898071476549e+04 2.355895767386884157e-20
7.157034011589609116e-07 1.545240067958490338e+00 3.916483370082319016e+04 2.869891401029338602e-20
7.523982992164306405e-07 1.620172213623089386e+00 3.914531815023598028e+04 3.496027611967572226e-20
7.909745849287134463e-07 1.698737986560451940e+00 3.912581232410509256e+04 4.258770579003780441e-20
8.315287191035797356e-07 1.781113589480919801e+00 3.910631621758489928e+04 5.187924369504861515e-20
8.741621082001717898e-07 1.867483769558192286e+00 3.908682982583219564e+04 6.319795528877285929e-20
9.189813578979717484e-07 1.958042232768578028e+00 3.906735314399730123e+04 7.698611753395851579e-20
9.660985396665287929e-07 2.052992078326940639e+00 3.904788616725958855e+04 9.378250080834624200e-20
1.015631471002508262e-06 2.152546254180471852e+00 3.902842889077420841e+04 1.142434212764137256e-19
1.067704010034801725e-06 2.256928034598294719e+00 3.900898130969872727e+04 1.391683863454062119e-19
1.122446365234364056e-06 2.366371520921089822e+00 3.898954341921972082e+04 1.695313352979161141e-19
1.179995421003214005e-06 2.481122166583858757e+00 3.897011521449957218e+04 2.065186958233575916e-19
1.240495079956737545e-06 2.601437327607300176e+00 3.895069669070308737e+04 2.515757435025975342e-19
1.304096622755184042e-06 2.727586839784489570e+00 3.893128784302403801e+04 3.064630757355176975e-19
1.370959086384113674e-06 2.859853623845816095e+00 3.891188866663203225e+04 3.733254068204814317e-19
1.441249661829700436e-06 2.998534319981647212e+00 3.889249915670794144e+04 4.547753723452086695e-19
1.515144112143284134e-06 3.143939953128354059e+00 3.887311930843502341e+04 5.539956175315365294e-19
1.592827211940548929e-06 3.296396630515377790e+00 3.885374911699013319e+04 6.748631586211759577e-19
1.674493209434307728e-06 3.456246273045308737e+00 3.883438857757898950e+04 8.221008767067211737e-19
1.760346312156213177e-06 3.623847382125219063e+00 3.881503768538324221e+04 1.001462063602337935e-18
1.850601197581954108e-06 3.799575843698478117e+00 3.879569643559573888e+04 1.219955230862072609e-18
1.945483549936765273e-06 3.983825771256372050e+00 3.877636482340292423e+04 1.486117966319719436e-18
2.045230624523543909e-06 4.177010389739994167e+00 3.875704284402009944e+04 1.810350539059203097e-18
2.150091840984688092e-06 4.379562962286263961e+00 3.873773049263847497e+04 2.205322288369997259e-18
2.260329406981118614e-06 4.591937761932061157e+00 3.871842776446048811e+04 2.686466676287400630e-18
2.376218973848010330e-06 4.814611090428367213e+00 3.869913465468658251e+04 3.272584347812198120e-18
2.498050325866710336e-06 5.048082346466276071e+00 3.867985115853275784e+04 3.986577763305188909e-18
2.626128104876382668e-06 5.292875145691440686e+00 3.866057727119983610e+04 4.856346108695567176e-18
2.760772572037287162e-06 5.549538495047569242e+00 3.864131298790859728e+04 5.915875452005528294e-18
2.902320408650496801e-06 5.818648024047539558e+00 3.862205830386463640e+04 7.206566743867004262e-18
3.051125558036519890e-06 6.100807275770056215e+00 3.860281321428909723e+04 8.778853553484340200e-18
3.207560110577962700e-06 6.396649060448769575e+00 3.858357771440991928e+04 1.069417275280867790e-17
3.372015234139298021e-06 6.706836874691616046e+00 3.856435179943106778e+04 1.302736515310391084e-17
3.544902152190277809e-06 7.032066389550815089e+00 3.854513546458961355e+04 1.586959989848427644e-17
3.726653172078803499e-06 7.373067010715498526e+00 3.852592870510308421e+04 1.933193688655504104e-17
3.917722766024474580e-06 7.730603514392227815e+00 3.850673151620452700e+04 2.354966641732676906e-17
4.118588707535861475e-06 8.105477762495960192e+00 3.848754389312936837e+04 2.868759564144872266e-17
4.329753266093139866e-06 8.498530501013123128e+00 3.846836583110228094e+04 3.494648837495086466e-17
4.551744463083409039e-06 8.910643245590303962e+00 3.844919732536780066e+04 4.257090991537624392e-17
4.785117392129195949e-06 9.342740258530660924e+00 3.843003837115535134e+04 5.185878339414703046e-17
5.030455607111644826e-06 9.795790621693377886e+00 3.841088896371860028e+04 6.317303107845806254e-17
5.288372581359179674e-06 1.027081040986829308e+01 3.839174909828298405e+04 7.695575550444619971e-17
5.559513241650373021e-06 1.076886496959682127e+01 3.837261877010251919e+04 9.374551456783778921e-17
5.844555580866815540e-06 1.129107130845417295e+01 3.835349797442923591e+04 1.141983655931101601e-16
6.144212353328471540e-06 1.183860060020244909e+01 3.833438670650441782e+04 1.391135006752513194e-16
6.459232857050738118e-06 1.241268081144844082e+01 3.831528496158919006e+04 1.694644749915328645e-16
6.790404807379771878e-06 1.301459945563418152e+01 3.829619273492958746e+04 2.064372483242252787e-16
7.138556306691162195e-06 1.364570648061548930e+01 3.827711002178708441e+04 2.514765262619622181e-16
7.504557915077204533e-06 1.430741729624159397e+01 3.825803681742987101e+04 3.063422118545638288e-16
7.889324827200587103e-06 1.500121594873019326e+01 3.823897311710238864e+04 3.731781735609969291e-16
8.293819160757753291e-06 1.572865844904112365e+01 3.821991891608189326e+04 4.545960165896658142e-16
8.719052362274285227e-06 1.649137626256739253e+01 3.820087420962625765e+04 5.537771309804805653e-16
9.166087736248057605e-06 1.729107996811719516e+01 3.818183899300875055e+04 6.745970039455645385e-16
9.636043103964330830e-06 1.812956309428992085e+01 3.816281326150500536e+04 8.217766539522790476e-16
1.013009359863121538e-05 1.900870614188450958e+01 3.814379701037996711e+04 1.001067103813202987e-15
1.064947460382478790e-05 1.993048080140460598e+01 3.812479023491832049e+04 1.219474101043724040e-15
1.119548484259151579e-05 2.089695437501706721e+01 3.810579293038973265e+04 1.485531866396804412e-15
1.176948962493235138e-05 2.191029441301635572e+01 3.808680509208790318e+04 1.809636567265033227e-15
1.237292426178888029e-05 2.297277357502215622e+01 3.806782671527856292e+04 2.204452546362626748e-15
1.300729765406831334e-05 2.408677472703589473e+01 3.804885779526009719e+04 2.685407179028387339e-15
1.367419606568169201e-05 2.525479628553216926e+01 3.802989832731161732e+04 3.271293695604597669e-15
1.437528709002991615e-05 2.647945782080294919e+01 3.801094830672754324e+04 3.985005524106131117e-15
1.511232381985586521e-05 2.776350593196121253e+01 3.799200772880464501e+04 4.854430847495305215e-15
1.588714923088939049e-05 2.910982040683250105e+01 3.797307658882907708e+04 5.913542330256802445e-15
1.670170079024660794e-05 3.052142068061142766e+01 3.795415488210228796e+04 7.203724595187544775e-15
1.755801530110687162e-05 3.200147260766433277e+01 3.793524260393239092e+04 8.775391321343601850e-15
1.845823399578163895e-05 3.355329556167008320e+01 3.791633974960396154e+04 1.068995515099535624e-14
1.940460788991057802e-05 3.518036988021029998e+01 3.789744631443408434e+04 1.302222737946481060e-14
2.039950341117315543e-05 3.688634467017831042e+01 3.787856229372066446e+04 1.586334119527675775e-14
2.144540831659045798e-05 3.867504599184314884e+01 3.785968768277684285e+04 1.932431269589042570e-14
2.254493791321357228e-05 4.055048543969191854e+01 3.784082247691810335e+04 2.354037882510028980e-14
2.370084159775344190e-05 4.251686913936950418e+01 3.782196667144936509e+04 2.867628173637209921e-14
2.491600973150475266e-05 4.457860718099512809e+01 3.780312026169506862e+04 3.493270606788863225e-14
2.619348086775470484e-05 4.674032350977778805e+01 3.778428324296481151e+04 4.255412066472491593e-14
2.753644934974891994e-05 4.900686629640920700e+01 3.776545561058770545e+04 5.183833116246820749e-14
2.894827329821342076e-05 5.138331881017398928e+01 3.774663735987801192e+04 6.314811669781880837e-14
3.043248300840562692e-05 5.387501081949478277e+01 3.772782848616949195e+04 7.692540544919001557e-14
3.199278977769132648e-05 5.648753054514623528e+01 3.770902898478537099e+04 9.370854291410231442e-14
3.363309518572123809e-05 5.922673719322003194e+01 3.769023885105120280e+04 1.141533276790108870e-13
3.535750085041236633e-05 6.209877409584427710e+01 3.767145808030557964e+04 1.390586366510669569e-13
3.717031868412924126e-05 6.511008248903813467e+01 3.765268666788299015e+04 1.693976410537103250e-13
3.907608167571078754e-05 6.826741595874837287e+01 3.763392460911811213e+04 2.063558329466874703e-13
4.107955522530357004e-05 7.157785558739470844e+01 3.761517189934581256e+04 2.513773481509703906e-13
4.318574906034433776e-05 7.504882583495472659e+01 3.759642853391396056e+04 3.062213956401551864e-13
4.539992976248807967e-05 7.868811119003729004e+01 3.757769450816421886e+04 3.730309983677904925e-13
4.772763393680535859e-05 8.250387362851681416e+01 3.755896981744267396e+04 4.544167315689136465e-13
5.017468205617894183e-05 8.650467091872569370e+01 3.754025445709776977e+04 5.535587305969153505e-13
5.274719301551768723e-05 9.069947581431610217e+01 3.752154842248022760e+04 6.743309542368793372e-13
5.545159943218107865e-05 9.509769617782501427e+01 3.750285170894311159e+04 8.214525590657429595e-13
5.829466373087315435e-05 9.970919608007740464e+01 3.748416431184180692e+04 1.000672299789780944e-12
6.128349505322671351e-05 1.045443179227468136e+02 3.746548622653398343e+04 1.218993160975019685e-12
6.442556703436033705e-05 1.096139056336870254e+02 3.744681744837966107e+04 1.484945997621838333e-12
6.772873649085907528e-05 1.149293289870565502e+02 3.742815797274113720e+04 1.808922877048279309e-12
7.120126306690828879e-05 1.205025091027981148e+02 3.740950779498516931e+04 2.203583147366628099e-12
7.485182988770643921e-05 1.263459451825703610e+02 3.739086691047444037e+04 2.684348099616657606e-12
7.868956527180084881e-05 1.324727425422927070e+02 3.737223531457819627e+04 3.270003552407758004e-12
8.272406555663884206e-05 1.388966420039853062e+02 3.735361300267223123e+04 3.983433904972171707e-12
8.696541909440986997e-05 1.456320507128189377e+02 3.733499997013040411e+04 4.852516341641251780e-12
9.142423147818073699e-05 1.526940744486119570e+02 3.731639621232462378e+04 5.911210128653384826e-12
9.611165206140254191e-05 1.600985515042662826e+02 3.729780172463548661e+04 7.200883567406138213e-12
1.010394018371016720e-04 1.678620882069023139e+02 3.727921650244375633e+04 8.771930454644853825e-12
1.062198027464676133e-04 1.760020961615700514e+02 3.726064054113251041e+04 1.068573921253437123e-11
1.116658084901241013e-04 1.845368313009752228e+02 3.724207383608711098e+04 1.301709163207423394e-11
1.173910369191279803e-04 1.934854348288159827e+02 3.722351638269522664e+04 1.585708496039823520e-11
1.234098040866900780e-04 2.028679761485541064e+02 3.720496817634683975e+04 1.931669151208245335e-11
1.297371600457651012e-04 2.127054978738947568e+02 3.718642921243421006e+04 2.353109489574100258e-11
1.363889264820232711e-04 2.230200630219283937e+02 3.716789948635188921e+04 2.866497229331570746e-11
1.433817362763056455e-04 2.338348044947834126e+02 3.714937899349779764e+04 3.491892919633431324e-11
1.507330750954898936e-04 2.451739769606776917e+02 3.713086772926792764e+04 4.253733803548095335e-11
1.584613251157653230e-04 2.570630112510165191e+02 3.711236568906792672e+04 5.181788699680196802e-11
1.665858109876483387e-04 2.695285713949771207e+02 3.709387286829837103e+04 6.312321214302395172e-11
1.751268481576742783e-04 2.825986144201843331e+02 3.707538926236634870e+04 7.689506736349812540e-11
1.841057936675958640e-04 2.963024530530209972e+02 3.705691486668015568e+04 9.367158584134839594e-11
1.935450995581117185e-04 3.106708214595432196e+02 3.703844967665251170e+04 1.141083075271384157e-10
2.034683690106629794e-04 3.257359441740922534e+02 3.701999368768999557e+04 1.390037942643376017e-10
2.139004153676812446e-04 3.415316083709608961e+02 3.700154689521512773e+04 1.693308334740678148e-10
2.248673241788693637e-04 3.580932396398597461e+02 3.698310929464118090e+04 2.062744496779336861e-10
2.363965184286629729e-04 3.754579814366398978e+02 3.696468088138893654e+04 2.512782091540971086e-10
2.485168271079757005e-04 3.936647783863618884e+02 3.694626165088094422e+04 3.061006270736701932e-10
2.612585573016925852e-04 4.127544636259830213e+02 3.692785159853994264e+04 3.728838812180027982e-10
2.746535699721688829e-04 4.327698503826334218e+02 3.690945071979408385e+04 4.542375172552073538e-10
2.887353596282311993e-04 4.537558279925083298e+02 3.689105901007223292e+04 5.533404163467987870e-10
3.035391380788964293e-04 4.757594625760556823e+02 3.687267646480449184e+04 6.740650094536657460e-10
3.191019224812350285e-04 4.988301025951639645e+02 3.685430307942480431e+04 8.211285919967979327e-10
3.354626279025451924e-04 5.230194895289616852e+02 3.683593884936885297e+04 1.000277651470338001e-09
3.526621646282911485e-04 5.483818739165972147e+02 3.681758377007513627e+04 1.218512410581056275e-09
3.707435404591257876e-04 5.749741370270999141e+02 3.679923783698285115e+04 1.484360359903570574e-09
3.897519682527942697e-04 6.028559184294616671e+02 3.678090104553503625e+04 1.808209468299460198e-09
4.097349789798286580e-04 6.320897497486942029e+02 3.676257339117660740e+04 2.202714091246841553e-09
4.307425405757319271e-04 6.627411949081089233e+02 3.674425486935448862e+04 2.683289437888210929e-09
4.528271828868440083e-04 6.948789971722526388e+02 3.672594547551812866e+04 3.268713918022351843e-09
4.760441290223192071e-04 7.285752333202351565e+02 3.670764520511873707e+04 3.981862905658696903e-09
5.004514334406633081e-04 7.639054752953713887e+02 3.668935405361055018e+04 4.850602590835994159e-09
5.261101271161193775e-04 8.009432949585761889e+02 3.667094233760749194e+04 5.908837056112410944e-09
5.530843701478924991e-04 8.397666397445025268e+02 3.665231624439396546e+04 7.197854014842011516e-09
5.814416121938181326e-04 8.804498567134357927e+02 3.663324247356006526e+04 8.767852103909457738e-09
6.112527611296385451e-04 9.230851502066823286e+02 3.661380465476948302e+04 1.068008047569163956e-08
6.425923603556274889e-04 9.677346600339616316e+02 3.659342475409579492e+04 1.300867994656138598e-08
6.755387751939181127e-04 1.014524592657375251e+03 3.657270889737054677e+04 1.584468772471062318e-08
7.101743888426273075e-04 1.063483127661672597e+03 3.655039482477144338e+04 1.929727036969237451e-08
7.465858083767621441e-04 1.114781919220113195e+03 3.652772794706854620e+04 2.350170475556392977e-08
7.848640813110194670e-04 1.168426756816973466e+03 3.650306899026646715e+04 2.861904356998793891e-08
8.251049232659968648e-04 1.224602215611131214e+03 3.647766946206062858e+04 3.484920179695609252e-08
8.674089573071004124e-04 1.283341546170310039e+03 3.645034315307596989e+04 4.243109316703467661e-08
9.118819655546198935e-04 1.344789331488616426e+03 3.642156076921855129e+04 5.165833378135040140e-08
9.586351536941296880e-04 1.409046479243973863e+03 3.639108594511019328e+04 6.288624022652952048e-08
1.007785429048626679e-03 1.476179263592034886e+03 3.635823874208804773e+04 7.654442833252125057e-08
1.059455692907732439e-03 1.546398076315837443e+03 3.632410046465195046e+04 9.316224738069870007e-08
1.113775147844932919e-03 1.619641479571682794e+03 3.628645935186158022e+04 1.133657116892301745e-07
1.170879620791311689e-03 1.696280674882903440e+03 3.624807408212410519e+04 1.379446033567281884e-07
1.230911902673626282e-03 1.776071248392535836e+03 3.620488750615747995e+04 1.678075731091430829e-07
1.294022105466001958e-03 1.859506278855159280e+03 3.616069475350902212e+04 2.041234942556692978e-07
1.360368037548055848e-03 1.946378169983277985e+03 3.611207841702645237e+04 2.482371304535999304e-07
1.430115598308045934e-03 2.037045351680834756e+03 3.606119814407494414e+04 3.018452789163072092e-07
1.503439192977754080e-03 2.131472901958612965e+03 3.600647794387404429e+04 3.669506636990880649e-07
1.580522168736409397e-03 2.229796626194840883e+03 3.594796349486945837e+04 4.460024949075551894e-07
1.661557273174137529e-03 2.332252331577691166e+03 3.588643885771970963e+04 5.419905848917509918e-07
1.746747136261333697e-03 2.438632298115566755e+03 3.581926644293437130e+04 6.584255878276439196e-07
1.836304777029133936e-03 2.549571977263288318e+03 3.575016875908360089e+04 7.997823728305497463e-07
1.930454136227949345e-03 2.664366051427587081e+03 3.567322181506497145e+04 9.710522852032624240e-07
2.029430636295988157e-03 2.784066821734641962e+03 3.559476638063146675e+04 1.178888009016482488e-06
2.133481770037976965e-03 2.907729222580354872e+03 3.550783809392117837e+04 1.430510431043548231e-06
2.242867719486086112e-03 3.036369169654232337e+03 3.541811696544626466e+04 1.735544738108501767e-06
2.357862006490532136e-03 3.169334207529163905e+03 3.532101142891036579e+04 2.104715747812466373e-06
2.478752176666675511e-03 3.307102300113005185e+03 3.521874351542313525e+04 2.551627147227587337e-06
2.605840518408833982e-03 3.449632472212005723e+03 3.511053019153985952e+04 3.092335344154574950e-06
2.739444818768723561e-03 3.596602900073971796e+03 3.499436763032706222e+04 3.745850319395131434e-06
2.879899158088616417e-03 3.748863782598908983e+03 3.487407249040951865e+04 4.536299934893579162e-06
3.027554745376210416e-03 3.904964695204288546e+03 3.474260050794225390e+04 5.489886750684430735e-06
3.182780796510085389e-03 4.066966546658171410e+03 3.460907544663662702e+04 6.642950957162962833e-06
3.345965457471714814e-03 4.231982106632177420e+03 3.446097334563610639e+04 8.031163014228317895e-06
3.517516774912597243e-03 4.402874452837550052e+03 3.431031539473656449e+04 9.707671964321469945e-06
3.697863716483424691e-03 4.577081376094562074e+03 3.414694123832556215e+04 1.172496612911840656e-05
3.887457243476651579e-03 4.756296363089674742e+03 3.397761373999661009e+04 1.415585295686482941e-05
4.086771438464619106e-03 4.939247666701300659e+03 3.379790288881881133e+04 1.707938037855046901e-05
4.296304690752923532e-03 5.125936781606453224e+03 3.360832790711145935e+04 2.059343178703524531e-05
4.516580942613284376e-03 5.316944139640901994e+03 3.341121450957074558e+04 2.481771253007359184e-05
4.748150999412126434e-03 5.509930426434988476e+03 3.319977973128480517e+04 2.988064304624981238e-05
4.991593906910903912e-03 5.708025929785554581e+03 3.298420677407686890e+04 3.596449231022390850e-05
5.247518399182111472e-03 5.905754342228188762e+03 3.274927541394835862e+04 4.323222094877111530e-05
5.516564420761540903e-03 6.108723317359188513e+03 3.251173639442432250e+04 5.195493386331357424e-05
5.799404726842954938e-03 6.310130797651895591e+03 3.225410898884430208e+04 6.235321843604540602e-05
6.096746565516493986e-03 6.515155336477165292e+03 3.199110097982070874e+04 7.479790958596012243e-05
6.409333446257287764e-03 6.718933096298934288e+03 3.171158055609365329e+04 8.962087396316556270e-05
6.737946999086424568e-03 6.923319005752967314e+03 3.142142179341170049e+04 1.072920080363793982e-04
7.083408929053131541e-03 7.127084282449623061e+03 3.111899331420461749e+04 1.283243571559509186e-04
7.446583070925409317e-03 7.327563488772766505e+03 3.079997173109185314e+04 1.532854612311645558e-04
7.828377549226901017e-03 7.528468454143097006e+03 3.047367077262343446e+04 1.829751796415515417e-04
8.229747049021221908e-03 7.721149493785206687e+03 3.012405038138238160e+04 2.180277036763749051e-04
8.651695203121895217e-03 7.915656905503019516e+03 2.977260232641635957e+04 2.596933649882518296e-04
9.095277101697147801e-03 8.096168037532822382e+03 2.939097566705345889e+04 3.086011766054355524e-04
9.561601930544914862e-03 8.276675627729026019e+03 2.900702203806884063e+04 3.665372958023065358e-04
1.005183574463506743e-02 8.443502566000805018e+03 2.859811631071267402e+04 4.344392431057312438e-04
1.056720438385422289e-02 8.604485367877199678e+03 2.817990270953294385e+04 5.143698228202498498e-04
1.110899653824396448e-02 8.752842055869334217e+03 2.774294212920665814e+04 6.079163794477775726e-04
1.167856697039719623e-02 8.888109226035452593e+03 2.728874684845697993e+04 7.172132571176083110e-04
1.227733990307029038e-02 9.012778665289779383e+03 2.682311334690866352e+04 8.449709995312738387e-04
1.290681258048182248e-02 9.115571841971757749e+03 2.633132550938177155e+04 9.929129804421709012e-04
1.356855901220299469e-02 9.211044882787298775e+03 2.583664648537891117e+04 1.165682672574486906e-03
1.426423390900143431e-02 9.274237110129774010e+03 2.530589618989776864e+04 1.363621404948813605e-03
1.499557682048000690e-02 9.330846052844512087e+03 2.477673452772355085e+04 1.593972451121791973e-03
1.576441648485692182e-02 9.351376339758582617e+03 2.421153107644109332e+04 1.856006507003803195e-03
1.657267540176381518e-02 9.365407902187540458e+03 2.365095958741759023e+04 2.159607509628894660e-03
1.742237463949622076e-02 9.362867927747642170e+03 2.308292267979604367e+04 2.508425465692619340e-03
1.831563888873704443e-02 9.330259842831068454e+03 2.249231455460450161e+04 2.904224701234438093e-03
1.925470177538994923e-02 9.263370139738139187e+03 2.187624199091751871e+04 3.350037480984127680e-03
2.024191144580758314e-02 9.163359677067617667e+03 2.123814138976147660e+04 3.850166885018329373e-03
2.127973643838054069e-02 9.046309257768349198e+03 2.059803477564186687e+04 4.416115499526157388e-03
2.237077185616915750e-02 8.868642842071087216e+03 1.990763114317745567e+04 5.030027166126737649e-03
2.351774585601286785e-02 8.681503510927874231e+03 1.922602072782089817e+04 5.720740956905136058e-03
2.472352647034336062e-02 8.460497699238880159e+03 1.852639077506481772e+04 6.477350849745594843e-03
2.599112877875953478e-02 8.236209675292013344e+03 1.784257342026926199e+04 7.326103946273765551e-03
2.732372244729698585e-02 7.981471713151772747e+03 1.714494971492065451e+04 8.248459250338343457e-03
2.872463965424410307e-02 7.713833765181494527e+03 1.645245815640012734e+04 9.261989880762969488e-03
3.019738342232343442e-02 7.421650522230132083e+03 1.575240387397733321e+04 1.035329762935877952e-02
3.174563637807315680e-02 7.118679854075869116e+03 1.505903872100955596e+04 1.153776883099262227e-02
3.337326996033158216e-02 6.811358331583700419e+03 1.437855735071462550e+04 1.282626686784569744e-02
3.508435410085083278e-02 6.532835991053287216e+03 1.374517452079106442e+04 1.429264053030301559e-02
3.688316740124613496e-02 6.271014812183630966e+03 1.314526134823299981e+04 1.594016140790341721e-02
3.877420783172848273e-02 5.973657937691345978e+03 1.252337593848346478e+04 1.764165849862688734e-02
4.076220397837305304e-02 5.684421197808655052e+03 1.192464060140023503e+04 1.950426024001051736e-02
4.285212686704739649e-02 5.391070732166974267e+03 1.133549838358103989e+04 2.149128754426599466e-02
4.504920239356542677e-02 5.125701132385039273e+03 1.078898713490894625e+04 2.374022644532841966e-02
4.735892439114896407e-02 4.904480495005733246e+03 1.030152384260280269e+04 2.639178479616308831e-02
4.978706836787243073e-02 4.704176083529252537e+03 9.847991881074905905e+03 2.941057337585932865e-02
5.233970594844135349e-02 4.524644521801481460e+03 9.427554685997001798e+03 3.286612923906259698e-02
5.502322005641668845e-02 4.374367950389161706e+03 9.048267144154073321e+03 3.691675993081521001e-02
5.784432087484844831e-02 4.240971045839556609e+03 8.696436767252642312e+03 4.158318459045014931e-02
6.081006262522850592e-02 4.102168566437348090e+03 8.348652256359546300e+03 4.673154218643319618e-02
6.392786120671870020e-02 3.965586700422021295e+03 8.012430515042831757e+03 5.248657484656248789e-02
6.720551273976151097e-02 3.793680215552421032e+03 7.649654884515805861e+03 5.833721271792486479e-02
7.065121306044198912e-02 3.621514144434464470e+03 7.295541063504933845e+03 6.470223959877301201e-02
7.427357821434696361e-02 3.426350078744718758e+03 6.926745180569145305e+03 7.112217574483759019e-02
7.808166600116696332e-02 3.214611274376959500e+03 6.549053028165993055e+03 7.752574277890271481e-02
8.208499862391337165e-02 2.973853243696912614e+03 6.148582044348821000e+03 8.332612338654278583e-02
8.629358649938589920e-02 2.727794503808518584e+03 5.748068857117586958e+03 8.880092035779564574e-02
9.071795328942874881e-02 2.485109403625165214e+03 5.355374227654199785e+03 9.399299797701080039e-02
9.536916221556676621e-02 2.268910953862860424e+03 4.994899158117552361e+03 9.970377761526363902e-02
1.002588437228218304e-01 2.073114876518335677e+03 4.660479626127123993e+03 1.058428930074142849e-01
1.053992245618834284e-01 1.931947892203831316e+03 4.391547301243658694e+03 1.145982312707226197e-01
1.108031583623540345e-01 1.807411659554980133e+03 4.146191254716074582e+03 1.245614794894892990e-01
1.164841577735182265e-01 1.723669381031857256e+03 3.952289111295870043e+03 1.380145321728134533e-01
1.224564282530043596e-01 1.640886258838552749e+03 3.764106410637691624e+03 1.526488374415191362e-01
1.287349035878279091e-01 1.555053217000406676e+03 3.576812809650817144e+03 1.680755152427640953e-01
1.353352832366376823e-01 1.449245978285271121e+03 3.370509588878396698e+03 1.819891394433737208e-01
1.422740715865399574e-01 1.324846352920927984e+03 3.145634093786898575e+03 1.932916326390069495e-01
1.495686192226629019e-01 1.192985729703038487e+03 2.913694413341101153e+03 2.022213292765905335e-01
1.572371663136570008e-01 1.065422847966752215e+03 2.687746535810987552e+03 2.098253181879554119e-01
1.652988882216175348e-01 9.740724340106037289e+02 2.508556373997903393e+03 2.228801081274094098e-01
1.737739434504778357e-01 8.951320550439559156e+02 2.347322298676254832e+03 2.379640428153533271e-01
1.826835240527691917e-01 8.443712598358279138e+02 2.225342292822443142e+03 2.607965511697161731e-01
1.920499086207905493e-01 7.914467477902985593e+02 2.103012629413439299e+03 2.840104188751209624e-01
2.018965179946938526e-01 7.222747959245422180e+02 1.961025280533622663e+03 3.011335930388889803e-01
2.122479738267836202e-01 6.539581067083571497e+02 1.821410589100871221e+03 3.167749608540858519e-01
2.231301601484726449e-01 5.843137627996858328e+02 1.680571065285095074e+03 3.288449721184529828e-01
2.345702880938428103e-01 5.323649147333139808e+02 1.565811462074426117e+03 3.480957239852286444e-01
2.465969639416541459e-01 4.926566481747994999e+02 1.470306441039407673e+03 3.742637654764122135e-01
2.592402606459418002e-01 4.506541939003062112e+02 1.372645293545042932e+03 3.977599243049725897e-01
2.725317930340656614e-01 4.105344472929234598e+02 1.278828627365574903e+03 4.209896156852670490e-01
2.865047968602461026e-01 3.695439667500825749e+02 1.184326744748108013e+03 4.402831531776372209e-01
3.011942119122611450e-01 3.328942888363019961e+02 1.097217136089708220e+03 4.608042421362575358e-01
3.166367693791155569e-01 3.047037105233955572e+02 1.024658652761849225e+03 4.900405732706896167e-01
3.328710836981453314e-01 2.774303839322784029e+02 9.543733042368953647e+02 5.183850779085511506e-01
3.499377491112247163e-01 2.492372112784764511e+02 8.829754806598326695e+02 5.410725781734512241e-01
3.678794411715154977e-01 2.249918168059226673e+02 8.188917473797737330e+02 5.674838884270118067e-01
3.867410234545784475e-01 2.042365849617494291e+02 7.615717643581776883e+02 5.985005110038530418e-01
4.065696597406806001e-01 1.842909198986922377e+02 7.061500005871714620e+02 6.274499595805569374e-01
4.274149319488126375e-01 1.657504909064757044e+02 6.536922520117601607e+02 6.556531520688879677e-01
4.493289641173122684e-01 1.494126322598027912e+02 6.058156875443286253e+02 6.866743409039319790e-01
4.723665527411103904e-01 1.347446371607287858e+02 5.615695257199993193e+02 7.194807255421333814e-01
4.965853037915104462e-01 1.211977122009939194e+02 5.198714041360747160e+02 7.518760806125868168e-01
5.220457767611225153e-01 1.089771896089993248e+02 4.811909505814407453e+02 7.854736545482001731e-01
5.488116360941387439e-01 9.785436725758528098e+01 4.450826722046917325e+02 8.194461225583801189e-01
5.769498103806052214e-01 8.783805454988443273e+01 4.116165851839004972e+02 8.546082327209874041e-01
6.065306597127584354e-01 7.880379687930827970e+01 3.805625194072501927e+02 8.907907097094225346e-01
6.376281516219051149e-01 7.064936524578062915e+01 3.517284556013238443e+02 9.278568378471573341e-01
6.703200460357783275e-01 6.330336685773857397e+01 3.249882867660633678e+02 9.659256297047210671e-01
7.046880897188601001e-01 5.667120095120375822e+01 3.001486835225736627e+02 1.004670080703219615e+00
7.408182206818726412e-01 5.071794959628996224e+01 2.771641207252566801e+02 1.044640629559651313e+00
7.788007830715680813e-01 4.534179661572174069e+01 2.558034861539136955e+02 1.085045929505652040e+00
8.187307530781540166e-01 4.052726079875267118e+01 2.360650280250580693e+02 1.126784387778087648e+00
8.607079764252394405e-01 3.618842543149013835e+01 2.177427993504900599e+02 1.168980937850516044e+00
9.048374180361511421e-01 3.230493215425770615e+01 2.008141475099515390e+02 1.212413455757887393e+00
9.512294245009160765e-01 2.881744533575891509e+01 1.851350122642515998e+02 1.256555179555064239e+00
1.000000000000213163e+00 2.569444381842676606e+01 1.706402040553259383e+02 1.301695730358106928e+00
1.051271096376248826e+00 2.289756319798404505e+01 1.572379290450581379e+02 1.347732488423423414e+00
1.105170918075884856e+00 2.039237248651066992e+01 1.448429930551949951e+02 1.394525174953640034e+00
1.161834242728533306e+00 1.815506385983605853e+01 1.334023358981897900e+02 1.442449297998649627e+00
1.221402758160433644e+00 1.615141399473313655e+01 1.228204683851821812e+02 1.490930836572556650e+00
1.284025416688019838e+00 1.436658756459200070e+01 1.130689131688457536e+02 1.540794588969114365e+00
1.349858807576296504e+00 1.276768248130968963e+01 1.040455171897158948e+02 1.590916427706450031e+00
1.419067548593566874e+00 1.134491727607210620e+01 9.573460155991179477e+01 1.642407041904558662e+00
1.491824697641596753e+00 1.007394093379521216e+01 8.805801641351003184e+01 1.694427679860814884e+00
1.568312185490513100e+00 8.942665815339763569e+00 8.098482162967079034e+01 1.747570927199368462e+00
1.648721270700491237e+00 7.934435866458856346e+00 7.446103818467123858e+01 1.801474155240993413e+00
1.733253017867778301e+00 7.036818045970915314e+00 6.844790367211142268e+01 1.856232941255769431e+00
1.822118800390913007e+00 6.238577954507781520e+00 6.290942634582013682e+01 1.911991391462960710e+00
1.915540829014322100e+00 5.527933932601393430e+00 5.780365159872475544e+01 1.968372743193787411e+00
2.013752707470925607e+00 4.897308554187610241e+00 5.310721381534100516e+01 2.026031244138806198e+00
2.117000016613148627e+00 4.335719774595910181e+00 4.877601518121966251e+01 2.083982407508103929e+00
2.225540928492967474e+00 3.838042936950742057e+00 4.479520825305674947e+01 2.143319150960222963e+00
2.339646851926517890e+00 3.395435821228650841e+00 4.112683979632104325e+01 2.203011244557921078e+00
2.459603111157505406e+00 3.003304754675936383e+00 3.775532465719405195e+01 2.263939222969806764e+00
2.585709659316432152e+00 2.655191784426007562e+00 3.465192661575949984e+01 2.325441550068058305e+00
2.718281828459663263e+00 2.346742831873036117e+00 3.179897483932187185e+01 2.387916875049288734e+00
2.857651118063815776e+00 2.073427990969568313e+00 2.917600189813155964e+01 2.451245639384122654e+00
3.004166023947120401e+00 1.831217689768511070e+00 2.676407377845916713e+01 2.515255018852073476e+00
3.158192909690492378e+00 1.616950474648957581e+00 2.454887083646246637e+01 2.580375677958860692e+00
3.320116922737311960e+00 1.427059066091555195e+00 2.251153281295705000e+01 2.645893398729655566e+00
3.490342957462647444e+00 1.259333845078054681e+00 2.064217526953714099e+01 2.712785412460150702e+00
3.669296667620093988e+00 1.110705471378683917e+00 1.892280047389180098e+01 2.779826236753776048e+00
3.857425530697870641e+00 9.795150672448069695e-01 1.734572456181681943e+01 2.848223277894748939e+00
4.055199966845619564e+00 8.634366239743473947e-01 1.589655618165109985e+01 2.917007521238494050e+00
4.263114515169814212e+00 7.609645675249404606e-01 1.456702833085672211e+01 2.986865665352913535e+00
4.481689070339116121e+00 6.704330075538194045e-01 1.334649942268051248e+01 3.057389821144055553e+00
4.711470182591849465e+00 5.905071261690799655e-01 1.222652894900216047e+01 3.128705911799433359e+00
4.953032424396282885e+00 5.199935655929887046e-01 1.119929087952258406e+01 3.200971016393039381e+00
5.206979827181080545e+00 4.577339491460291621e-01 1.025649642399086936e+01 3.273716510321283302e+00
5.473947391728498424e+00 4.028766935794981796e-01 9.392462586114273648e+00 3.347682490715675030e+00
5.754602676007100293e+00 3.544395347787068218e-01 8.599345764421682858e+00 3.421830135845364218e+00
6.049647464414390718e+00 3.117995185686459614e-01 7.872868248321601037e+00 3.497324268280933790e+00
6.359819522603354258e+00 2.741761681810275242e-01 7.206278556901717813e+00 3.573010858609706464e+00
6.685894442280875261e+00 2.410627375500970504e-01 6.595719340564611954e+00 3.649882554244115340e+00
7.028687580590986528e+00 2.118819178279047477e-01 6.035941247681601673e+00 3.727235838528200507e+00
7.389056098932435646e+00 1.862334575583305396e-01 5.523671469978799209e+00 3.806228499011548916e+00
7.767901106308653603e+00 1.636897620603040837e-01 5.054877981122988473e+00 3.886895279588342245e+00
8.166169912569634093e+00 1.438749972999162352e-01 4.625870952484452125e+00 3.969271660492667664e+00
8.584858397179985445e+00 1.264588242264355622e-01 4.233273710849402960e+00 4.053393873904146183e+00
9.025013499436326470e+00 1.111508915714969764e-01 3.873996160948649514e+00 4.139298919884018879e+00
9.487735836360851494e+00 9.769599529896751122e-02 3.545210463613902352e+00 4.227024582649370643e+00
9.974182454817173138e+00 8.586982400691058059e-02 3.244328778126509327e+00 4.316609447191671833e+00
1.048556972473016025e+01 7.547521935175943719e-02 2.968982893571407988e+00 4.408092916248506299e+00
1.102317638064432792e+01 6.633888915083395454e-02 2.717005588875554878e+00 4.501515227633462679e+00
1.158834671922626214e+01 5.830851836622259060e-02 2.486413574818919781e+00 4.596917471935178412e+00
1.218249396070650370e+01 5.125022980613525014e-02 2.275391883754726674e+00 4.694341610589495950e+00
1.280710378266622662e+01 4.504635221023458452e-02 2.082279584173382325e+00 4.793830494336910775e+00
1.346373803500505772e+01 3.959345850982946835e-02 1.905556707669347594e+00 4.895427882068409176e+00
1.415403864537935341e+01 3.480064155812871707e-02 1.743832285415758188e+00 4.999178460073560260e+00
1.487973172487657614e+01 3.058799858458239457e-02 1.595833399981952061e+00 5.105127861694610303e+00
1.564263188419211659e+01 2.688529910713274504e-02 1.460395166322297600e+00 5.213322687397483612e+00
1.644464677110120832e+01 2.363081409465934285e-02 1.336451563077713178e+00 5.323810525268738658e+00
1.728778184057202338e+01 2.077028686016062914e-02 1.223027042023713040e+00 5.436639971946950034e+00
1.817414536944768244e+01 1.825602852805958271e-02 1.119228849623722155e+00 5.551860653996542716e+00
1.910595372823652127e+01 1.604612299585437066e-02 1.024240000251551930e+00 5.669523249735389570e+00
2.008553692319280515e+01 1.410372813574074097e-02 9.373128457758879151e-01 5.789679511525667621e+00
2.111534442254602695e+01 1.239646158628360251e-02 8.577631908934760796e-01 5.912382288536433883e+00
2.219795128144734164e+01 1.089586089445266498e-02 7.849649078933976787e-01 6.037685549988035305e+00
2.333606458094873304e+01 9.576909007858612835e-03 7.183450084658445922e-01 6.165644408889373373e+00
2.453253019711569394e+01 8.417617206503053007e-03 6.573791337661775147e-01 6.296315146280881514e+00
2.579033991719975205e+01 7.398658520935652051e-03 6.015874272365372422e-01 6.429755235986495343e+00
2.711263892066493852e+01 6.503045525415896387e-03 5.505307577009319608e-01 6.566023369893646766e+00
2.850273364377471097e+01 5.715847134445142114e-03 5.038072630058143542e-01 6.705179483767906845e+00
2.996410004740484823e+01 5.023939681286190492e-03 4.610491870016565352e-01 6.847284783616924386e+00
3.150039230875619012e+01 4.415788128604438215e-03 4.219199849693893722e-01 6.992401772607357735e+00
3.311545195870102276e+01 3.881253763725892730e-03 3.861116747092976920e-01 7.140594278559498242e+00
3.481331748761120082e+01 3.411425172520242931e-03 3.533424124425837975e-01 7.291927482019785245e+00
3.659823444368765877e+01 2.998469674019153559e-03 3.233542744459743101e-01 7.446467944928827798e+00
3.847466604904231957e+01 2.635502738982813380e-03 2.959112269588344279e-01 7.604283639898513414e+00
4.044730436007814234e+01 2.316473215443813714e-03 2.707972683840703110e-01 7.765443980109802524e+00
4.252108200007410943e+01 2.036062447781769938e-03 2.478147291602346425e-01 7.930019849842396162e+00
4.470118449331276622e+01 1.789595607507424519e-03 2.267827159233312684e-01 8.098083635650867862e+00
4.699306323159186860e+01 1.572963757520831358e-03 2.075356877125247856e-01 8.269709258205681479e+00
4.940244910554343960e+01 1.382555350546661515e-03 1.899221530130758562e-01 8.444972204804859217e+00
5.193536683484541783e+01 1.215196019733894408e-03 1.738034773811255873e-01 8.623949562574178884e+00
5.459815003315897997e+01 1.068095657648328181e-03 1.590527922653354742e-01 8.806720052378741670e+00
5.739745704546173499e+01 9.388019013894592342e-04 1.455539964365855088e-01 8.993364063438509248e+00
6.034028759737834946e+01 8.251592483701046532e-04 1.332008421664087061e-01 9.183963688694886329e+00
6.343400029814058882e+01 7.252731211590165419e-04 1.218960989612608153e-01 9.378602760914169778e+00
6.668633104094334385e+01 6.374782823009080435e-04 1.115507882706148618e-01 9.577366889558836860e+00
7.010541234670704114e+01 5.603110725459569492e-04 1.020834831453538427e-01 9.780343498447464867e+00
7.369979369961600923e+01 4.924850096609367355e-04 9.341966733401284306e-02 9.987621864200045607e+00
7.747846292528217305e+01 4.328693410227525229e-04 8.549114877252876610e-02 1.019929315550892746e+01
8.145086866499057976e+01 3.804701924358999459e-04 7.823552285104369564e-02 1.041545047323981876e+01
8.562694400222423496e+01 3.344139988989828279e-04 7.159568123317207322e-02 1.063618889137421775e+01
9.001713130054676526e+01 2.939329410896136308e-04 6.551936236179636830e-02 1.086160549883630999e+01
9.463240831495036787e+01 2.583521447727826249e-04 5.995874011332887055e-02 1.109179944218866787e+01
9.948431564196151555e+01 2.270784297304864893e-04 5.487004736288223633e-02 1.132687196924164041e+01
1.045849855771433994e+02 1.995904206416161078e-04 5.021323149743191216e-02 1.156692647358899606e+01
1.099471724521542768e+02 1.754298550469218061e-04 4.595163916553229866e-02 1.181206854008319951e+01
1.155842845272200918e+02 1.541939434911113345e-04 4.205172778229090275e-02 1.206240599127068336e+01
1.215104175187690743e+02 1.355286544754927020e-04 3.848280151891317336e-02 1.231804893482424923e+01
1.277403898460648861e+02 1.191228122717756814e-04 3.521676969876327140e-02 1.257910981196647171e+01
1.342897796849734675e+02 1.047029091999514527e-04 3.222792569834876525e-02 1.284570344693110222e+01
1.411749639215168770e+02 9.202854588356216940e-05 2.949274461293660901e-02 1.311794709745707799e+01
1.484131591026187778e+02 8.088842346557995955e-05 2.698969809429953987e-02 1.339596050637556601e+01
1.560224644864394463e+02 7.109682096926609135e-05 2.469908490313346347e-02 1.367986595426355123e+01
1.640219072999485945e+02 6.249049907726227093e-05 2.260287584250938661e-02 1.396978831324534376e+01
1.724314903169036768e+02 5.492597871026329157e-05 2.068457185177253674e-02 1.426585510189612904e+01
1.812722418752032070e+02 4.827714903588174511e-05 1.892907414402678415e-02 1.456819654133838782e+01
1.905662684586848457e+02 4.243316502975221166e-05 1.732256536503554850e-02 1.487694561252782322e+01
2.003368099748494728e+02 3.729659953830170496e-05 1.585240083813707970e-02 1.519223811472398822e+01
2.106082978667353416e+02 3.278181903576598356e-05 1.450700903921368391e-02 1.551421272522906136e+01
2.214064162042512862e+02 2.881355599698420122e-05 1.327580051833859853e-02 1.584301106039414542e+01
2.327581659077297047e+02 2.532565408543563734e-05 1.214908455121858737e-02 1.617877773788286788e+01
2.446919322642916654e+02 2.225996523727737566e-05 1.111799286444370254e-02 1.652166044030592218e+01
2.572375559058498879e+02 1.956538025408045760e-05 1.017440983414916525e-02 1.687180998015991307e+01
2.704264074262317763e+02 1.719697674305707040e-05 9.310908608719007176e-03 1.722938036616133317e+01
2.842914658240042627e+02 1.511527019974828239e-05 8.520692652751531496e-03 1.759452887099502760e+01
2.988674009671481713e+02 1.328555574767902735e-05 7.797542252178399878e-03 1.796741610048299620e+01
3.141906602857868620e+02 1.167732956091028139e-05 7.135765559490008653e-03 1.834820606421849476e+01
3.302995599097462787e+02 1.026378032382510896e-05 6.530153793751930849e-03 1.873706624771580920e+01
3.472343804788374655e+02 9.021342250062104539e-06 5.975940242787406396e-03 1.913416768606817797e+01
3.650374678654371792e+02 7.929302208840976668e-06 5.468762744843352203e-03 1.953968503918004274e+01
3.837533390612260860e+02 6.969454408925724569e-06 5.004629354431923936e-03 1.995379666857972012e+01
4.034287934928555046e+02 6.125796883355211410e-06 4.579886922112316218e-03 2.037668471588505170e+01
4.241130300448911044e+02 5.384264714905960990e-06 4.191192340899406628e-03 2.080853518290054893e+01
4.458577700826506316e+02 4.732495554814437185e-06 3.835486232989807932e-03 2.124953801343159654e+01
4.687173867825576963e+02 4.159623525629277349e-06 3.509968869693404995e-03 2.169988717684132595e+01
4.927490410934046849e+02 3.656098072268105220e-06 3.212078135036194187e-03 2.215978075335859288e+01
5.180128246684984106e+02 3.213524741284314746e-06 2.939469359589238270e-03 2.262942102117567345e+01
5.445719101260938260e+02 2.824525233930968162e-06 2.689996865803856180e-03 2.310901454546538147e+01
5.724927090138447738e+02 2.482614399889797937e-06 2.461697079586691941e-03 2.359877226920344739e+01
6.018450378722650385e+02 2.182092121004121601e-06 2.252773075196022601e-03 2.409890960594060161e+01
6.327022928124463306e+02 1.917948282568638106e-06 2.061580431813527566e-03 2.460964653458919216e+01
6.651416330445650829e+02 1.685779247906215582e-06 1.886614290463709291e-03 2.513120769614373984e+01
6.992441738160994191e+02 1.481714443762402836e-06 1.726497509413607665e-03 2.566382249249388181e+01
7.350951892421985576e+02 1.302351832590458184e-06 1.579969824822224271e-03 2.620772518732348288e+01
7.727843255353874383e+02 1.144701195963978359e-06 1.445877931325115912e-03 2.676315500916660639e+01
8.124058251677936369e+02 1.006134283571672643e-06 1.323166404477668342e-03 2.733035625660839685e+01
8.540587625264155349e+02 8.843409967135169466e-07 1.210869393610233867e-03 2.790957840572399817e+01
8.978472916506958654e+02 7.772908758184017431e-07 1.108103019711187149e-03 2.850107621985342732e+01
9.438809066718714575e+02 6.831992499228204844e-07 1.014058418498962454e-03 2.910510986161941105e+01
9.922747156053346771e+02 6.004974837810180437e-07 9.279953739286804807e-04 2.972194500734224576e+01
1.043149728180628472e+03 5.278068265855833506e-07 8.492364920236699201e-04 3.035185296395655641e+01
1.096633158428801380e+03 4.639154263166992849e-07 7.771618691712750548e-04 3.099511078828020771e+01
1.152858742783748994e+03 4.077581265229866475e-07 7.112042129213184917e-04 3.165200140889263380e+01
1.211967074492957408e+03 3.583987087164268773e-07 6.508443768817468713e-04 3.232281375059179140e+01
1.274105955173854682e+03 3.150142843379386063e-07 5.956072745669698052e-04 3.300784286146409841e+01
1.339430764394840480e+03 2.768815760869500243e-07 5.450581400375660275e-04 3.370739004264537186e+01
1.408104848205140797e+03 2.433648599063249629e-07 4.987991058994469462e-04 3.442176298086731379e+01
1.480299927585014302e+03 2.139053665984363604e-07 4.564660717276036099e-04 3.515127588377809786e+01
1.556196527837648091e+03 1.880119663833894644e-07 4.177258382664814323e-04 3.589624961813056103e+01
1.635984429996447261e+03 1.652529810984516335e-07 3.822734848507306133e-04 3.665701185093497827e+01
1.719863145376471039e+03 1.452489875364541144e-07 3.498299694037566095e-04 3.743389719356329692e+01
1.808042414456641382e+03 1.276664919454521745e-07 3.201399321243204843e-04 3.822724734893212428e+01
1.900742731340188357e+03 1.122123702347032126e-07 2.929696855739371045e-04 3.903741126177872189e+01
1.998195895104759757e+03 9.862898119789041472e-08 2.681053753455401125e-04 3.986474527216095964e+01
2.100645589420852957e+03 8.668987128415234215e-08 2.453512968359334266e-04 4.070961327219512782e+01
2.208347991887921125e+03 7.619599930961023493e-08 2.245283548734796849e-04 4.157238686606701350e+01
2.321572414611807289e+03 6.697241817052760447e-08 2.054726540773417953e-04 4.245344553353330497e+01
2.440601977625289692e+03 5.886535823726996226e-08 1.880342088524734922e-04 4.335317679676855818e+01
2.565734316835632853e+03 5.173966380576382175e-08 1.720757628675345457e-04 4.427197639087471259e+01
2.697282328269386653e+03 4.547653986820667930e-08 1.574717087233591173e-04 4.521024843790153369e+01
2.835574950475434889e+03 3.997157163888887537e-08 1.441070993091621657e-04 4.616840562459294262e+01
2.980957987042702825e+03 3.513298381788691300e-08 1.318767430649119379e-04 4.714686938394478943e+01
3.133794971289250043e+03 3.088011057206685328e-08 1.206843760285517735e-04 4.814607008051399362e+01
3.294468075284922634e+03 2.714205072605183210e-08 1.104419041515801659e-04 4.916644719969670518e+01
3.463379065480592999e+03 2.385648574336032098e-08 1.010687099193677193e-04 5.020844954113952952e+01
3.640950307333554974e+03 2.096864079163897948e-08 9.249101781823983669e-05 5.127253541598450681e+01
3.827625821441170956e+03 1.843037157185481530e-08 8.464131365561884375e-05 5.235917284857328013e+01
4.023872393823642142e+03 1.619936168738586573e-08 7.745781316222071888e-05 5.346883978224511225e+01
4.230180743132199495e+03 1.423841717220441414e-08 7.088397569401251434e-05 5.460202428957891385e+01
4.447066747701334862e+03 1.251484641691138890e-08 6.486805920618067837e-05 5.575922478700195484e+01
4.675072735513344924e+03 1.099991515522276659e-08 5.936271299653517674e-05 5.694095025413749767e+01
4.914768840300775992e+03 9.668367424679053289e-09 5.432460501259522265e-05 5.814772045756124896e+01
5.166754427177720572e+03 8.498004515443049279e-09 4.971408078917150073e-05 5.938006617942280485e+01
5.431659591364801599e+03 7.469314887656738147e-09 4.549485133190113564e-05 6.063852945097078617e+01
5.710146733755425885e+03 6.565148887551717478e-09 4.163370749002397598e-05 6.192366379090452000e+01
6.002912217263044113e+03 5.770432839423774956e-09 3.810025857035022139e-05 6.323603444886084901e+01
6.310688108091153481e+03 5.071917746971736552e-09 3.486669313500477009e-05 6.457621865395928751e+01
6.634244006280128815e+03 4.457958414540960928e-09 3.190756010030805718e-05 6.594480586883210549e+01
6.974388970108182548e+03 3.918319305877290258e-09 2.919956841369514004e-05 6.734239804876369817e+01
7.331973539158482708e+03 3.444003903833662951e-09 2.672140373208085868e-05 6.876960990646431071e+01
7.707891861111141225e+03 3.027104726210122509e-09 2.445356065872432262e-05 7.022706918251918751e+01
8.103083927578147268e+03 2.660671497278403046e-09 2.237818921810856671e-05 7.171541692144869273e+01
8.518537924572025076e+03 2.338595277240199396e-09 2.047895436048458032e-05 7.323530775359600398e+01
8.955292703485578386e+03 2.055506617906663853e-09 1.874090739028549872e-05 7.478741018322138245e+01
9.414440378761499232e+03 1.806686046695597992e-09 1.715036830635071924e-05 7.637240688237251618e+01
9.897129058747319505e+03 1.587985386614564977e-09 1.569481812796214839e-05 7.799099499124746160e+01
1.040456571656430970e+04 1.395758600512243087e-09 1.436280035913673068e-05 7.964388642473628011e+01
1.093801920816896018e+04 1.226801006687847122e-09 1.314383081565704083e-05 8.133180818567061010e+01
1.149882344515380282e+04 1.078295852490264260e-09 1.202831510504819506e-05 8.305550268444338258e+01
1.208838073022117533e+04 9.477673552262498520e-10 1.100747311004412040e-05 8.481572806565698386e+01
1.270816526367042752e+04 8.330394274985588791e-10 1.007326988112346107e-05 8.661325854156660853e+01
1.335972682966652428e+04 7.321993988721283053e-10 9.218352394190302480e-06 8.844888473259001671e+01
1.404469467150771925e+04 6.435661290590659320e-10 8.435991675625219342e-06 9.032341401503020961e+01
1.476478156558243427e+04 5.656619810258910257e-10 7.720029839178303951e-06 9.223767087616703009e+01
1.552178810420236550e+04 4.971881867773706305e-10 7.064831617842143366e-06 9.419249727702180053e+01
1.631760719802116000e+04 4.370031951281921144e-10 6.465240009197056420e-06 9.618875302249406900e+01
1.715422880929701932e+04 3.841036404949934909e-10 5.916535685148309305e-06 9.822731613977056497e+01
1.803374492783486858e+04 3.376076154276825793e-10 5.414399846538849182e-06 1.003090832642988062e+02
1.895835480205053682e+04 2.967399680145735090e-10 4.954880230299002051e-06 1.024349700342682752e+02
1.993037043823734348e+04 2.608193790468329185e-10 4.534360001562790935e-06 1.046059114933688932e+02
2.095222238178608313e+04 2.292470035010708520e-10 4.149529285903066792e-06 1.068228625018674336e+02
2.202646579481454319e+04 2.014964869798710478e-10 3.797359117633089879e-06 1.090867981568487863e+02
2.315578684540369068e+04 1.771051906685364944e-10 3.475077599105608212e-06 1.113987142210353056e+02
2.434300942441707230e+04 1.556664785171407430e-10 3.180148083368883576e-06 1.137596275605593235e+02
2.559110220669883711e+04 1.368229380655434930e-10 2.910249208465930685e-06 1.161705765924674125e+02
2.690318607430719567e+04 1.202604218918349984e-10 2.663256626214831673e-06 1.186326217413297286e+02
2.828254192034512744e+04 1.057028103480518178e-10 2.437226281668465355e-06 1.211468459057051916e+02
2.973261885290210193e+04 9.290740827038707509e-11 2.230379111643168206e-06 1.237143549343334712e+02
3.125704281962085952e+04 8.166089892119397409e-11 2.041087041884399522e-06 1.263362781126597554e+02
3.285962567445517197e+04 7.177578770912698622e-11 1.867860172650266651e-06 1.290137686595743673e+02
3.454437470929026313e+04 6.308727639939609686e-11 1.709335051851398210e-06 1.317480042343795219e+02
3.631550267425979837e+04 5.545051570346876597e-11 1.564263943452526044e-06 1.345401874550533421e+02
3.817743831181556016e+04 4.873819044453280650e-11 1.431505006660550095e-06 1.373915464270653786e+02
4.013483743089039490e+04 4.283839704054338166e-11 1.310013308605451684e-06 1.403033352835995515e+02
4.219259454884566367e+04 3.765277791942020213e-11 1.198832599773055048e-06 1.432768347370123365e+02
4.435585513031406299e+04 3.309488176478799354e-11 1.097087787458351026e-06 1.463133526424881268e+02
4.663002845354139572e+04 2.908872225494254690e-11 1.003978047992664729e-06 1.494142245728295393e+02
4.902080113639969204e+04 2.556751126772328640e-11 9.187705235388258271e-07 1.525808144062522445e+02
5.153415135589398415e+04 2.247254543172949171e-11 8.407945538366746862e-07 1.558145149261026177e+02
5.417636379671867326e+04 1.975222746136746927e-11 7.694363975005548542e-07 1.591167484334887661e+02
5.695404536624281900e+04 1.736120595999500285e-11 7.041344013196769272e-07 1.624889673728648063e+02
5.987414171521994285e+04 1.525961935052052843e-11 6.443745795395159742e-07 1.659326549708655705e+02
6.294395460553275188e+04 1.341243132875354608e-11 5.896865683291885812e-07 1.694493258886834610e+02
6.617116016840114025e+04 1.178884676061026222e-11 5.396399235928120674e-07 1.730405268882757639e+02
6.956382809870861820e+04 1.036179828538712541e-11 4.938407329852717835e-07 1.767078375126885419e+02
7.313044183344273188e+04 9.107495066081765657e-12 4.519285154658985718e-07 1.804528707807970989e+02
7.687991976470644295e+04 8.005026163817433029e-12 4.135733839867869844e-07 1.842772738968085946e+02
8.082163754034375597e+04 7.036011924071349132e-12 3.784734489832164040e-07 1.881827289745576479e+02
8.496545150794286747e+04 6.184297562881241021e-12 3.463524422303254558e-07 1.921709537778288848e+02
8.932172336083906703e+04 5.435683844623104601e-12 3.169575423617549385e-07 1.962437024752958052e+02
9.390134604774527543e+04 4.777690361479153524e-12 2.900573849373814299e-07 2.004027664125362946e+02
9.871577101079767453e+04 4.199347468074371787e-12 2.654402413957638103e-07 2.046499748997194672e+02
1.037770368201258680e+05 3.691013402585386109e-12 2.429123525589675815e-07 2.089871960162508913e+02
1.090977992765488161e+05 3.244213545470697023e-12 2.222964035726417329e-07 2.134163374324217841e+02
1.146913630576689611e+05 2.851499136049117556e-12 2.034301282778143165e-07 2.179393472485174073e+02
1.205717149864963576e+05 2.506323091535987412e-12 1.861650320294089939e-07 2.225582148514706091e+02
1.267535590057915979e+05 2.202930858281805672e-12 1.703652229092682846e-07 2.272749717901631072e+02
1.332523529455816897e+05 1.936264475541386308e-12 1.559063421337881821e-07 2.320916926687790749e+02
1.400843471757866791e+05 1.701878252396772197e-12 1.426745852378740646e-07 2.370104960593397436e+02
1.472666252406089625e+05 1.495864652049276665e-12 1.305658063309011140e-07 2.420335454335303211e+02
1.548171465762921434e+05 1.314789147871924200e-12 1.194846983743885666e-07 2.471630501142801677e+02
1.627547914190663723e+05 1.155632965184357889e-12 1.093440430294450226e-07 2.524012662475562934e+02
1.710994080155731353e+05 1.015742754176257646e-12 1.000640241695295511e-07 2.577504977944693110e+02
1.798718622538203781e+05 8.927863549626044405e-13 9.157159965544594865e-08 2.632130975449870220e+02
1.890940898387710622e+05 7.847139173085399749e-13 8.379992642761103639e-08 2.687914681525541596e+02
1.987891511430313694e+05 6.897237268411258675e-13 7.668783439075134488e-08 2.744880631909185809e+02
2.089812888697938761e+05 6.062321680226536580e-13 7.017934494993675632e-08 2.803053882332421267e+02
2.196959886722229712e+05 5.328473231287750476e-13 6.422323040847104358e-08 2.862460019545246155e+02
2.309600428808625729e+05 4.683457670868725987e-13 5.877261075948344416e-08 2.923125172560515921e+02
2.428016174984180834e+05 4.116521713204350846e-13 5.378458469803988618e-08 2.985076024159266126e+02
2.552503226294341730e+05 3.618213765587348279e-13 4.921989194896965835e-08 3.048339822617027721e+02
2.683372865209793090e+05 3.180226357483529643e-13 4.504260425304607157e-08 3.112944393692576455e+02
2.820952333994774381e+05 2.795257643709497634e-13 4.121984257909355990e-08 3.178918152866147580e+02
2.965585652983192704e+05 2.456889672752432903e-13 3.772151833628385624e-08 3.246290117837543221e+02
3.117634480808650260e+05 2.159481390798867870e-13 3.452009654972465233e-08 3.315089921289915651e+02
3.277479018739408348e+05 1.898074597701096288e-13 3.159037913529465892e-08 3.385347823920331507e+02
3.445518961379595567e+05 1.668311287047213352e-13 2.890930656796266237e-08 3.457094727754088694e+02
3.622174496113909991e+05 1.466360992270879332e-13 2.645577638245884464e-08 3.530362189733582454e+02
3.807887353794944938e+05 1.288856927569768511e-13 2.421047707779703103e-08 3.605182435598869120e+02
4.003121913300411543e+05 1.132839859011572177e-13 2.215573611829838684e-08 3.681588374060972342e+02
4.208366362722213962e+05 9.957087700849349366e-14 2.027538083476913103e-08 3.759613611280551027e+02
4.424133920090965694e+05 8.751774992178506310e-14 1.855461113094788380e-08 3.839292465641610193e+02
4.650964116688389913e+05 7.692366263598358610e-14 1.697988299338280617e-08 3.920659982850864935e+02
4.889424146156553179e+05 6.761199732194766785e-14 1.553880188780014717e-08 4.003751951353147547e+02
5.140110282777408138e+05 5.942751586720026293e-14 1.422002520290617405e-08 4.088604918069976293e+02
5.403649372469085502e+05 5.223377184568287627e-14 1.301317297378136833e-08 4.175256204474050037e+02
5.680700400227193022e+05 4.591083577050453921e-14 1.190874618217859831e-08 4.263743923009328682e+02
5.971956137930564582e+05 4.035329570632893912e-14 1.089805199064587874e-08 4.354106993844886802e+02
6.278144876631795196e+05 3.546849990930866715e-14 9.973135322050601409e-09 4.446385162002956690e+02
6.600032247664229944e+05 3.117501219657790374e-14 9.126716245923312459e-09 4.540619014836519227e+02
6.938423137119094608e+05 2.740125429441322406e-14 8.352132678818871007e-09 4.636849999876793049e+02
7.294163698479967425e+05 2.408431253123476750e-14 7.643287947707287933e-09 4.735120443074889067e+02
7.668143468447235646e+05 2.116888898112208296e-14 6.994602803629757742e-09 4.835473567402719368e+02
8.061297591243179049e+05 1.860637957235066597e-14 6.400971507979360283e-09 4.937953511881003692e+02
8.474609156959623797e+05 1.635406379139512876e-14 5.857721645708337196e-09 5.042605350975787815e+02
8.909111659795242595e+05 1.437439247399120941e-14 5.360577349208008575e-09 5.149475114439319441e+02
9.365891582329371013e+05 1.263436180952402434e-14 4.905625643360557890e-09 5.258609807551680433e+02
9.846091112294379855e+05 1.110496312262018013e-14 4.489285646878269764e-09 5.370057431776147041e+02
1.035091099863994634e+06 9.760699259223153012e-15 4.108280387551027245e-09 5.483867005917471715e+02
1.088161355403086869e+06 8.579159514250344345e-15 3.759611009483783213e-09 5.600088587616604627e+02
1.143952581128624268e+06 7.540646014833884726e-15 3.440533169418625377e-09 5.718773295442080098e+02
1.202604284165272489e+06 6.627845329895441084e-15 3.148535436246374240e-09 5.839973331303284567e+02
1.264263124320930336e+06 5.825539831818304295e-15 2.881319523793105009e-09 5.963742003472467559e+02
1.329083280812643003e+06 5.120353997856044616e-15 2.636782201215691988e-09 6.090133749984844371e+02
1.397226837794951163e+06 4.500531422023617081e-15 2.412998738679816033e-09 6.219204162603211898e+02
1.468864189654704416e+06 3.955738819837886794e-15 2.208207757996547998e-09 6.351010011275288889e+02
1.544174467085782439e+06 3.476893758410714371e-15 2.020797368979503515e-09 6.485609269083216759e+02
1.623345985009134281e+06 3.056013239968229359e-15 1.849292482415867022e-09 6.623061137765494095e+02
1.706576713458170416e+06 2.686080614417704633e-15 1.692343199776676493e-09 6.763426073732704253e+02
1.794074772606963990e+06 2.360928602267950394e-15 1.548714188298041740e-09 6.906765814678948345e+02
1.886058953179090517e+06 2.075136477696634501e-15 1.417274957794177702e-09 7.053143406731117011e+02
1.982759263538399944e+06 1.823939697678581018e-15 1.296990962675006170e-09 7.202623232152952824e+02
2.084417504829733167e+06 1.603150470597005537e-15 1.186915459142742183e-09 7.355271037720717686e+02
2.191287875607731752e+06 1.409087940047659586e-15 1.086182053455362443e-09 7.511153963569634016e+02
2.303637607465630397e+06 1.238516819976586054e-15 9.939978826298383092e-10 7.670340572783446760e+02
2.421747633253435604e+06 1.088593458059415163e-15 9.096373738913509850e-10 7.832900881528458967e+02
2.545913289556382690e+06 9.568184281506502287e-16 8.324365337582165538e-10 7.998906389824236385e+02
2.676445055190230254e+06 8.409948614627465140e-16 7.617877218165341096e-10 8.168430113055845823e+02
2.813669327560023405e+06 7.391918217679069595e-16 6.971348680361797876e-10 8.341546614005709444e+02
2.957929238823618274e+06 6.497121140775278244e-16 6.379690960012596571e-10 8.518332035737198566e+02
3.109585513900805730e+06 5.710639900870746895e-16 5.838247175885975893e-10 8.698864134995529867e+02
