# [1] k:    [h/Mpc] 
# [2] P:    [Mpc^3/h^3] 
# [3] T:    [Mpc^3/h^3] 
# [4] Delta_k 
3.059023205018257859e-07 1.329617512631435128e+00 3.949809060980226059e+04 1.928169904414423153e-21
3.215862678579245412e-07 1.394093638509634303e+00 3.947840899972231273e+04 2.348846797470095689e-21
3.380743483904743061e-07 1.461696355884745113e+00 3.945873719685390097e+04 2.861304527861858762e-21
3.554077908890640533e-07 1.532577280168098577e+00 3.943907519630118622e+04 3.485567304764586978e-21
3.736299379885273404e-07 1.606895378941923358e+00 3.941942299317973811e+04 4.246028102825728663e-21
3.927863545481053003e-07 1.684817328481163168e+00 3.939978058259861427e+04 5.172401813998340228e-21
4.129249415873286729e-07 1.766517887568265666e+00 3.938014795969618717e+04 6.300886352509276852e-21
4.340960560635169786e-07 1.852180289427457494e+00 3.936052511958635296e+04 7.675577082931189479e-21
4.563526367904018199e-07 1.941996652671567514e+00 3.934091205738548888e+04 9.350189839962735347e-21
4.797503368127355169e-07 2.036168412177132403e+00 3.932130876823921426e+04 1.139015986665010371e-20
5.043476625678916271e-07 2.134906770845568680e+00 3.930171524726874486e+04 1.387519868669991134e-20
5.302061201824328858e-07 2.238433173279029020e+00 3.928213148959774117e+04 1.690240882035434337e-20
5.573903692694645323e-07 2.346979802426572448e+00 3.926255749037909118e+04 2.059007805087303545e-20
5.859683846113473662e-07 2.460790100304522721e+00 3.924299324474127934e+04 2.508230150193206804e-20
6.160116261320592563e-07 2.580119313977860429e+00 3.922343874782418425e+04 3.055461213305813345e-20
6.475952175842278093e-07 2.705235068011195843e+00 3.920389399476116523e+04 3.722083966374797587e-20
6.807981343976415384e-07 2.836417964686288595e+00 3.918435898071476549e+04 4.534146593784381112e-20
7.157034011589609116e-07 2.973962213313206870e+00 3.916483370082319016e+04 5.523380321253130930e-20
7.523982992164306405e-07 3.118176290070492129e+00 3.914531815023598028e+04 6.728439308739495805e-20
7.909745849287134463e-07 3.269383629836249749e+00 3.912581232410509256e+04 8.196411055959957916e-20
8.315287191035797356e-07 3.427923351568954224e+00 3.910631621758489928e+04 9.984656339398387674e-20
8.741621082001717898e-07 3.594151018863538827e+00 3.908682982583219564e+04 1.216305057606863760e-19
9.189813578979717484e-07 3.768439437386890578e+00 3.906735314399730123e+04 1.481671419497730534e-19
9.660985396665287929e-07 3.951179490991350907e+00 3.904788616725958855e+04 1.804933870518364004e-19
1.015631471002508262e-06 4.142781018356025413e+00 3.902842889077420841e+04 2.198723842597151105e-19
1.067704010034801725e-06 4.343673732153620293e+00 3.900898130969872727e+04 2.678428619999569345e-19
1.122446365234364056e-06 4.554308182790967052e+00 3.898954341921972082e+04 3.262792595163790590e-19
1.179995421003214005e-06 4.775156768865513435e+00 3.897011521449957218e+04 3.974649703025238224e-19
1.240495079956737545e-06 5.006714796638593867e+00 3.895069669070308737e+04 4.841815653611442302e-19
1.304096622755184042e-06 5.249501590886368696e+00 3.893128784302403801e+04 5.898174826758713638e-19
1.370959086384113674e-06 5.504061659597588196e+00 3.891188866663203225e+04 7.185004299174775956e-19
1.441249661829700436e-06 5.770965915173111860e+00 3.889249915670794144e+04 8.752586740045820160e-19
1.515144112143284134e-06 6.050812954832457180e+00 3.887311930843502341e+04 1.066217519881298053e-18
1.592827211940548929e-06 6.344230403109802019e+00 3.885374911699013319e+04 1.298838655891295575e-18
1.674493209434307728e-06 6.651876319464857801e+00 3.883438857757898950e+04 1.582211718136158897e-18
1.760346312156213177e-06 6.974440674123067119e+00 3.881503768538324221e+04 1.927409466643479452e-18
1.850601197581954108e-06 7.312646895511686118e+00 3.879569643559573888e+04 2.347920451811029190e-18
1.945483549936765273e-06 7.667253492716226582e+00 3.877636482340292423e+04 2.860176077494421027e-18
2.045230624523543909e-06 8.039055756634127192e+00 3.875704284402009944e+04 3.484192655660484485e-18
2.150091840984688092e-06 8.428887543586062847e+00 3.873773049263847497e+04 4.244353540776770137e-18
2.260329406981118614e-06 8.837623145453417095e+00 3.871842776446048811e+04 5.170361905745311221e-18
2.376218973848010330e-06 9.266179250483487451e+00 3.869913465468658251e+04 6.298401388938870437e-18
2.498050325866710336e-06 9.715516999192555403e+00 3.867985115853275784e+04 7.672549964464700546e-18
2.626128104876382668e-06 1.018664413994073392e+01 3.866057727119983610e+04 9.346502282400858897e-18
2.760772572037287162e-06 1.068061728906828911e+01 3.864131298790859728e+04 1.138566777923090281e-17
2.902320408650496801e-06 1.119854430059458394e+01 3.862205830386463640e+04 1.386972654177632596e-17
3.051125558036519890e-06 1.174158675086454018e+01 3.860281321428909723e+04 1.689574279468801087e-17
3.207560110577962700e-06 1.231096254366029719e+01 3.858357771440991928e+04 2.058195767050943919e-17
3.372015234139298021e-06 1.290794864162447553e+01 3.856435179943106778e+04 2.507240946421349754e-17
3.544902152190277809e-06 1.353388393019312907e+01 3.854513546458961355e+04 3.054256190809501402e-17
3.726653172078803499e-06 1.419017222033559200e+01 3.852592870510308421e+04 3.720616039081057285e-17
3.917722766024474580e-06 1.487828539696289631e+01 3.850673151620452700e+04 4.532358402651928786e-17
4.118588707535861475e-06 1.559976671997674558e+01 3.848754389312936837e+04 5.521201992981794307e-17
4.329753266093139866e-06 1.635623428539112822e+01 3.846836583110228094e+04 6.725785725476365352e-17
4.551744463083409039e-06 1.714938465432801351e+01 3.844919732536780066e+04 8.193178529337093029e-17
4.785117392129195949e-06 1.798099665793588642e+01 3.843003837115535134e+04 9.980718558919162161e-17
5.030455607111644826e-06 1.885293538688291548e+01 3.841088896371860028e+04 1.215825367355427112e-16
5.288372581359179674e-06 1.976715637422414673e+01 3.839174909828298405e+04 1.481087073218071838e-16
5.559513241650373021e-06 2.072570998121020125e+01 3.837261877010251919e+04 1.804222034966300097e-16
5.844555580866815540e-06 2.173074599568928988e+01 3.835349797442923591e+04 2.197856702905263371e-16
6.144212353328471540e-06 2.278451845351379035e+01 3.833438670650441782e+04 2.677372292814721027e-16
6.459232857050738118e-06 2.388939069379425817e+01 3.831528496158919006e+04 3.261505804658694286e-16
6.790404807379771878e-06 2.504784065921749203e+01 3.829619273492958746e+04 3.973082168052446459e-16
7.138556306691162195e-06 2.626246645346744302e+01 3.827711002178708441e+04 4.839906122978130663e-16
7.504557915077204533e-06 2.753599216809158534e+01 3.825803681742987101e+04 5.895848685841426047e-16
7.889324827200587103e-06 2.887127399188916854e+01 3.823897311710238864e+04 7.182170654362417562e-16
8.293819160757753291e-06 3.027130661668446621e+01 3.821991891608189326e+04 8.749134867092322353e-16
8.719052362274285227e-06 3.173922995357073518e+01 3.820087420962625765e+04 1.065797021629647029e-15
9.166087736248057605e-06 3.327833617497085328e+01 3.818183899300875055e+04 1.298326415777556717e-15
9.636043103964330830e-06 3.489207709810966662e+01 3.816281326150500536e+04 1.581587720454255834e-15
1.013009359863121538e-05 3.658407192652331474e+01 3.814379701037996711e+04 1.926649328776864837e-15
1.064947460382478790e-05 3.835811536705107017e+01 3.812479023491832049e+04 2.346994471486571581e-15
1.119548484259151579e-05 4.021818614031712258e+01 3.810579293038973265e+04 2.859048072170103236e-15
1.176948962493235138e-05 4.216845590404953015e+01 3.808680509208790318e+04 3.482818548697262011e-15
1.237292426178888029e-05 4.421329860891965069e+01 3.806782671527856292e+04 4.242679639148900939e-15
1.300729765406831334e-05 4.635730030831464177e+01 3.804885779526009719e+04 5.168322801997741160e-15
1.367419606568169201e-05 4.860526944355223122e+01 3.802989832731161732e+04 6.295917405397676251e-15
1.437528709002991615e-05 5.096224762805221786e+01 3.801094830672754324e+04 7.669524039842806148e-15
1.511232381985586521e-05 5.343352095434254778e+01 3.799200772880464501e+04 9.342816179149777277e-15
1.588714923088939049e-05 5.602463184935942309e+01 3.797307658882907708e+04 1.138117746341289680e-14
1.670170079024660794e-05 5.874139150474901783e+01 3.795415488210228796e+04 1.386425655497448668e-14
1.755801530110687162e-05 6.158989290984911946e+01 3.793524260393239092e+04 1.688907939799394842e-14
1.845823399578163895e-05 6.457652451658866255e+01 3.791633974960396154e+04 2.057384049267809655e-14
1.940460788991057802e-05 6.770798456731324677e+01 3.789744631443408434e+04 2.506252132774835570e-14
2.039950341117315543e-05 7.099129611704071863e+01 3.787856229372066446e+04 3.053051643553105131e-14
2.144540831659045798e-05 7.443382278447472800e+01 3.785968768277684285e+04 3.719148690711439351e-14
2.254493791321357228e-05 7.804328526665587162e+01 3.784082247691810335e+04 4.530570916752023082e-14
2.370084159775344190e-05 8.182777865443233622e+01 3.782196667144936509e+04 5.519024523805263324e-14
2.491600973150475266e-05 8.579579058777918021e+01 3.780312026169506862e+04 6.723133188743358254e-14
2.619348086775470484e-05 8.995622029123319408e+01 3.778428324296481151e+04 8.189947277568401604e-14
2.753644934974891994e-05 9.431839853270533069e+01 3.776545561058770545e+04 9.976782331438882086e-14
2.894827329821342076e-05 9.889210854982060539e+01 3.774663735987801192e+04 1.215345866285487768e-13
3.043248300840562692e-05 1.036876079913569413e+02 3.772782848616949195e+04 1.480502957394412700e-13
3.199278977769132648e-05 1.087156519223479307e+02 3.770902898478537099e+04 1.803510480150618635e-13
3.363309518572123809e-05 1.139875169449721284e+02 3.769023885105120280e+04 2.196989905198720143e-13
3.535750085041236633e-05 1.195150264891234713e+02 3.767145808030557964e+04 2.676316382227237942e-13
3.717031868412924126e-05 1.253105773292094938e+02 3.765268666788299015e+04 3.260219521641741573e-13
3.907608167571078754e-05 1.313871673869296330e+02 3.763392460911811213e+04 3.971515251290430542e-13
4.107955522530357004e-05 1.377584248822493009e+02 3.761517189934581256e+04 4.837997345432194424e-13
4.318574906034433776e-05 1.444386388980660172e+02 3.759642853391396056e+04 5.893523462312383576e-13
4.539992976248807967e-05 1.514427914267917004e+02 3.757769450816421886e+04 7.179338127091006273e-13
4.772763393680535859e-05 1.587865909711630650e+02 3.755896981744267396e+04 8.745684355497451880e-13
5.017468205617894183e-05 1.664865077743343136e+02 3.754025445709776977e+04 1.065376689215564469e-12
5.274719301551768723e-05 1.745598107583741125e+02 3.752154842248022760e+04 1.297814377682696170e-12
5.545159943218107865e-05 1.830246062539899867e+02 3.750285170894311159e+04 1.580963968866343306e-12
5.829466373087315435e-05 1.918998786083466257e+02 3.748416431184180692e+04 1.925889490696260312e-12
6.128349505322671351e-05 2.012055327620482785e+02 3.746548622653398343e+04 2.346068856353466910e-12
6.442556703436033705e-05 2.109624388907716934e+02 3.744681744837966107e+04 2.857920511712137827e-12
6.772873649085907528e-05 2.211924792116703600e+02 3.742815797274113720e+04 3.481444983656678362e-12
7.120126306690828879e-05 2.319185970595601134e+02 3.740950779498516931e+04 4.241006397679158860e-12
7.485182988770643921e-05 2.431648483427753149e+02 3.739086691047444037e+04 5.166284502437261671e-12
7.868956527180084881e-05 2.549564554944809345e+02 3.737223531457819627e+04 6.293434401496412833e-12
8.272406555663884206e-05 2.673198640400779027e+02 3.735361300267223123e+04 7.666499308595546864e-12
8.696541909440986997e-05 2.802828019075614066e+02 3.733499997013040411e+04 9.339131529634641761e-12
9.142423147818073699e-05 2.938743416140852105e+02 3.731639621232462378e+04 1.137668891850253128e-11
9.611165206140254191e-05 3.081249654682501387e+02 3.729780172463548661e+04 1.385878872544814189e-11
1.010394018371016720e-04 3.230666339339231286e+02 3.727921650244375633e+04 1.688241862922357480e-11
1.062198027464676133e-04 3.387328573093197406e+02 3.726064054113251041e+04 2.056572651612739324e-11
1.116658084901241013e-04 3.551587708819344016e+02 3.724207383608711098e+04 2.505263709099226860e-11
1.173910369191279803e-04 3.723812137279055605e+02 3.722351638269522664e+04 3.051847571350206649e-11
1.234098040866900780e-04 3.904388113325391032e+02 3.720496817634683975e+04 3.717681921040137641e-11
1.297371600457651012e-04 4.093720622172791650e+02 3.718642921243421006e+04 4.528784135805935217e-11
1.363889264820232711e-04 4.292234287674205575e+02 3.716789948635188921e+04 5.516847913387196636e-11
1.433817362763056455e-04 4.500374324642791066e+02 3.714937899349779764e+04 6.720481698125830378e-11
1.507330750954898936e-04 4.718607537352345958e+02 3.713086772926792764e+04 8.186717300152819087e-11
1.584613251157653230e-04 4.947423366461447927e+02 3.711236568906792672e+04 9.972847656339857018e-11
1.665858109876483387e-04 5.187334986698555213e+02 3.709387286829837103e+04 1.214866554323320476e-10
1.751268481576742783e-04 5.438880457783170641e+02 3.707538926236634870e+04 1.479919071936464645e-10
1.841057936675958640e-04 5.702623931153243575e+02 3.705691486668015568e+04 1.802799205959870975e-10
1.935450995581117185e-04 5.979156915211926844e+02 3.703844967665251170e+04 2.196123449343202128e-10
2.034683690106629794e-04 6.269099601924596072e+02 3.701999368768999557e+04 2.675260888073268525e-10
2.139004153676812446e-04 6.573102257756153222e+02 3.700154689521512773e+04 3.258933745913169831e-10
2.248673241788693637e-04 6.891846682042299790e+02 3.698310929464118090e+04 3.969948952492669281e-10
2.363965184286629729e-04 7.226047736094647007e+02 3.696468088138893654e+04 4.836089320674873155e-10
2.485168271079757005e-04 7.576454946447892098e+02 3.694626165088094422e+04 5.891199155813156121e-10
2.612585573016925852e-04 7.943854185853332410e+02 3.692785159853994264e+04 7.176506716920694784e-10
2.746535699721688829e-04 8.329069435790321450e+02 3.690945071979408385e+04 8.742235204727296581e-10
2.887353596282311993e-04 8.732964634441626686e+02 3.689105901007223292e+04 1.064956522573540884e-09
3.035391380788964293e-04 9.156445614283649093e+02 3.687267646480449184e+04 1.297302541526939222e-09
3.191019224812350285e-04 9.600462133635402324e+02 3.685430307942480431e+04 1.580340463275608059e-09
3.354626279025451924e-04 1.006601000672005966e+03 3.683593884936885297e+04 1.925129952282839751e-09
3.526621646282911485e-04 1.055413333701917281e+03 3.681758377007513627e+04 2.345143606267523037e-09
3.707435404591257876e-04 1.106592685892545660e+03 3.679923783698285115e+04 2.856793395944863953e-09
3.897519682527942697e-04 1.160253839295092575e+03 3.678090104553503625e+04 3.480071960328051975e-09
4.097349789798286580e-04 1.216517141999009709e+03 3.676257339117660740e+04 4.239333816107475123e-09
4.307425405757319271e-04 1.275508778041669075e+03 3.674425486935448862e+04 5.164247006748167668e-09
4.528271828868440083e-04 1.337361050406549339e+03 3.672594547551812866e+04 6.290952376851365876e-09
4.760441290223192071e-04 1.402212677744542134e+03 3.670764520511873707e+04 7.663475770252027525e-09
5.004514334406633081e-04 1.470209105484137808e+03 3.668935405361055018e+04 9.335448333283115277e-09
5.261101271161193775e-04 1.541491929704069207e+03 3.667094233760749194e+04 1.137212171356612760e-08
5.530843701478924991e-04 1.616211167692969866e+03 3.665231624439396546e+04 1.385295806195721743e-08
5.814416121938181326e-04 1.694509907474858892e+03 3.663324247356006526e+04 1.687456945340215395e-08
6.112527611296385451e-04 1.776565605117977157e+03 3.661380465476948302e+04 2.055483573618043000e-08
6.425923603556274889e-04 1.862497854625794162e+03 3.659342475409579492e+04 2.503644799818772059e-08
6.755387751939181127e-04 1.952549552398131027e+03 3.657270889737054677e+04 3.049461604842542229e-08
7.101743888426273075e-04 2.046774932739396945e+03 3.655039482477144338e+04 3.713944136549228568e-08
7.465858083767621441e-04 2.145504360513677966e+03 3.652772794706854620e+04 4.523127722401766440e-08
7.848640813110194670e-04 2.248748978136854930e+03 3.650306899026646715e+04 5.508008491570820928e-08
8.251049232659968648e-04 2.356864018144894544e+03 3.647766946206062858e+04 6.707061993622736932e-08
8.674089573071004124e-04 2.469913474433652937e+03 3.645034315307596989e+04 8.166269459673566076e-08
9.118819655546198935e-04 2.588175610795324246e+03 3.642156076921855129e+04 9.942140114928995347e-08
9.586351536941296880e-04 2.711844633701382008e+03 3.639108594511019328e+04 1.210305803279620834e-07
1.007785429048626679e-03 2.841048094099226546e+03 3.635823874208804773e+04 1.473170688625283331e-07
1.059455692907732439e-03 2.976190911085716380e+03 3.632410046465195046e+04 1.792996500431010582e-07
1.113775147844932919e-03 3.117154841658087207e+03 3.628645935186158022e+04 2.181831482628797157e-07
1.170879620791311689e-03 3.264654298629470304e+03 3.624807408212410519e+04 2.654875746623519363e-07
1.230911902673626282e-03 3.418218884169722514e+03 3.620488750615747995e+04 3.229617144174329227e-07
1.294022105466001958e-03 3.578797575473204688e+03 3.616069475350902212e+04 3.928551759389938378e-07
1.360368037548055848e-03 3.745990833641439622e+03 3.611207841702645237e+04 4.777560854253866668e-07
1.430115598308045934e-03 3.920488491285261262e+03 3.606119814407494414e+04 5.809300913029372180e-07
1.503439192977754080e-03 4.102223337698387695e+03 3.600647794387404429e+04 7.062316274474218254e-07
1.580522168736409397e-03 4.291456743312242907e+03 3.594796349486945837e+04 8.583744328160373774e-07
1.661557273174137529e-03 4.488642541600209370e+03 3.588643885771970963e+04 1.043112687059114834e-06
1.746747136261333697e-03 4.693380955583444120e+03 3.581926644293437130e+04 1.267202979705900766e-06
1.836304777029133936e-03 4.906894972326684183e+03 3.575016875908360089e+04 1.539257624101372100e-06
1.930454136227949345e-03 5.127827140703558143e+03 3.567322181506497145e+04 1.868882941380935351e-06
2.029430636295988157e-03 5.358202714816116895e+03 3.559476638063146675e+04 2.268882657938712063e-06
2.133481770037976965e-03 5.596202825574712733e+03 3.550783809392117837e+04 2.753154060581983173e-06
2.242867719486086112e-03 5.843782699830605452e+03 3.541811696544626466e+04 3.340221741381810475e-06
2.357862006490532136e-03 6.099686624749039765e+03 3.532101142891036579e+04 4.050726636948475819e-06
2.478752176666675511e-03 6.364834487557103785e+03 3.521874351542313525e+04 4.910850343367407143e-06
2.605840518408833982e-03 6.639147427577788221e+03 3.511053019153985952e+04 5.951494952210656255e-06
2.739444818768723561e-03 6.922006064238316867e+03 3.499436763032706222e+04 7.209246988609406461e-06
2.879899158088616417e-03 7.215046686588429111e+03 3.487407249040951865e+04 8.730542829148978619e-06
3.027554745376210416e-03 7.515477813879503628e+03 3.474260050794225390e+04 1.056581180520030388e-05
3.182780796510085389e-03 7.827265862028646552e+03 3.460907544663662702e+04 1.278499408677394706e-05
3.345965457471714814e-03 8.144854080291569517e+03 3.446097334563610639e+04 1.545674088352415323e-05
3.517516774912597243e-03 8.473752735392239629e+03 3.431031539473656449e+04 1.868334260790577425e-05
3.697863716483424691e-03 8.809030610854259066e+03 3.414694123832556215e+04 2.256581805210612545e-05
3.887457243476651579e-03 9.153946983678471952e+03 3.397761373999661009e+04 2.724429210960958446e-05
4.086771438464619106e-03 9.506054254968814348e+03 3.379790288881881133e+04 3.287090007944100834e-05
4.296304690752923532e-03 9.865355301374071132e+03 3.360832790711145935e+04 3.963402790739124879e-05
4.516580942613284376e-03 1.023296721944303499e+04 3.341121450957074558e+04 4.776405997730788863e-05
4.748150999412126434e-03 1.060438777506679435e+04 3.319977973128480517e+04 5.750815369837679900e-05
4.991593906910903912e-03 1.098564150632046221e+04 3.298420677407686890e+04 6.921710313460018276e-05
5.247518399182111472e-03 1.136618873603324937e+04 3.274927541394835862e+04 8.320454158887812652e-05
5.516564420761540903e-03 1.175682192956154176e+04 3.251173639442432250e+04 9.999223635769204544e-05
5.799404726842954938e-03 1.214444987701729406e+04 3.225410898884430208e+04 1.200047289430272485e-04
6.096746565516493986e-03 1.253903919935727026e+04 3.199110097982070874e+04 1.439557265929237398e-04
6.409333446257287764e-03 1.293122897633102912e+04 3.171158055609365329e+04 1.724839383971499924e-04
6.737946999086424568e-03 1.332458919540235911e+04 3.142142179341170049e+04 2.064937250250367283e-04
7.083408929053131541e-03 1.371675494740863178e+04 3.111899331420461749e+04 2.469724912930217607e-04
7.446583070925409317e-03 1.410259634288043708e+04 3.079997173109185314e+04 2.950125220051026502e-04
7.828377549226901017e-03 1.448925715233494157e+04 3.047367077262343446e+04 3.521532229921368147e-04
8.229747049021221908e-03 1.486009023063752466e+04 3.012405038138238160e+04 4.196151560097952787e-04
8.651695203121895217e-03 1.523443833657446521e+04 2.977260232641635957e+04 4.998047038371020590e-04
9.095277101697147801e-03 1.558184926441059542e+04 2.939097566705345889e+04 5.939324621714480628e-04
9.561601930544914862e-03 1.592925337564941765e+04 2.900702203806884063e+04 7.054360614180946090e-04
1.005183574463506743e-02 1.625032776458788248e+04 2.859811631071267402e+04 8.361198494443539088e-04
1.056720438385422289e-02 1.656015455441879749e+04 2.817990270953294385e+04 9.899538903084712741e-04
1.110899653824396448e-02 1.684568118120618965e+04 2.774294212920665814e+04 1.169993180231482331e-03
1.167856697039719623e-02 1.710601577976945555e+04 2.728874684845697993e+04 1.380345468502539768e-03
1.227733990307029038e-02 1.734595403220368462e+04 2.682311334690866352e+04 1.626227455563886148e-03
1.290681258048182248e-02 1.754378932626418100e+04 2.633132550938177155e+04 1.910955938933456147e-03
1.356855901220299469e-02 1.772753631915095684e+04 2.583664648537891117e+04 2.243467725717557953e-03
1.426423390900143431e-02 1.784915580093148674e+04 2.530589618989776864e+04 2.624419736242421426e-03
1.499557682048000690e-02 1.795810512217945507e+04 2.477673452772355085e+04 3.067752342819645480e-03
1.576441648485692182e-02 1.799761762174309115e+04 2.421153107644109332e+04 3.572061930017870514e-03
1.657267540176381518e-02 1.802462270485137560e+04 2.365095958741759023e+04 4.156371079420072799e-03
1.742237463949622076e-02 1.801973428125709324e+04 2.308292267979604367e+04 4.827704577799518670e-03
1.831563888873704443e-02 1.795697690497541043e+04 2.249231455460450161e+04 5.589458039263114734e-03
1.925470177538994923e-02 1.782824127768811013e+04 2.187624199091751871e+04 6.447467347123825472e-03
2.024191144580758314e-02 1.763576158272973771e+04 2.123814138976147660e+04 7.410014190301157135e-03
2.127973643838054069e-02 1.741048686246676516e+04 2.059803477564186687e+04 8.499236395396384328e-03
2.237077185616915750e-02 1.706855086312620551e+04 1.990763114317745567e+04 9.680768078815887162e-03
2.351774585601286785e-02 1.670838333253666497e+04 1.922602072782089817e+04 1.101011279138417766e-02
2.472352647034336062e-02 1.628303652299267560e+04 1.852639077506481772e+04 1.246628085108202229e-02
2.599112877875953478e-02 1.585137278222654641e+04 1.784257342026926199e+04 1.409978731383002698e-02
2.732372244729698585e-02 1.536110522483504428e+04 1.714494971492065451e+04 1.587494826028482478e-02
2.872463965424410307e-02 1.484601041166218602e+04 1.645245815640012734e+04 1.782558483735766780e-02
3.019738342232343442e-02 1.428367583212421414e+04 1.575240387397733321e+04 1.992591091271479417e-02
3.174563637807315680e-02 1.370057982166194779e+04 1.505903872100955596e+04 2.220553895851781409e-02
3.337326996033158216e-02 1.310911017614784760e+04 1.437855735071462550e+04 2.468537659215613161e-02
3.508435410085083278e-02 1.257306730910302576e+04 1.374517452079106442e+04 2.750755286959841867e-02
3.688316740124613496e-02 1.206916742406303092e+04 1.314526134823299981e+04 3.067836427762866275e-02
3.877420783172848273e-02 1.149687569610045284e+04 1.252337593848346478e+04 3.395305806715696179e-02
4.076220397837305304e-02 1.094021194336107510e+04 1.192464060140023503e+04 3.753781315614752867e-02
4.285212686704739649e-02 1.037563093218603353e+04 1.133549838358103989e+04 4.136203713416318484e-02
4.504920239356542677e-02 9.864901771922812259e+03 1.078898713490894625e+04 4.569033501518179885e-02
4.735892439114896407e-02 9.439141509803597728e+03 1.030152384260280269e+04 5.079351251186396687e-02
4.978706836787243073e-02 9.053636523722045240e+03 9.847991881074905905e+03 5.660345968587113252e-02
5.233970594844135349e-02 8.708110872564880992e+03 9.427554685997001798e+03 6.325400724560183152e-02
5.502322005641668845e-02 8.418889246622349674e+03 9.048267144154073321e+03 7.104983319339405745e-02
5.784432087484844831e-02 8.162154153008316825e+03 8.696436767252642312e+03 8.003081349334317807e-02
6.081006262522850592e-02 7.895015513895938057e+03 8.348652256359546300e+03 8.993931979508951180e-02
6.392786120671870020e-02 7.632150657505027084e+03 8.012430515042831757e+03 1.010154302471177878e-01
6.720551273976151097e-02 7.301300195608109789e+03 7.649654884515805861e+03 1.122755420666349813e-01
7.065121306044198912e-02 6.969950135163551749e+03 7.295541063504933845e+03 1.245256447030323871e-01
7.427357821434696361e-02 6.594338235891035765e+03 6.926745180569145305e+03 1.368814254688678067e-01
7.808166600116696332e-02 6.186826667728185384e+03 6.549053028165993055e+03 1.492057023140106742e-01
8.208499862391337165e-02 5.723464824710402354e+03 6.148582044348821000e+03 1.603690892256290357e-01
8.629358649938589920e-02 5.249901260150281814e+03 5.748068857117586958e+03 1.709058593079493260e-01
9.071795328942874881e-02 4.782830587673510308e+03 5.355374227654199785e+03 1.808985089734056195e-01
9.536916221556676621e-02 4.366736005671473322e+03 4.994899158117552361e+03 1.918894502548859349e-01
1.002588437228218304e-01 3.989907739558191224e+03 4.660479626127123993e+03 2.037047646374249565e-01
1.053992245618834284e-01 3.718218384729740137e+03 4.391547301243658694e+03 2.205552500084486667e-01
1.108031583623540345e-01 3.478536501140364635e+03 4.146191254716074582e+03 2.397304735474154458e-01
1.164841577735182265e-01 3.317366481575995294e+03 3.952289111295870043e+03 2.656221593530883052e-01
1.224564282530043596e-01 3.158042450049787476e+03 3.764106410637691624e+03 2.937872786699337047e-01
1.287349035878279091e-01 2.992848556639022718e+03 3.576812809650817144e+03 3.234773946649666665e-01
1.353352832366376823e-01 2.789212412095121181e+03 3.370509588878396698e+03 3.502554943796090114e-01
1.422740715865399574e-01 2.549793442282455089e+03 3.145634093786898575e+03 3.720082228889410869e-01
1.495686192226629019e-01 2.296015068937512751e+03 2.913694413341101153e+03 3.891942776173879515e-01
1.572371663136570008e-01 2.050508109875635910e+03 2.687746535810987552e+03 4.038288811083060037e-01
1.652988882216175348e-01 1.874695506443065142e+03 2.508556373997903393e+03 4.289540721952617708e-01
1.737739434504778357e-01 1.722767201567047778e+03 2.347322298676254832e+03 4.579845463074788681e-01
1.826835240527691917e-01 1.625073199193587243e+03 2.225342292822443142e+03 5.019278910919200420e-01
1.920499086207905493e-01 1.523214916946616540e+03 2.103012629413439299e+03 5.466051983998613251e-01
2.018965179946938526e-01 1.390086883746143485e+03 1.961025280533622663e+03 5.795603838050038537e-01
2.122479738267836202e-01 1.258604885265468511e+03 1.821410589100871221e+03 6.096636912531372410e-01
2.231301601484726449e-01 1.124567688424581320e+03 1.680571065285095074e+03 6.328935816493374000e-01
2.345702880938428103e-01 1.024587164764817317e+03 1.565811462074426117e+03 6.699434937094725928e-01
2.465969639416541459e-01 9.481648102388908228e+02 1.470306441039407673e+03 7.203063908442902674e-01
2.592402606459418002e-01 8.673270721625091255e+02 1.372645293545042932e+03 7.655269944016794836e-01
2.725317930340656614e-01 7.901127849510139640e+02 1.278828627365574903e+03 8.102347558844597009e-01
2.865047968602461026e-01 7.112226870512009782e+02 1.184326744748108013e+03 8.473670129707365772e-01
3.011942119122611450e-01 6.406868787287552323e+02 1.097217136089708220e+03 8.868618101899187200e-01
3.166367693791155569e-01 5.864314161553613758e+02 1.024658652761849225e+03 9.431299240271331374e-01
3.328710836981453314e-01 5.339412921965050600e+02 9.543733042368953647e+02 9.976816325260262630e-01
3.499377491112247163e-01 4.796808365660763229e+02 8.829754806598326695e+02 1.041345895381627251e+00
3.678794411715154977e-01 4.330182573957665682e+02 8.188917473797737330e+02 1.092176986502602754e+00
3.867410234545784475e-01 3.930728298126757636e+02 7.615717643581776883e+02 1.151871441390761586e+00
4.065696597406806001e-01 3.546854908826792894e+02 7.061500005871714620e+02 1.207587422323818549e+00
4.274149319488126375e-01 3.190026630911921188e+02 6.536922520117601607e+02 1.261867162083549321e+00
4.493289641173122684e-01 2.875588924634666910e+02 6.058156875443286253e+02 1.321570405172087126e+00
4.723665527411103904e-01 2.593289338478185755e+02 5.615695257199993193e+02 1.384709428222614669e+00
4.965853037915104462e-01 2.332565818733658318e+02 5.198714041360747160e+02 1.447057385581549172e+00
5.220457767611225153e-01 2.097370180404478219e+02 4.811909505814407453e+02 1.511719128061161488e+00
5.488116360941387439e-01 1.883300832447410471e+02 4.450826722046917325e+02 1.577102390021710709e+00
5.769498103806052214e-01 1.690527320246253566e+02 4.116165851839004972e+02 1.644775232017132938e+00
6.065306597127584354e-01 1.516654395936668323e+02 3.805625194072501927e+02 1.714411867501122622e+00
6.376281516219051149e-01 1.359714564696099330e+02 3.517284556013238443e+02 1.785749174086166624e+00
6.703200460357783275e-01 1.218333804009769068e+02 3.249882867660633678e+02 1.859016202840122700e+00
7.046880897188601001e-01 1.090691431750311722e+02 3.001486835225736627e+02 1.933583602194017370e+00
7.408182206818726412e-01 9.761154189805930059e+01 2.771641207252566801e+02 2.010510744072667055e+00
7.788007830715680813e-01 8.726462160474567042e+01 2.558034861539136955e+02 2.088274605979087983e+00
8.187307530781540166e-01 7.799858722522962751e+01 2.360650280250580693e+02 2.168604258515322680e+00
8.607079764252394405e-01 6.964808383123381930e+01 2.177427993504900599e+02 2.249815552507572480e+00
9.048374180361511421e-01 6.217392981359713389e+01 2.008141475099515390e+02 2.333405584738759142e+00
9.512294245009160765e-01 5.546192807826424342e+01 1.851350122642515998e+02 2.418360551494668442e+00
1.000000000000213163e+00 4.945141314453218229e+01 1.706402040553259383e+02 2.505237856296732790e+00
1.051271096376248826e+00 4.406854904928916028e+01 1.572379290450581379e+02 2.593839997639453276e+00
1.105170918075884856e+00 3.924707006518014651e+01 1.448429930551949951e+02 2.683896995568665567e+00
1.161834242728533306e+00 3.494115575890634773e+01 1.334023358981897900e+02 2.776131551219511273e+00
1.221402758160433644e+00 3.108494007366418543e+01 1.228204683851821812e+02 2.869438906336553519e+00
1.284025416688019838e+00 2.764987100535095976e+01 1.130689131688457536e+02 2.965406464074871629e+00
1.349858807576296504e+00 2.457262534045034386e+01 1.040455171897158948e+02 3.061870733645325249e+00
1.419067548593566874e+00 2.183437770726313332e+01 9.573460155991179477e+01 3.160969342425108408e+00
1.491824697641596753e+00 1.938826224965641742e+01 8.805801641351003184e+01 3.261088032590026664e+00
1.568312185490513100e+00 1.721101515070382604e+01 8.098482162967079034e+01 3.363367291816341975e+00
1.648721270700491237e+00 1.527058024193011221e+01 7.446103818467123858e+01 3.467109206548845357e+00
1.733253017867778301e+00 1.354302894716301431e+01 6.844790367211142268e+01 3.572497724379605000e+00
1.822118800390913007e+00 1.200673959097295018e+01 6.290942634582013682e+01 3.679810191502058458e+00
1.915540829014322100e+00 1.063903724355796498e+01 5.780365159872475544e+01 3.788321492147094460e+00
2.013752707470925607e+00 9.425338424165641271e+00 5.310721381534100516e+01 3.899290788531774687e+00
2.117000016613148627e+00 8.344507138103455901e+00 4.877601518121966251e+01 4.010823341726260871e+00
2.225540928492967474e+00 7.386680493371576617e+00 4.479520825305674947e+01 4.125022576231486937e+00
2.339646851926517890e+00 6.534840792346942706e+00 4.112683979632104325e+01 4.239905716058196106e+00
2.459603111157505406e+00 5.780147072726602886e+00 3.775532465719405195e+01 4.357167434342462897e+00
2.585709659316432152e+00 5.110170386932222364e+00 3.465192661575949984e+01 4.475534541573042091e+00
2.718281828459663263e+00 4.516530894500152549e+00 3.179897483932187185e+01 4.595774276233891342e+00
2.857651118063815776e+00 3.990510358248786194e+00 2.917600189813155964e+01 4.717656536507169207e+00
3.004166023947120401e+00 3.524353481797336762e+00 2.676407377845916713e+01 4.840848705661059626e+00
3.158192909690492378e+00 3.111975745463281040e+00 2.454887083646246637e+01 4.966179638702098664e+00
3.320116922737311960e+00 2.746511578831468903e+00 2.251153281295705000e+01 5.092274754868853393e+00
3.490342957462647444e+00 2.423708358893764903e+00 2.064217526953714099e+01 5.221014829199015495e+00
3.669296667620093988e+00 2.137658846993587769e+00 1.892280047389180098e+01 5.350041303682051996e+00
3.857425530697870641e+00 1.885170374339046218e+00 1.734572456181681943e+01 5.481677947122459038e+00
4.055199966845619564e+00 1.661766314850316562e+00 1.589655618165109985e+01 5.614059798213013153e+00
4.263114515169814212e+00 1.464549047371836776e+00 1.456702833085672211e+01 5.748508473986060352e+00
4.481689070339116121e+00 1.290312406704009485e+00 1.334649942268051248e+01 5.884238952892011376e+00
4.711470182591849465e+00 1.136487408224644557e+00 1.222652894900216047e+01 6.021493586141664522e+00
4.953032424396282885e+00 1.000777320822807459e+00 1.119929087952258406e+01 6.160574687427399887e+00
5.206979827181080545e+00 8.809527378547679088e-01 1.025649642399086936e+01 6.300580343905894942e+00
5.473947391728498424e+00 7.753747059593956159e-01 9.392462586114273648e+00 6.442934943249286839e+00
5.754602676007100293e+00 6.821527639577763535e-01 8.599345764421682858e+00 6.585639173740271524e+00
6.049647464414390718e+00 6.000879769947256026e-01 7.872868248321601037e+00 6.730934847756069317e+00
6.359819522603354258e+00 5.276782429274196051e-01 7.206278556901717813e+00 6.876600925383518970e+00
6.685894442280875261e+00 4.639482805147436828e-01 6.595719340564611954e+00 7.024547851450535063e+00
7.028687580590986528e+00 4.077870036964700851e-01 6.035941247681601673e+00 7.173421640906739505e+00
7.389056098932435646e+00 3.584240902870646783e-01 5.523671469978799209e+00 7.325450566559001508e+00
7.767901106308653603e+00 3.150365934509609112e-01 5.054877981122988473e+00 7.480701496352685886e+00
8.166169912569634093e+00 2.769011846656209141e-01 4.625870952484452125e+00 7.639242715389688243e+00
8.584858397179985445e+00 2.433820948522923688e-01 4.233273710849402960e+00 7.801143955962960064e+00
9.025013499436326470e+00 2.139205152416388811e-01 3.873996160948649514e+00 7.966476428227029061e+00
9.487735836360851494e+00 1.880252812723199884e-01 3.545210463613902352e+00 8.135312851519296728e+00
9.974182454817173138e+00 1.652646842103937530e-01 3.244328778126509327e+00 8.307727486344015588e+00
1.048556972473016025e+01 1.452592739781893294e-01 2.968982893571407988e+00 8.483796167035993818e+00
1.102317638064432792e+01 1.276755332059208159e-01 2.717005588875554878e+00 8.663596335113634694e+00
1.158834671922626214e+01 1.122203170440201764e-01 2.486413574818919781e+00 8.847207073342433503e+00
1.218249396070650370e+01 9.863596604017051128e-02 2.275391883754726674e+00 9.034709140516573811e+00
1.280710378266622662e+01 8.669601060618770116e-02 2.082279584173382325e+00 9.226185006982049686e+00
1.346373803500505772e+01 7.620139546224874438e-02 1.905556707669347594e+00 9.421718890907277100e+00
1.415403864537935341e+01 6.697716111494994573e-02 1.743832285415758188e+00 9.621396795327893159e+00
1.487973172487657614e+01 5.886952704482261572e-02 1.595833399981952061e+00 9.825306545972939176e+00
1.564263188419211659e+01 5.174332797613161172e-02 1.460395166322297600e+00 1.003353782989341170e+01
1.644464677110120832e+01 4.547976048808608646e-02 1.336451563077713178e+00 1.024618223491062352e+01
1.728778184057202338e+01 3.997440240039958764e-02 1.223027042023713040e+00 1.046333328990064437e+01
1.817414536944768244e+01 3.513547191365967715e-02 1.119228849623722155e+00 1.068508650593029152e+01
1.910595372823652127e+01 3.088229748203041858e-02 1.024240000251551930e+00 1.091153941826642004e+01
2.008553692319280515e+01 2.714397290897974102e-02 9.373128457758879151e-01 1.114279162927681455e+01
2.111534442254602695e+01 2.385817524464196177e-02 8.577631908934760796e-01 1.137894485223894314e+01
2.219795128144734164e+01 2.097012577756281540e-02 7.849649078933976787e-01 1.162010295607603716e+01
2.333606458094873304e+01 1.843167679915188109e-02 7.183450084658445922e-01 1.186637201104172590e+01
2.453253019711569394e+01 1.620050891596970521e-02 6.573791337661775147e-01 1.211786033537797991e+01
2.579033991719975205e+01 1.423942552793129243e-02 6.015874272365372422e-01 1.237467854295262271e+01
2.711263892066493852e+01 1.251573271044763812e-02 5.505307577009319608e-01 1.263693959191311222e+01
2.850273364377471097e+01 1.100069416228149737e-02 5.038072630058143542e-01 1.290475883436927873e+01
2.996410004740484823e+01 9.669052132365033025e-03 4.610491870016565352e-01 1.317825406713324909e+01
3.150039230875619012e+01 8.498606338765618551e-03 4.219199849693893722e-01 1.345754558352365393e+01
3.311545195870102276e+01 7.469843859828350328e-03 3.861116747092976920e-01 1.374275622628165650e+01
3.481331748761120082e+01 6.565613827257570263e-03 3.533424124425837975e-01 1.403401144159919056e+01
3.659823444368765877e+01 5.770841497839077766e-03 3.233542744459743101e-01 1.433143933429331796e+01
3.847466604904231957e+01 5.072276936989765853e-03 2.959112269588344279e-01 1.463517072415280929e+01
4.044730436007814234e+01 4.458274124346035122e-03 2.707972683840703110e-01 1.494533920347931755e+01
4.252108200007410943e+01 3.918596798780160824e-03 2.478147291602346425e-01 1.526208119584463496e+01
4.470118449331276622e+01 3.444247806018801723e-03 2.267827159233312684e-01 1.558553601609214390e+01
4.699306323159186860e+01 3.027319103858348674e-03 2.075356877125247856e-01 1.591584593161789307e+01
4.940244910554343960e+01 2.660859924355921027e-03 1.899221530130758562e-01 1.625315622494241552e+01
5.193536683484541783e+01 2.338760895083322189e-03 1.738034773811255873e-01 1.659761525760768563e+01
5.459815003315897997e+01 2.055652187589648502e-03 1.590527922653354742e-01 1.694937453544315531e+01
5.739745704546173499e+01 1.806813995062574434e-03 1.455539964365855088e-01 1.730858877518669203e+01
6.034028759737834946e+01 1.588097846738297653e-03 1.332008421664087061e-01 1.767541597255092256e+01
6.343400029814058882e+01 1.395857447256272296e-03 1.218960989612608153e-01 1.805001747170777548e+01
6.668633104094334385e+01 1.226887887961262535e-03 1.115507882706148618e-01 1.843255803625081413e+01
7.010541234670704114e+01 1.078372216722401277e-03 1.020834831453538427e-01 1.882320592167533846e+01
7.369979369961600923e+01 9.478344755128108139e-04 9.341966733401284306e-02 1.922213294937007433e+01
7.747846292528217305e+01 8.330984228258027976e-04 8.549114877252876610e-02 1.962951458219784584e+01
8.145086866499057976e+01 7.322512527721785746e-04 7.823552285104369564e-02 2.004553000167380361e+01
8.562694400222423496e+01 6.436117060066141610e-04 7.159568123317207322e-02 2.047036218676305097e+01
9.001713130054676526e+01 5.657020408507883137e-04 6.551936236179636830e-02 2.090419799438043924e+01
9.463240831495036787e+01 4.972233973312417806e-04 5.995874011332887055e-02 2.134722824156262888e+01
9.948431564196151555e+01 4.370341434190062619e-04 5.487004736288223633e-02 2.179964778939845971e+01
1.045849855771433994e+02 3.841308424726923537e-04 5.021323149743191216e-02 2.226165562874206572e+01
1.099471724521542768e+02 3.376315245862328718e-04 4.595163916553229866e-02 2.273345496773439223e+01
1.155842845272200918e+02 2.967609829520910037e-04 4.205172778229090275e-02 2.321525332117232310e+01
1.215104175187690743e+02 2.608378501107601983e-04 3.848280151891317336e-02 2.370726260179685951e+01
1.277403898460648861e+02 2.292632386292617808e-04 3.521676969876327140e-02 2.420969921348859444e+01
1.342897796849734675e+02 2.015107568340535310e-04 3.222792569834876525e-02 2.472278414646091704e+01
1.411749639215168770e+02 1.771177331464504688e-04 2.949274461293660901e-02 2.524674307444054477e+01
1.484131591026187778e+02 1.556775027189978935e-04 2.698969809429953987e-02 2.578180645395174153e+01
1.560224644864394463e+02 1.368326277797318519e-04 2.469908490313346347e-02 2.632820962565315526e+01
1.640219072999485945e+02 1.202689386590863113e-04 2.260287584250938661e-02 2.688619291788398868e+01
1.724314903169036768e+02 1.057102961544205020e-04 2.068457185177253674e-02 2.745600175233111173e+01
1.812722418752032070e+02 9.291398791443932392e-05 1.892907414402678415e-02 2.803788675199199432e+01
1.905662684586848457e+02 8.166668209457571379e-05 1.732256536503554850e-02 2.863210385142692616e+01
2.003368099748494728e+02 7.178087082515632281e-05 1.585240083813707970e-02 2.923891440929136110e+01
2.106082978667353416e+02 6.309174420052550056e-05 1.450700903921368391e-02 2.985858532330887627e+01
2.214064162042512862e+02 5.545444267402801656e-05 1.327580051833859853e-02 3.049138914768363762e+01
2.327581659077297047e+02 4.874164205244395945e-05 1.214908455121858737e-02 3.113760421293265068e+01
2.446919322642916654e+02 4.284143082879655309e-05 1.111799286444370254e-02 3.179751474835650527e+01
2.572375559058498879e+02 3.765544446541154214e-05 1.017440983414916525e-02 3.247141100702040006e+01
2.704264074262317763e+02 3.309722552343993455e-05 9.310908608719007176e-03 3.315958939342024081e+01
2.842914658240042627e+02 2.909078229990484258e-05 8.520692652751531496e-03 3.386235259387097329e+01
2.988674009671481713e+02 2.556932194274743320e-05 7.797542252178399878e-03 3.458000970962864073e+01
3.141906602857868620e+02 2.247413692322493712e-05 7.135765559490008653e-03 3.531287639283239344e+01
3.302995599097462787e+02 1.975362630165985526e-05 6.530153793751930849e-03 3.606127498536366005e+01
3.472343804788374655e+02 1.736243546965246165e-05 5.975940242787406396e-03 3.682553466060785041e+01
3.650374678654371792e+02 1.526070002714135249e-05 5.468762744843352203e-03 3.760599156824601863e+01
3.837533390612260860e+02 1.341338118868338970e-05 5.004629354431923936e-03 3.840298898208818912e+01
4.034287934928555046e+02 1.178968163930603974e-05 4.579886922112316218e-03 3.921687745108796719e+01
4.241130300448911044e+02 1.036253210141072858e-05 4.191192340899406628e-03 4.004801495349724405e+01
4.458577700826506316e+02 9.108140053140888272e-06 3.835486232989807932e-03 4.089676705432533055e+01
4.687173867825576963e+02 8.005593074721159750e-06 3.509968869693404995e-03 4.176350706615224340e+01
4.927490410934046849e+02 7.036510210001038326e-06 3.212078135036194187e-03 4.264861621331198904e+01
5.180128246684984106e+02 6.184735530934593472e-06 2.939469359589238270e-03 4.355248379952048765e+01
5.445719101260938260e+02 5.436068796325054213e-06 2.689996865803856180e-03 4.447550737919743824e+01
5.724927090138447738e+02 4.778028714498648730e-06 2.461697079586691941e-03 4.541809293226273070e+01
6.018450378722650385e+02 4.199644863214264815e-06 2.252773075196022601e-03 4.638065504268514161e+01
6.327022928124463306e+02 3.691274797827285726e-06 2.061580431813527566e-03 4.736361708090829126e+01
6.651416330445650829e+02 3.244443298628807991e-06 1.886614290463709291e-03 4.836741138999854428e+01
6.992441738160994191e+02 2.851701077420004398e-06 1.726497509413607665e-03 4.939247947582001075e+01
7.350951892421985576e+02 2.506500587756748304e-06 1.579969824822224271e-03 5.043927220122448318e+01
7.727843255353874383e+02 2.203086868455938285e-06 1.445877931325115912e-03 5.150824998439254188e+01
8.124058251677936369e+02 1.936401600570903683e-06 1.323166404477668342e-03 5.259988300130271455e+01
8.540587625264155349e+02 1.701998778341535101e-06 1.210869393610233867e-03 5.371465139250789633e+01
8.978472916506958654e+02 1.495970588240761687e-06 1.108103019711187149e-03 5.485304547440764367e+01
9.438809066718714575e+02 1.314882260410669444e-06 1.014058418498962454e-03 5.601556595483714318e+01
9.922747156053346771e+02 1.155714806382035292e-06 9.279953739286804807e-04 5.720272415326959958e+01
1.043149728180628472e+03 1.015814688437427508e-06 8.492364920236699201e-04 5.841504222583373007e+01
1.096633158428801380e+03 8.928495815292399695e-07 7.771618691712750548e-04 5.965305339485811231e+01
1.152858742783748994e+03 7.847694902532936174e-07 7.112042129213184917e-04 6.091730218343774084e+01
1.211967074492957408e+03 6.897725726404950550e-07 6.508443768817468713e-04 6.220834465496329102e+01
1.274105955173854682e+03 6.062751010026870168e-07 5.956072745669698052e-04 6.352674865767939849e+01
1.339430764394840480e+03 5.328850590401049181e-07 5.450581400375660275e-04 6.487309407442195663e+01
1.408104848205140797e+03 4.683789350387953437e-07 4.987991058994469462e-04 6.624797307771652299e+01
1.480299927585014302e+03 4.116813242676982809e-07 4.564660717276036099e-04 6.765199039021568694e+01
1.556196527837648091e+03 3.618470005205262017e-07 4.177258382664814323e-04 6.908576355065549990e+01
1.635984429996447261e+03 3.180451579109319751e-07 3.822734848507306133e-04 7.054992318551742869e+01
1.719863145376471039e+03 2.795455602093666121e-07 3.498299694037566095e-04 7.204511328637077838e+01
1.808042414456641382e+03 2.457063668130492914e-07 3.201399321243204843e-04 7.357199149314041620e+01
1.900742731340188357e+03 2.159634323909359783e-07 2.929696855739371045e-04 7.513122938332712408e+01
1.998195895104759757e+03 1.898209018147105152e-07 2.681053753455401125e-04 7.672351276743358994e+01
2.100645589420852957e+03 1.668429435800651945e-07 2.453512968359334266e-04 7.834954199061991176e+01
2.208347991887921125e+03 1.466464839031776330e-07 2.245283548734796849e-04 8.001003224066198527e+01
2.321572414611807289e+03 1.288948203605021715e-07 2.054726540773417953e-04 8.170571386262417946e+01
2.440601977625289692e+03 1.132920086016620034e-07 1.880342088524734922e-04 8.343733267997293979e+01
2.565734316835632853e+03 9.957792855524369933e-08 1.720757628675345457e-04 8.520565032273847805e+01
2.697282328269386653e+03 8.752394787365249592e-08 1.574717087233591173e-04 8.701144456243376624e+01
2.835574950475434889e+03 7.692911032125176608e-08 1.441070993091621657e-04 8.885550965414434188e+01
2.980957987042702825e+03 6.761678556095188740e-08 1.318767430649119379e-04 9.073865668595361456e+01
3.133794971289250043e+03 5.943172448640351210e-08 1.206843760285517735e-04 9.266171393558795444e+01
3.294468075284922634e+03 5.223747100847034379e-08 1.104419041515801659e-04 9.462552723470069793e+01
3.463379065480592999e+03 4.591408714694593061e-08 1.010687099193677193e-04 9.663096034111048027e+01
3.640950307333554974e+03 4.035615350128714116e-08 9.249101781823983669e-05 9.867889531841802864e+01
3.827625821441170956e+03 3.547101176610863773e-08 8.464131365561884375e-05 1.007702329242051889e+02
4.023872393823642142e+03 3.117721999127798842e-08 7.745781316222071888e-05 1.029058930061128052e+02
4.230180743132199495e+03 2.740319483397144070e-08 7.088397569401251434e-05 1.050868149064716022e+02
4.447066747701334862e+03 2.408601816705701984e-08 6.486805920618067837e-05 1.073139578753373513e+02
4.675072735513344924e+03 2.117038814849223582e-08 5.936271299653517674e-05 1.095883014926460106e+02
4.914768840300775992e+03 1.860769726442027986e-08 5.432460501259522265e-05 1.119108460988546909e+02
5.166754427177720572e+03 1.635522197588492683e-08 4.971408078917150073e-05 1.142826132349453445e+02
5.431659591364801599e+03 1.437541045940935548e-08 4.549485133190113564e-05 1.167046460918662802e+02
5.710146733755425885e+03 1.263525656705823625e-08 4.163370749002397598e-05 1.191780099692627317e+02
6.002912217263044113e+03 1.110574956911415448e-08 3.810025857035022139e-05 1.217037927440904070e+02
6.310688108091153481e+03 9.761390505783713938e-09 3.486669313500477009e-05 1.242831053489645825e+02
6.634244006280128815e+03 8.579767084917838815e-09 3.190756010030805718e-05 1.269170822610650902e+02
6.974388970108182548e+03 7.541180038626670059e-09 2.919956841369514004e-05 1.296068820008750038e+02
7.331973539158482708e+03 6.628314709724196403e-09 2.672140373208085868e-05 1.323536876417627468e+02
7.707891861111141225e+03 5.825952392876051801e-09 2.445356065872432262e-05 1.351587073304875730e+02
8.103083927578147268e+03 5.120716618097685091e-09 2.237818921810856671e-05 1.380231748185034064e+02
8.518537924572025076e+03 4.500850146821264299e-09 2.047895436048458032e-05 1.409483500044788968e+02
8.955292703485578386e+03 3.956018962766020907e-09 1.874090739028549872e-05 1.439355194887622247e+02
9.414440378761499232e+03 3.477139989834420368e-09 1.715036830635071924e-05 1.469859971389627162e+02
9.897129058747319505e+03 3.056229664898994587e-09 1.569481812796214839e-05 1.501011246680279783e+02
1.040456571656430970e+04 2.686270840953781110e-09 1.436280035913673068e-05 1.532822722242126758e+02
1.093801920816896018e+04 2.361095801744551984e-09 1.314383081565704083e-05 1.565308389939572180e+02
1.149882344515380282e+04 2.075283437553561964e-09 1.202831510504819506e-05 1.598482538170265173e+02
1.208838073022117533e+04 1.824068867938762715e-09 1.100747311004412040e-05 1.632359758151754363e+02
1.270816526367042752e+04 1.603264004701779529e-09 1.007326988112346107e-05 1.666954950338925414e+02
1.335972682966652428e+04 1.409187730766794764e-09 9.218352394190302480e-06 1.702283330977436435e+02
1.404469467150771925e+04 1.238604530957144087e-09 8.435991675625219342e-06 1.738360438795974119e+02
1.476478156558243427e+04 1.088670551561235675e-09 7.720029839178303951e-06 1.775202141840328238e+02
1.552178810420236550e+04 9.568861894288702267e-10 7.064831617842143366e-06 1.812824644455147052e+02
1.631760719802116000e+04 8.410544201881856043e-10 6.465240009197056420e-06 1.851244494407571324e+02
1.715422880929701932e+04 7.392441708668119614e-10 5.916535685148309305e-06 1.890478590170076245e+02
1.803374492783486858e+04 6.497581262794923392e-10 5.414399846538849182e-06 1.930544188348902139e+02
1.895835480205053682e+04 5.711044324789129630e-10 4.954880230299002051e-06 1.971458911276223489e+02
1.993037043823734348e+04 5.019718255234445830e-10 4.534360001562790935e-06 2.013240754761618518e+02
2.095222238178608313e+04 4.412077709246787494e-10 4.149529285903066792e-06 2.055908096003628884e+02
2.202646579481454319e+04 3.877992493329457483e-10 3.797359117633089879e-06 2.099479701677705350e+02
2.315578684540369068e+04 3.408558681278039208e-10 3.475077599105608212e-06 2.143974736189243799e+02
2.434300942441707230e+04 2.995950173626641989e-10 3.180148083368883576e-06 2.189412770098937528e+02
2.559110220669883711e+04 2.633288225945419221e-10 2.910249208465930685e-06 2.235813788735423486e+02
2.690318607430719567e+04 2.314526770820370076e-10 2.663256626214831673e-06 2.283198200983167112e+02
2.828254192034512744e+04 2.034351621696122307e-10 2.437226281668465355e-06 2.331586848260027693e+02
2.973261885290210193e+04 1.788091878163854435e-10 2.230379111643168206e-06 2.381001013682032124e+02
3.125704281962085952e+04 1.571642055707707470e-10 2.041087041884399522e-06 2.431462431427005413e+02
3.285962567445517197e+04 1.381393641699615455e-10 1.867860172650266651e-06 2.482993296294801553e+02
3.454437470929026313e+04 1.214174936587846306e-10 1.709335051851398210e-06 2.535616273464363815e+02
3.631550267425979837e+04 1.067198177359690982e-10 1.564263943452526044e-06 2.589354508468209133e+02
3.817743831181556016e+04 9.380130617425649762e-11 1.431505006660550095e-06 2.644231637369989585e+02
4.013483743089039490e+04 8.244658983364297302e-11 1.310013308605451684e-06 2.700271797161598784e+02
4.219259454884566367e+04 7.246637016510338378e-11 1.198832599773055048e-06 2.757499636376512626e+02
4.435585513031406299e+04 6.369426334678221165e-11 1.097087787458351026e-06 2.815940325937874604e+02
4.663002845354139572e+04 5.598402643936999855e-11 1.003978047992664729e-06 2.875619570220883929e+02
4.902080113639969204e+04 4.920711931779341597e-11 9.187705235388258271e-07 2.936563618365472621e+02
5.153415135589398415e+04 4.325056173260135001e-11 8.407945538366746862e-07 2.998799275818437877e+02
5.417636379671867326e+04 3.801504977571695671e-11 7.694363975005548542e-07 3.062353916124121724e+02
5.695404536624281900e+04 3.341330034936688817e-11 7.041344013196769272e-07 3.127255492964367249e+02
5.987414171521994285e+04 2.936859603825010622e-11 6.443745795395159742e-07 3.193532552453513063e+02
6.294395460553275188e+04 2.581350612598972132e-11 5.896865683291885812e-07 3.261214245694001761e+02
6.617116016840114025e+04 2.268876243347354139e-11 5.396399235928120674e-07 3.330330341598182144e+02
6.956382809870861820e+04 1.994227123778067990e-11 4.938407329852717835e-07 3.400911239981789436e+02
7.313044183344273188e+04 1.752824479904128917e-11 4.519285154658985718e-07 3.472987984934890164e+02
7.687991976470644295e+04 1.540643801660475939e-11 4.135733839867869844e-07 3.546592278476941260e+02
8.082163754034375597e+04 1.354147748851373361e-11 3.784734489832164040e-07 3.621756494496544292e+02
8.496545150794286747e+04 1.190227178886990374e-11 3.463524422303254558e-07 3.698513692999669047e+02
8.932172336083906703e+04 1.046149313147399719e-11 3.169575423617549385e-07 3.776897634639166768e+02
9.390134604774527543e+04 9.195121778534799955e-12 2.900573849373814299e-07 3.856942795572950899e+02
9.871577101079767453e+04 8.082045598989181418e-12 2.654402413957638103e-07 3.938684382623780493e+02
1.037770368201258680e+05 7.103708100595544943e-12 2.429123525589675815e-07 4.022158348765428855e+02
1.090977992765488161e+05 6.243799067995621964e-12 2.222964035726417329e-07 4.107401408936106577e+02
1.146913630576689611e+05 5.487982649265039244e-12 2.034301282778143165e-07 4.194451056187904214e+02
1.205717149864963576e+05 4.823658357778609705e-12 1.861650320294089939e-07 4.283345578173911008e+02
1.267535590057915979e+05 4.239751004986046576e-12 1.703652229092682846e-07 4.374124073994219657e+02
1.332523529455816897e+05 3.726526061965590054e-12 1.559063421337881821e-07 4.466826471389376252e+02
1.400843471757866791e+05 3.275427371602090282e-12 1.426745852378740646e-07 4.561493544302976488e+02
1.472666252406089625e+05 2.878934505822662368e-12 1.305658063309011140e-07 4.658166930815567071e+02
1.548171465762921434e+05 2.530437389842785093e-12 1.194846983743885666e-07 4.756889151458715901e+02
1.627547914190663723e+05 2.224126103239058238e-12 1.093440430294450226e-07 4.857703627918106122e+02
1.710994080155731353e+05 1.954894020679782542e-12 1.000640241695295511e-07 4.960654702127565088e+02
1.798718622538203781e+05 1.718252677545596640e-12 9.157159965544594865e-08 5.065787655778946146e+02
1.890940898387710622e+05 1.510256941123578691e-12 8.379992642761103639e-08 5.173148730234383947e+02
1.987891511430313694e+05 1.327439239885260731e-12 7.668783439075134488e-08 5.282785146865915067e+02
2.089812888697938761e+05 1.166751754357656990e-12 7.017934494993675632e-08 5.394745127824004385e+02
2.196959886722229712e+05 1.025515605833123533e-12 6.422323040847104358e-08 5.509077917254744534e+02
2.309600428808625729e+05 9.013761958177246083e-13 5.877261075948344416e-08 5.625833802940929900e+02
2.428016174984180834e+05 7.922639516801568575e-13 5.378458469803988618e-08 5.745064138445152366e+02
2.552503226294341730e+05 6.963598240603939841e-13 4.921989194896965835e-08 5.866821365678208622e+02
2.683372865209793090e+05 6.120649608467682280e-13 4.504260425304607157e-08 5.991159037972602164e+02
2.820952333994774381e+05 5.379740521386908160e-13 4.121984257909355990e-08 6.118131843636153917e+02
2.965585652983192704e+05 4.728519018212165761e-13 3.772151833628385624e-08 6.247795630005801968e+02
3.117634480808650260e+05 4.156128351676549133e-13 3.452009654972465233e-08 6.380207428012729451e+02
3.277479018739408348e+05 3.653025991663813786e-13 3.159037913529465892e-08 6.515425477260924936e+02
3.445518961379595567e+05 3.210824538272076610e-13 2.890930656796266237e-08 6.653509251651856857e+02
3.622174496113909991e+05 2.822151892457397742e-13 2.645577638245884464e-08 6.794519485537554147e+02
3.807887353794944938e+05 2.480528353127335323e-13 2.421047707779703103e-08 6.938518200435065637e+02
4.003121913300411543e+05 2.180258591719339135e-13 2.215573611829838684e-08 7.085568732304352579e+02
4.208366362722213962e+05 1.916336703337871383e-13 2.027538083476913103e-08 7.235735759413864798e+02
4.424133920090965694e+05 1.684362751513735549e-13 1.855461113094788380e-08 7.389085330773957594e+02
4.650964116688389913e+05 1.480469415288378352e-13 1.697988299338280617e-08 7.545684895197066453e+02
4.889424146156553179e+05 1.301257515718958439e-13 1.553880188780014717e-08 7.705603330966127942e+02
5.140110282777408138e+05 1.143739346945746670e-13 1.422002520290617405e-08 7.868910976124958552e+02
5.403649372469085502e+05 1.005288867076264077e-13 1.301317297378136833e-08 8.035679659415156948e+02
5.680700400227193022e+05 8.835979185001079760e-14 1.190874618217859831e-08 8.205982731878123104e+02
5.971956137930564582e+05 7.766377477632171133e-14 1.089805199064587874e-08 8.379895099099443314e+02
6.278144876631795196e+05 6.826251834936263217e-14 9.973135322050601409e-09 8.557493254173451760e+02
6.600032247664229944e+05 5.999929085109093449e-14 9.126716245923312459e-09 8.738855311340519165e+02
6.938423137119094608e+05 5.273633305188160387e-14 8.352132678818871007e-09 8.924061040336262067e+02
7.294163698479967425e+05 4.635256157714516493e-14 7.643287947707287933e-09 9.113191901499337746e+02
7.668143468447235646e+05 4.074155028276843190e-14 6.994602803629757742e-09 9.306331081570681363e+02
8.061297591243179049e+05 3.580975598687364549e-14 6.400971507979360283e-09 9.503563530314715990e+02
8.474609156959623797e+05 3.147495897772003181e-14 5.857721645708337196e-09 9.704975997849813893e+02
8.909111659795242595e+05 2.766489229952580166e-14 5.360577349208008575e-09 9.910657072833949996e+02
9.365891582329371013e+05 2.431603696407725081e-14 4.905625643360557890e-09 1.012069722142166711e+03
9.846091112294379855e+05 2.137256300280986317e-14 4.489285646878269764e-09 1.033518882701728216e+03
1.035091099863994634e+06 1.878539870558399586e-14 4.108280387551027245e-09 1.055422623099606426e+03
1.088161355403086869e+06 1.651141252832984594e-14 3.759611009483783213e-09 1.077790577407273304e+03
1.143952581128624268e+06 1.451269403188242606e-14 3.440533169418625377e-09 1.100632583881862274e+03
1.202604284165272489e+06 1.275592186321881407e-14 3.148535436246374240e-09 1.123958689279817236e+03
1.264263124320930336e+06 1.121180824340618599e-14 2.881319523793105009e-09 1.147779153287674262e+03
1.329083280812643003e+06 9.854610700413312705e-15 2.636782201215691988e-09 1.172104453025675411e+03
1.397226837794951163e+06 8.661702907179908036e-15 2.412998738679816033e-09 1.196945287659918904e+03
1.468864189654704416e+06 7.613197470006341257e-15 2.208207757996547998e-09 1.222312583109506249e+03
1.544174467085782439e+06 6.691614378650531823e-15 2.020797368979503515e-09 1.248217496848225665e+03
1.623345985009134281e+06 5.881589590837922790e-15 1.849292482415867022e-09 1.274671422816534459e+03
1.706576713458170416e+06 5.169618892775132181e-15 1.692343199776676493e-09 1.301685996428524277e+03
1.794074772606963990e+06 4.543832765578942468e-15 1.548714188298041740e-09 1.329273099693548147e+03
1.886058953179090517e+06 3.993798504261546326e-15 1.417274957794177702e-09 1.357444866441355316e+03
1.982759263538399944e+06 3.510346290349820579e-15 1.296990962675006170e-09 1.386213687654004161e+03
2.084417504829733167e+06 3.085416318585154521e-15 1.186915459142742183e-09 1.415592216927029995e+03
2.191287875607731752e+06 2.711924428981114442e-15 1.086182053455362443e-09 1.445593376021219001e+03
2.303637607465630397e+06 2.383644004280460527e-15 9.939978826298383092e-10 1.476230360557401127e+03
2.421747633253435604e+06 2.095102163773046443e-15 9.096373738913509850e-10 1.507516645816034497e+03
2.545913289556382690e+06 1.841488522932993663e-15 8.324365337582165538e-10 1.539465992659321046e+03
2.676445055190230254e+06 1.618574997789896401e-15 7.617877218165341096e-10 1.572092453596037558e+03
2.813669327560023405e+06 1.422645317003875722e-15 6.971348680361797876e-10 1.605410378946373612e+03
2.957929238823618274e+06 1.250433066592151189e-15 6.379690960012596571e-10 1.639434423170692071e+03
3.109585513900805730e+06 1.099067234353155785e-15 5.838247175885975893e-10 1.674179551297851503e+03
