# [1] k:    [h/Mpc] 
# [2] P:    [Mpc^3/h^3] 
# [3] T:    [Mpc^3/h^3] 
# [4] Delta_k 
3.059023205018257859e-07 1.674517647471761128e+00 3.949809060980226059e+04 2.428333337664829365e-21
3.215862678579245412e-07 1.755718751998415428e+00 3.947840899972231273e+04 2.958132979000145472e-21
3.380743483904743061e-07 1.840857479629666171e+00 3.945873719685390097e+04 3.603521224094806243e-21
3.554077908890640533e-07 1.930124774512601116e+00 3.943907519630118622e+04 4.389716522105374273e-21
3.736299379885273404e-07 2.023720840103695462e+00 3.941942299317973811e+04 5.347439336724181757e-21
3.927863545481053003e-07 2.121855588171675855e+00 3.939978058259861427e+04 6.514112543699680856e-21
4.129249415873286729e-07 2.224749109579125417e+00 3.938014795969618717e+04 7.935323724120804763e-21
4.340960560635169786e-07 2.332632167883725849e+00 3.936052511958635296e+04 9.666606492314472452e-21
4.563526367904018199e-07 2.445746716883868022e+00 3.934091205738548888e+04 1.177561046352492029e-20
4.797503368127355169e-07 2.564346443261905861e+00 3.932130876823921426e+04 1.434474465253008625e-20
5.043476625678916271e-07 2.688697335531270660e+00 3.930171524726874486e+04 1.747439759354052422e-20
5.302061201824328858e-07 2.819078280582907325e+00 3.928213148959774117e+04 2.128686000716898360e-20
5.573903692694645323e-07 2.955781689160467351e+00 3.926255749037909118e+04 2.593110329208263886e-20
5.859683846113473662e-07 3.099114151654493554e+00 3.924299324474127934e+04 3.158860056007325216e-20
6.160116261320592563e-07 3.249397125710297818e+00 3.922343874782418425e+04 3.848041767079445643e-20
6.475952175842278093e-07 3.406967657171574348e+00 3.920389399476116523e+04 4.687585134713842393e-20
6.807981343976415384e-07 3.572179135993152510e+00 3.918435898071476549e+04 5.710295190448883877e-20
7.157034011589609116e-07 3.745402088794212769e+00 3.916483370082319016e+04 6.956134176761828937e-20
7.523982992164306405e-07 3.927025009859679727e+00 3.914531815023598028e+04 8.473783065724466605e-20
7.909745849287134463e-07 4.117455232430916823e+00 3.912581232410509256e+04 1.032254376070487227e-19
8.315287191035797356e-07 4.317119842248872352e+00 3.910631621758489928e+04 1.257465630937280453e-19
8.741621082001717898e-07 4.526466635396898752e+00 3.908682982583219564e+04 1.531812167275819552e-19
9.189813578979717484e-07 4.745965122589430152e+00 3.906735314399730123e+04 1.866014034963469126e-19
9.660985396665287929e-07 4.976107582171660049e+00 3.904788616725958855e+04 2.273130122000954882e-19
1.015631471002508262e-06 5.217410164159858255e+00 3.902842889077420841e+04 2.769068428603361876e-19
1.067704010034801725e-06 5.470414047838257687e+00 3.900898130969872727e+04 3.373207669930845534e-19
1.122446365234364056e-06 5.735686655491949892e+00 3.898954341921972082e+04 4.109154496490467831e-19
1.179995421003214005e-06 6.013822924973776907e+00 3.897011521449957218e+04 5.005665920466139027e-19
1.240495079956737545e-06 6.305446644002861589e+00 3.895069669070308737e+04 6.097772991671459154e-19
1.304096622755184042e-06 6.611211849168062038e+00 3.893128784302403801e+04 7.428149630591510442e-19
1.370959086384113674e-06 6.931804292746021723e+00 3.891188866663203225e+04 9.048780105428514079e-19
1.441249661829700436e-06 7.267942980677410958e+00 3.889249915670794144e+04 1.102299030961747839e-18
1.515144112143284134e-06 7.620381785108381045e+00 3.887311930843502341e+04 1.342792221163911854e-18
1.592827211940548929e-06 7.989911135127360176e+00 3.885374911699013319e+04 1.635754816589385986e-18
1.674493209434307728e-06 8.377359789507382359e+00 3.883438857757898950e+04 1.992634286842488567e-18
1.760346312156213177e-06 8.783596695376292729e+00 3.881503768538324221e+04 2.427375643850516615e-18
1.850601197581954108e-06 9.209532937054669688e+00 3.879569643559573888e+04 2.956966341121936427e-18
1.945483549936765273e-06 9.656123779374231830e+00 3.877636482340292423e+04 3.602100055949366786e-18
2.045230624523543909e-06 1.012437081010739170e+01 3.875704284402009944e+04 4.387985291761284006e-18
2.150091840984688092e-06 1.061532418624377705e+01 3.873773049263847497e+04 5.345330396614655506e-18
2.260329406981118614e-06 1.113008498923765188e+01 3.871842776446048811e+04 6.511543487308251788e-18
2.376218973848010330e-06 1.166980769444207588e+01 3.869913465468658251e+04 7.932194165949046245e-18
2.498050325866710336e-06 1.223570276030913817e+01 3.867985115853275784e+04 9.662794145346289583e-18
2.626128104876382668e-06 1.282903934311663363e+01 3.866057727119983610e+04 1.177096636087527220e-17
2.760772572037287162e-06 1.345114814337923903e+01 3.864131298790859728e+04 1.433908732658044875e-17
2.902320408650496801e-06 1.410342439024264394e+01 3.862205830386463640e+04 1.746750598512142450e-17
3.051125558036519890e-06 1.478733097064236723e+01 3.860281321428909723e+04 2.127846482772020758e-17
3.207560110577962700e-06 1.550440171017616997e+01 3.858357771440991928e+04 2.592087650122448047e-17
3.372015234139298021e-06 1.625624481305309743e+01 3.856435179943106778e+04 3.157614254747049799e-17
3.544902152190277809e-06 1.704454646892492420e+01 3.854513546458961355e+04 3.846524164147422675e-17
3.726653172078803499e-06 1.787107463453073564e+01 3.852592870510308421e+04 4.685736430003452837e-17
3.917722766024474580e-06 1.873768299879622390e+01 3.850673151620452700e+04 5.708043146097860960e-17
4.118588707535861475e-06 1.964631514016818770e+01 3.848754389312936837e+04 6.953390794475053817e-17
4.329753266093139866e-06 2.059900888554420106e+01 3.846836583110228094e+04 8.470441148247497456e-17
4.551744463083409039e-06 2.159790088062256785e+01 3.844919732536780066e+04 1.031847272311369322e-16
4.785117392129195949e-06 2.264523138180915041e+01 3.843003837115535134e+04 1.256969707647927882e-16
5.030455607111644826e-06 2.374334928057709604e+01 3.841088896371860028e+04 1.531208046328464487e-16
5.288372581359179674e-06 2.489471737136148732e+01 3.839174909828298405e+04 1.865278110422593926e-16
5.559513241650373021e-06 2.610191787503806182e+01 3.837261877010251919e+04 2.272233637724307748e-16
5.844555580866815540e-06 2.736765823014154364e+01 3.835349797442923591e+04 2.767976354602328542e-16
6.144212353328471540e-06 2.869477716493549480e+01 3.833438670650441782e+04 3.371877333577901674e-16
6.459232857050738118e-06 3.008625106398916671e+01 3.831528496158919006e+04 4.107533915090995396e-16
6.790404807379771878e-06 3.154520064338747432e+01 3.829619273492958746e+04 5.003691770043155363e-16
7.138556306691162195e-06 3.307489794973585617e+01 3.827711002178708441e+04 6.095368132594701394e-16
7.504557915077204533e-06 3.467877369850417324e+01 3.825803681742987101e+04 7.425220093352793910e-16
7.889324827200587103e-06 3.636042496817809422e+01 3.823897311710238864e+04 9.045211418795040456e-16
8.293819160757753291e-06 3.812362326767716780e+01 3.821991891608189326e+04 1.101864302769433407e-15
8.719052362274285227e-06 3.997232299477910544e+01 3.820087420962625765e+04 1.342262646503215436e-15
9.166087736248057605e-06 4.191067030487691625e+01 3.818183899300875055e+04 1.635109702410270536e-15
9.636043103964330830e-06 4.394301240970925448e+01 3.816281326150500536e+04 1.991848425404578459e-15
1.013009359863121538e-05 4.607390732700189773e+01 3.814379701037996711e+04 2.426418327735118413e-15
1.064947460382478790e-05 4.830813410299104760e+01 3.812479023491832049e+04 2.955800163345427358e-15
1.119548484259151579e-05 5.065070353050718666e+01 3.810579293038973265e+04 3.600679448290371246e-15
1.176948962493235138e-05 5.310686938698515291e+01 3.808680509208790318e+04 4.386254744188339204e-15
1.237292426178888029e-05 5.568214021718971196e+01 3.806782671527856292e+04 5.343222288238057533e-15
1.300729765406831334e-05 5.838229168762355670e+01 3.804885779526009719e+04 6.508975444109487606e-15
1.367419606568169201e-05 6.121337953970618173e+01 3.802989832731161732e+04 7.929065842024180834e-15
1.437528709002991615e-05 6.418175317133810154e+01 3.801094830672754324e+04 9.658983301903680732e-15
1.511232381985586521e-05 6.729406987692175335e+01 3.799200772880464501e+04 1.176632408978174340e-14
1.588714923088939049e-05 7.055730977790280178e+01 3.797307658882907708e+04 1.433343223178172388e-14
1.670170079024660794e-05 7.397879147746748174e+01 3.795415488210228796e+04 1.746061709463674124e-14
1.755801530110687162e-05 7.756618847425359320e+01 3.793524260393239092e+04 2.127007295919395138e-14
1.845823399578163895e-05 8.132754637189779601e+01 3.791633974960396154e+04 2.591065374362915696e-14
1.940460788991057802e-05 8.527130092347059076e+01 3.789744631443408434e+04 3.156368944809865908e-14
2.039950341117315543e-05 8.940629695047503844e+01 3.787856229372066446e+04 3.845007159731562244e-14
2.144540831659045798e-05 9.374180817964182211e+01 3.785968768277684285e+04 4.683888454389000046e-14
2.254493791321357228e-05 9.828755804144809360e+01 3.784082247691810335e+04 5.705791989915321548e-14
2.370084159775344190e-05 1.030537414771866764e+02 3.782196667144936509e+04 6.950648494130590286e-14
2.491600973150475266e-05 1.080510478037389817e+02 3.780312026169506862e+04 8.467100548768511693e-14
2.619348086775470484e-05 1.132906846867638393e+02 3.778428324296481151e+04 1.031440329107121182e-13
2.753644934974891994e-05 1.187844032767860654e+02 3.776545561058770545e+04 1.256473979942966505e-13
2.894827329821342076e-05 1.245445245637872489e+02 3.774663735987801192e+04 1.530604163635915770e-13
3.043248300840562692e-05 1.305839670102101593e+02 3.772782848616949195e+04 1.864542476117551971e-13
3.199278977769132648e-05 1.369162755235394400e+02 3.770902898478537099e+04 2.271337507006509396e-13
3.363309518572123809e-05 1.435556518341012691e+02 3.769023885105120280e+04 2.766884711296927811e-13
3.535750085041236633e-05 1.505169863459577755e+02 3.767145808030557964e+04 3.370547521886885768e-13
3.717031868412924126e-05 1.578158915321095606e+02 3.765268666788299015e+04 4.105913972821095491e-13
3.907608167571078754e-05 1.654687369492595224e+02 3.763392460911811213e+04 5.001718398193608494e-13
4.107955522530357004e-05 1.734926859504914773e+02 3.761517189934581256e+04 6.092964221954704823e-13
4.318574906034433776e-05 1.819057341783497748e+02 3.759642853391396056e+04 7.422291711470979089e-13
4.539992976248807967e-05 1.907267499242413749e+02 3.757769450816421886e+04 9.041644139590377293e-13
4.772763393680535859e-05 1.999755164452293741e+02 3.755896981744267396e+04 1.101429746026341609e-12
5.017468205617894183e-05 2.096727763327415914e+02 3.754025445709776977e+04 1.341733280698008054e-12
5.274719301551768723e-05 2.198402780328402173e+02 3.752154842248022760e+04 1.634464842653333853e-12
5.545159943218107865e-05 2.305008246223595734e+02 3.750285170894311159e+04 1.991062873896971459e-12
5.829466373087315435e-05 2.416783249503114348e+02 3.748416431184180692e+04 2.425461389169615639e-12
6.128349505322671351e-05 2.533978472592521314e+02 3.746548622653398343e+04 2.954634445490149551e-12
6.442556703436033705e-05 2.656856754068658688e+02 3.744681744837966107e+04 3.599259400895136055e-12
6.772873649085907528e-05 2.785693678138572977e+02 3.742815797274113720e+04 4.384524879111701536e-12
7.120126306690828879e-05 2.920778192704018466e+02 3.740950779498516931e+04 5.341115011263347731e-12
7.485182988770643921e-05 3.062413257395483015e+02 3.739086691047444037e+04 6.506408413702275752e-12
7.868956527180084881e-05 3.210916523033941417e+02 3.737223531457819627e+04 7.925938751855810538e-12
8.272406555663884206e-05 3.366621044039630419e+02 3.735361300267223123e+04 9.655173961394606610e-12
8.696541909440986997e-05 3.529876025385518687e+02 3.733499997013040411e+04 1.176168364952041065e-11
9.142423147818073699e-05 3.701047605773659939e+02 3.731639621232462378e+04 1.432777936726050460e-11
9.611165206140254191e-05 3.880519678791517890e+02 3.729780172463548661e+04 1.745373092102045620e-11
1.010394018371016720e-04 4.068694753884539068e+02 3.727921650244375633e+04 2.126168440026947918e-11
1.062198027464676133e-04 4.265994859081093296e+02 3.726064054113251041e+04 2.590043501772020376e-11
1.116658084901241013e-04 4.472862487492163837e+02 3.724207383608711098e+04 3.155124126001251834e-11
1.173910369191279803e-04 4.689761589708987231e+02 3.722351638269522664e+04 3.843490753597144419e-11
1.234098040866900780e-04 4.917178614324279806e+02 3.720496817634683975e+04 4.682041207586037689e-11
1.297371600457651012e-04 5.155623598910577812e+02 3.718642921243421006e+04 5.703541721550197389e-11
1.363889264820232711e-04 5.405631313902647435e+02 3.716789948635188921e+04 6.947907275304801020e-11
1.433817362763056455e-04 5.667762461949531598e+02 3.714937899349779764e+04 8.463761266765245552e-11
1.507330750954898936e-04 5.942604935424010364e+02 3.713086772926792764e+04 1.031033546394653451e-10
1.584613251157653230e-04 6.230775134916774505e+02 3.711236568906792672e+04 1.255978447744586606e-10
1.665858109876483387e-04 6.532919351658855476e+02 3.709387286829837103e+04 1.530000519105313106e-10
1.751268481576742783e-04 6.849715216989447981e+02 3.707538926236634870e+04 1.863807131934621632e-10
1.841057936675958640e-04 7.181873222105997456e+02 3.705691486668015568e+04 2.270441729707186048e-10
1.935450995581117185e-04 7.530138311513442204e+02 3.703844967665251170e+04 2.765793498518037586e-10
2.034683690106629794e-04 7.895291553737864660e+02 3.701999368768999557e+04 3.369218234651395659e-10
2.139004153676812446e-04 8.278151893070154301e+02 3.700154689521512773e+04 4.104294669429157820e-10
2.248673241788693637e-04 8.679577986235889284e+02 3.698310929464118090e+04 4.999745804606994966e-10
2.363965184286629729e-04 9.100470128147263722e+02 3.696468088138893654e+04 6.090561259375169619e-10
2.485168271079757005e-04 9.541772271029391277e+02 3.694626165088094422e+04 7.419364484494712723e-10
2.612585573016925852e-04 1.000447414146019128e+03 3.692785159853994264e+04 9.038078267260647912e-10
2.746535699721688829e-04 1.048961346007379916e+03 3.690945071979408385e+04 1.100995360665247427e-09
2.887353596282311993e-04 1.099827826889705420e+03 3.689105901007223292e+04 1.341204123665806220e-09
3.035391380788964293e-04 1.153160937154677185e+03 3.687267646480449184e+04 1.633820237218096560e-09
3.191019224812350285e-04 1.209080289175847156e+03 3.685430307942480431e+04 1.990277632197712043e-09
3.354626279025451924e-04 1.267711295598165179e+03 3.683593884936885297e+04 2.424504828004376585e-09
3.526621646282911485e-04 1.329185450606164522e+03 3.681758377007513627e+04 2.953469187374549464e-09
3.707435404591257876e-04 1.393640624831246441e+03 3.679923783698285115e+04 3.597839913542484796e-09
3.897519682527942697e-04 1.461221374560106369e+03 3.678090104553503625e+04 4.382795696266008773e-09
4.097349789798286580e-04 1.532079265936925594e+03 3.676257339117660740e+04 5.339008565362919569e-09
4.307425405757319271e-04 1.606373214887074710e+03 3.674425486935448862e+04 6.503842395689106972e-09
4.528271828868440083e-04 1.684269843524465614e+03 3.672594547551812866e+04 7.922812894960794984e-09
4.760441290223192071e-04 1.765943853841771670e+03 3.670764520511873707e+04 9.651366123226161989e-09
5.004514334406633081e-04 1.851578419521979640e+03 3.668935405361055018e+04 1.175704503937039259e-08
5.261101271161193775e-04 1.941351866384656205e+03 3.667094233760749194e+04 1.432202743845919805e-08
5.530843701478924991e-04 2.035453125904346962e+03 3.665231624439396546e+04 1.744638779503176536e-08
5.814416121938181326e-04 2.134062402853541244e+03 3.663324247356006526e+04 2.125179916387163555e-08
6.112527611296385451e-04 2.237403185051178298e+03 3.661380465476948302e+04 2.588671919114400778e-08
6.425923603556274889e-04 2.345626088947054541e+03 3.659342475409579492e+04 3.153085274877508592e-08
6.755387751939181127e-04 2.459037017783376541e+03 3.657270889737054677e+04 3.840485872129049581e-08
7.101743888426273075e-04 2.577704274135109699e+03 3.655039482477144338e+04 4.677333849241993033e-08
7.465858083767621441e-04 2.702043918854161348e+03 3.652772794706854620e+04 5.696418045773747577e-08
7.848640813110194670e-04 2.832069984676902550e+03 3.650306899026646715e+04 6.936774925072987090e-08
8.251049232659968648e-04 2.968229850751682079e+03 3.647766946206062858e+04 8.446860517639421093e-08
8.674089573071004124e-04 3.110604110863500409e+03 3.645034315307596989e+04 1.028458349436888297e-07
9.118819655546198935e-04 3.259543209878078414e+03 3.642156076921855129e+04 1.252111146094716635e-07
9.586351536941296880e-04 3.415291731038830221e+03 3.639108594511019328e+04 1.524256718323623520e-07
1.007785429048626679e-03 3.578010311754893792e+03 3.635823874208804773e+04 1.855308231431940319e-07
1.059455692907732439e-03 3.748208906330454738e+03 3.632410046465195046e+04 2.258096221886249600e-07
1.113775147844932919e-03 3.925738599763313232e+03 3.628645935186158022e+04 2.747794224100399649e-07
1.170879620791311689e-03 4.111499122127573173e+03 3.624807408212410519e+04 3.343545228106637001e-07
1.230911902673626282e-03 4.304898055332748299e+03 3.620488750615747995e+04 4.067373399583340129e-07
1.294022105466001958e-03 4.507130539367529309e+03 3.616069475350902212e+04 4.947610262056018764e-07
1.360368037548055848e-03 4.717693395738854633e+03 3.611207841702645237e+04 6.016850625324127407e-07
1.430115598308045934e-03 4.937455398263005009e+03 3.606119814407494414e+04 7.316222000633350581e-07
1.503439192977754080e-03 5.166331901910341003e+03 3.600647794387404429e+04 8.894267051454078195e-07
1.580522168736409397e-03 5.404652076081677478e+03 3.594796349486945837e+04 1.081035051233902952e-06
1.661557273174137529e-03 5.652987477749581558e+03 3.588643885771970963e+04 1.313694040720985760e-06
1.746747136261333697e-03 5.910834628583054837e+03 3.581926644293437130e+04 1.595912909004025914e-06
1.836304777029133936e-03 6.179733756055846243e+03 3.575016875908360089e+04 1.938537986358245908e-06
1.930454136227949345e-03 6.457975288922771142e+03 3.567322181506497145e+04 2.353667454490566656e-06
2.029430636295988157e-03 6.748109828166652733e+03 3.559476638063146675e+04 2.857426300923094874e-06
2.133481770037976965e-03 7.047846693678273368e+03 3.550783809392117837e+04 3.467316740984442849e-06
2.242867719486086112e-03 7.359648294260266994e+03 3.541811696544626466e+04 4.206668609037137999e-06
2.357862006490532136e-03 7.681933187669301333e+03 3.532101142891036579e+04 5.101477059541697995e-06
2.478752176666675511e-03 8.015859878047211168e+03 3.521874351542313525e+04 6.184715142467402444e-06
2.605840518408833982e-03 8.361329048414423596e+03 3.511053019153985952e+04 7.495300890398510891e-06
2.739444818768723561e-03 8.717560652111082163e+03 3.499436763032706222e+04 9.079311300223085986e-06
2.879899158088616417e-03 9.086615428307755792e+03 3.487407249040951865e+04 1.099522825213453317e-05
3.027554745376210416e-03 9.464977791708868608e+03 3.474260050794225390e+04 1.330656234563127745e-05
3.182780796510085389e-03 9.857643038621299638e+03 3.460907544663662702e+04 1.610139609153861726e-05
3.345965457471714814e-03 1.025761300822397243e+04 3.446097334563610639e+04 1.946618868657606785e-05
3.517516774912597243e-03 1.067182731945534579e+04 3.431031539473656449e+04 2.352976447247768284e-05
3.697863716483424691e-03 1.109407560810556970e+04 3.414694123832556215e+04 2.841934631494502368e-05
3.887457243476651579e-03 1.152846260113864992e+04 3.397761373999661009e+04 3.431140722577326834e-05
4.086771438464619106e-03 1.197190579737928601e+04 3.379790288881881133e+04 4.139754609757652565e-05
4.296304690752923532e-03 1.242440881967322093e+04 3.360832790711145935e+04 4.991501581531277635e-05
4.516580942613284376e-03 1.288737853718931365e+04 3.341121450957074558e+04 6.015396201318862462e-05
4.748150999412126434e-03 1.335514484525700391e+04 3.319977973128480517e+04 7.242565424011824257e-05
4.991593906910903912e-03 1.383529503513020973e+04 3.298420677407686890e+04 8.717188184169882099e-05
5.247518399182111472e-03 1.431455545836983038e+04 3.274927541394835862e+04 1.047876339750013192e-04
5.516564420761540903e-03 1.480651812435247666e+04 3.251173639442432250e+04 1.259300233341136487e-04
5.799404726842954938e-03 1.529469598941632285e+04 3.225410898884430208e+04 1.511337166411607659e-04
6.096746565516493986e-03 1.579164099614576480e+04 3.199110097982070874e+04 1.812975553829747127e-04
6.409333446257287764e-03 1.628556402021969188e+04 3.171158055609365329e+04 2.172259285152192555e-04
6.737946999086424568e-03 1.678096109674036416e+04 3.142142179341170049e+04 2.600577860638132234e-04
7.083408929053131541e-03 1.727485386381808712e+04 3.111899331420461749e+04 3.110366636881594380e-04
7.446583070925409317e-03 1.776078174887127170e+04 3.079997173109185314e+04 3.715381826951247952e-04
7.828377549226901017e-03 1.824774160226240201e+04 3.047367077262343446e+04 4.435010677223610387e-04
8.229747049021221908e-03 1.871476804256176547e+04 3.012405038138238160e+04 5.284624918142087667e-04
8.651695203121895217e-03 1.918622130166365241e+04 2.977260232641635957e+04 6.294530486502539430e-04
9.095277101697147801e-03 1.962374993231083135e+04 2.939097566705345889e+04 7.479973600408867810e-04
9.561601930544914862e-03 2.006126997814893548e+04 2.900702203806884063e+04 8.884247708724446165e-04
1.005183574463506743e-02 2.046563042415766904e+04 2.859811631071267402e+04 1.053007673255657722e-03
1.056720438385422289e-02 2.085582566624997708e+04 2.817990270953294385e+04 1.246745957959088415e-03
1.110899653824396448e-02 2.121541733139909411e+04 2.774294212920665814e+04 1.473487081139477619e-03
1.167856697039719623e-02 2.154328220637273262e+04 2.728874684845697993e+04 1.738404334070992041e-03
1.227733990307029038e-02 2.184545996365083192e+04 2.682311334690866352e+04 2.048067618901520948e-03
1.290681258048182248e-02 2.209461333900118916e+04 2.633132550938177155e+04 2.406654103819742124e-03
1.356855901220299469e-02 2.232602393591024520e+04 2.583664648537891117e+04 2.825418785897668671e-03
1.426423390900143431e-02 2.247919126905917074e+04 2.530589618989776864e+04 3.305188989285895527e-03
1.499557682048000690e-02 2.261640182726604326e+04 2.477673452772355085e+04 3.863521191111367586e-03
1.576441648485692182e-02 2.266616379052725460e+04 2.421153107644109332e+04 4.498647680895134261e-03
1.657267540176381518e-02 2.270017393841314333e+04 2.365095958741759023e+04 5.234525459999282010e-03
1.742237463949622076e-02 2.269401746747381185e+04 2.308292267979604367e+04 6.080001530896182727e-03
1.831563888873704443e-02 2.261498095276612003e+04 2.249231455460450161e+04 7.039352323229703876e-03
1.925470177538994923e-02 2.245285156013778396e+04 2.187624199091751871e+04 8.119927536822014666e-03
2.024191144580758314e-02 2.221044301563095360e+04 2.123814138976147660e+04 9.332157114205342011e-03
2.127973643838054069e-02 2.192673248156687623e+04 2.059803477564186687e+04 1.070392139011379883e-02
2.237077185616915750e-02 2.149609896496369038e+04 1.990763114317745567e+04 1.219194003918931679e-02
2.351774585601286785e-02 2.104250469421367234e+04 1.922602072782089817e+04 1.386611412280483284e-02
2.472352647034336062e-02 2.050682376935309730e+04 1.852639077506481772e+04 1.570000927722632958e-02
2.599112877875953478e-02 1.996318731389154709e+04 1.784257342026926199e+04 1.775724406327937321e-02
2.732372244729698585e-02 1.934574532848163290e+04 1.714494971492065451e+04 1.999287822400751952e-02
2.872463965424410307e-02 1.869703594658421571e+04 1.645245815640012734e+04 2.244950604447592049e-02
3.019738342232343442e-02 1.798883289700467139e+04 1.575240387397733321e+04 2.509465252097659027e-02
3.174563637807315680e-02 1.725448294266551238e+04 1.505903872100955596e+04 2.796561154197653096e-02
3.337326996033158216e-02 1.650958724901818277e+04 1.437855735071462550e+04 3.108871411917839972e-02
3.508435410085083278e-02 1.583449592979251065e+04 1.374517452079106442e+04 3.464295730261881395e-02
3.688316740124613496e-02 1.519988541809089656e+04 1.314526134823299981e+04 3.863627087521404740e-02
3.877420783172848273e-02 1.447914235561509122e+04 1.252337593848346478e+04 4.276041371218593928e-02
4.076220397837305304e-02 1.377808113401223454e+04 1.192464060140023503e+04 4.727504713221282462e-02
4.285212686704739649e-02 1.306704893290274231e+04 1.133549838358103989e+04 5.209126719417508239e-02
4.504920239356542677e-02 1.242383764558551229e+04 1.078898713490894625e+04 5.754231692571495915e-02
4.735892439114896407e-02 1.188763601937509338e+04 1.030152384260280269e+04 6.396924850204700752e-02
4.978706836787243073e-02 1.140213180763803393e+04 9.847991881074905905e+03 7.128628440246877196e-02
5.233970594844135349e-02 1.096697749068581288e+04 9.427554685997001798e+03 7.966197075461317612e-02
5.502322005641668845e-02 1.060273235095930795e+04 9.048267144154073321e+03 8.948001842785778537e-02
5.784432087484844831e-02 1.027940068535031241e+04 8.696436767252642312e+03 1.007906471319712366e-01
6.081006262522850592e-02 9.942966815259382201e+03 8.348652256359546300e+03 1.132694002355779800e-01
6.392786120671870020e-02 9.611915338616621739e+03 8.012430515042831757e+03 1.272186316807634998e-01
6.720551273976151097e-02 9.195242925793083486e+03 7.649654884515805861e+03 1.413995940817254215e-01
7.065121306044198912e-02 8.777941319553599897e+03 7.295541063504933845e+03 1.568273489458973380e-01
7.427357821434696361e-02 8.304896441641734782e+03 6.926745180569145305e+03 1.723881946358252759e-01
7.808166600116696332e-02 7.791677184257645422e+03 6.549053028165993055e+03 1.879093643507731282e-01
8.208499862391337165e-02 7.208120201947202986e+03 6.148582044348821000e+03 2.019685115953551158e-01
8.629358649938589920e-02 6.611715191843090906e+03 5.748068857117586958e+03 2.152384988530279819e-01
9.071795328942874881e-02 6.023487317098140920e+03 5.355374227654199785e+03 2.278232219413193482e-01
9.536916221556676621e-02 5.499458629178071533e+03 4.994899158117552361e+03 2.416651915027313302e-01
1.002588437228218304e-01 5.024881861289344670e+03 4.660479626127123993e+03 2.565453749058758115e-01
1.053992245618834284e-01 4.682716828888354939e+03 4.391547301243658694e+03 2.777668426243635746e-01
1.108031583623540345e-01 4.380861942022905168e+03 4.146191254716074582e+03 3.019160809618374741e-01
1.164841577735182265e-01 4.177884740353994857e+03 3.952289111295870043e+03 3.345240185021513546e-01
1.224564282530043596e-01 3.977232372344056785e+03 3.764106410637691624e+03 3.699951136788879325e-01
1.287349035878279091e-01 3.769187511966549664e+03 3.576812809650817144e+03 4.073867866350995848e-01
1.353352832366376823e-01 3.512728557069799990e+03 3.370509588878396698e+03 4.411110720870743407e-01
1.422740715865399574e-01 3.211204783291145759e+03 3.145634093786898575e+03 4.685064150511193959e-01
1.495686192226629019e-01 2.891596805300725009e+03 2.913694413341101153e+03 4.901504981500582891e-01
1.572371663136570008e-01 2.582405829985858418e+03 2.687746535810987552e+03 5.085812886416746226e-01
1.652988882216175348e-01 2.360987787354074499e+03 2.508556373997903393e+03 5.402239042597121177e-01
1.737739434504778357e-01 2.169649582758779161e+03 2.347322298676254832e+03 5.767848255423838610e-01
1.826835240527691917e-01 2.046613950727469046e+03 2.225342292822443142e+03 6.321269864506389169e-01
1.920499086207905493e-01 1.918333832916632446e+03 2.103012629413439299e+03 6.883934982993021867e-01
2.018965179946938526e-01 1.750672653028734658e+03 1.961025280533622663e+03 7.298971931682126657e-01
2.122479738267836202e-01 1.585084485988868437e+03 1.821410589100871221e+03 7.678092386175873196e-01
2.231301601484726449e-01 1.416278307222834201e+03 1.680571065285095074e+03 7.970649163201827259e-01
2.345702880938428103e-01 1.290363034837165515e+03 1.565811462074426117e+03 8.437255017837337334e-01
2.465969639416541459e-01 1.194116873742504822e+03 1.470306441039407673e+03 9.071524341375001299e-01
2.592402606459418002e-01 1.092309987397647092e+03 1.372645293545042932e+03 9.641031722007423754e-01
2.725317930340656614e-01 9.950664678559169261e+02 1.278828627365574903e+03 1.020408037976548110e+00
2.865047968602461026e-01 8.957124356707000743e+02 1.184326744748108013e+03 1.067172328602031595e+00
3.011942119122611450e-01 8.068797791416328664e+02 1.097217136089708220e+03 1.116911997565891879e+00
3.166367693791155569e-01 7.385505576265765058e+02 1.024658652761849225e+03 1.187775948074404342e+00
3.328710836981453314e-01 6.724446000469929459e+02 9.543733042368953647e+02 1.256478261118060047e+00
3.499377491112247163e-01 6.041090902858505842e+02 8.829754806598326695e+02 1.311468946800926183e+00
3.678794411715154977e-01 5.453423310073939092e+02 8.188917473797737330e+02 1.375485521728450511e+00
3.867410234545784475e-01 4.950351390606583664e+02 7.615717643581776883e+02 1.450664599332956106e+00
4.065696597406806001e-01 4.466902008606926415e+02 7.061500005871714620e+02 1.520833194761546769e+00
4.274149319488126375e-01 4.017513186025256573e+02 6.536922520117601607e+02 1.589192990916727721e+00
4.493289641173122684e-01 3.621510964943082058e+02 6.058156875443286253e+02 1.664383136363289051e+00
4.723665527411103904e-01 3.265983428337871146e+02 5.615695257199993193e+02 1.743900296251617021e+00
4.965853037915104462e-01 2.937628746803089825e+02 5.198714041360747160e+02 1.822421189583361745e+00
5.220457767611225153e-01 2.641423828283963644e+02 4.811909505814407453e+02 1.903856059288179692e+00
5.488116360941387439e-01 2.371825317786420726e+02 4.450826722046917325e+02 1.986199609190382187e+00
5.769498103806052214e-01 2.129046740429167528e+02 4.116165851839004972e+02 2.071426651628799576e+00
6.065306597127584354e-01 1.910071525821996090e+02 3.805625194072501927e+02 2.159126891675819948e+00
6.376281516219051149e-01 1.712421814903650557e+02 3.517284556013238443e+02 2.248968953520617653e+00
6.703200460357783275e-01 1.534367166455389508e+02 3.249882867660633678e+02 2.341241303621897085e+00
7.046880897188601001e-01 1.373614617031900593e+02 3.001486835225736627e+02 2.435151337867048404e+00
7.408182206818726412e-01 1.229317814728104281e+02 2.771641207252566801e+02 2.532033227148443810e+00
7.788007830715680813e-01 1.099008906613263008e+02 2.558034861539136955e+02 2.629968879966483986e+00
8.187307530781540166e-01 9.823126541709213200e+01 2.360650280250580693e+02 2.731135884393934177e+00
8.607079764252394405e-01 8.771465807274012150e+01 2.177427993504900599e+02 2.833413226315298683e+00
9.048374180361511421e-01 7.830172338772302965e+01 2.008141475099515390e+02 2.938686346437517916e+00
9.512294245009160765e-01 6.984864176921135481e+01 1.851350122642515998e+02 3.045678462381902207e+00
1.000000000000213163e+00 6.227901123162325092e+01 1.706402040553259383e+02 3.155091567033275535e+00
1.051271096376248826e+00 5.549984291006014558e+01 1.572379290450581379e+02 3.266676927388934004e+00
1.105170918075884856e+00 4.942768187945952718e+01 1.448429930551949951e+02 3.380094531232272992e+00
1.161834242728533306e+00 4.400482197737633783e+01 1.334023358981897900e+02 3.496254546933621032e+00
1.221402758160433644e+00 3.914831162304457024e+01 1.228204683851821812e+02 3.613765644146216705e+00
1.284025416688019838e+00 3.482219247935866946e+01 1.130689131688457536e+02 3.734626995242247283e+00
1.349858807576296504e+00 3.094671541732450493e+01 1.040455171897158948e+02 3.856113904230466627e+00
1.419067548593566874e+00 2.749817180131485372e+01 9.573460155991179477e+01 3.980918494772622829e+00
1.491824697641596753e+00 2.441753886544939434e+01 8.805801641351003184e+01 4.107007773779724147e+00
1.568312185490513100e+00 2.167551820502099602e+01 8.098482162967079034e+01 4.235818069159971166e+00
1.648721270700491237e+00 1.923173834529186976e+01 7.446103818467123858e+01 4.366470429971829326e+00
1.733253017867778301e+00 1.705606368508447801e+01 6.844790367211142268e+01 4.499196519446417852e+00
1.822118800390913007e+00 1.512126392942242070e+01 6.290942634582013682e+01 4.634345626827415465e+00
1.915540829014322100e+00 1.339878231687029064e+01 5.780365159872475544e+01 4.771004542759274436e+00
2.013752707470925607e+00 1.187025244081152842e+01 5.310721381534100516e+01 4.910759053630536997e+00
2.117000016613148627e+00 1.050905567162274856e+01 4.877601518121966251e+01 5.051222929006342177e+00
2.225540928492967474e+00 9.302770702761339550e+00 4.479520825305674947e+01 5.195045217514191904e+00
2.339646851926517890e+00 8.229965479731596645e+00 4.112683979632104325e+01 5.339728815021917541e+00
2.459603111157505406e+00 7.279505712215981639e+00 3.775532465719405195e+01 5.487407989502147920e+00
2.585709659316432152e+00 6.435738408386615816e+00 3.465192661575949984e+01 5.636479288619979044e+00
2.718281828459663263e+00 5.688110013852051949e+00 3.179897483932187185e+01 5.787908970994149804e+00
2.857651118063815776e+00 5.025640798068162773e+00 2.917600189813155964e+01 5.941407246853519730e+00
3.004166023947120401e+00 4.438563756217676293e+00 2.676407377845916713e+01 6.096555219348447352e+00
3.158192909690492378e+00 3.919216056329756448e+00 2.454887083646246637e+01 6.254396746823497111e+00
3.320116922737311960e+00 3.458951212696362187e+00 2.251153281295705000e+01 6.413200685005199908e+00
3.490342957462647444e+00 3.052413480370157028e+00 2.064217526953714099e+01 6.575335678230459280e+00
3.669296667620093988e+00 2.692163294751320102e+00 1.892280047389180098e+01 6.737831363237880566e+00
3.857425530697870641e+00 2.374179815121552295e+00 1.734572456181681943e+01 6.903614289832058049e+00
4.055199966845619564e+00 2.092825187511133223e+00 1.589655618165109985e+01 7.070335729456746598e+00
4.263114515169814212e+00 1.844450153607367637e+00 1.456702833085672211e+01 7.239660123970482530e+00
4.481689070339116121e+00 1.625016875342967904e+00 1.334649942268051248e+01 7.410598818797082821e+00
4.711470182591849465e+00 1.431289978600886359e+00 1.222652894900216047e+01 7.583457030568785839e+00
4.953032424396282885e+00 1.260376964793957333e+00 1.119929087952258406e+01 7.758615492547713544e+00
5.206979827181080545e+00 1.109470123634934913e+00 1.025649642399086936e+01 7.934938337495143656e+00
5.473947391728498424e+00 9.765053605247911994e-01 9.392462586114273648e+00 8.114219436408706798e+00
5.754602676007100293e+00 8.591018324196589839e-01 8.599345764421682858e+00 8.293940860093263368e+00
6.049647464414390718e+00 7.557496031506008016e-01 7.872868248321601037e+00 8.476925942592098195e+00
6.359819522603354258e+00 6.645569282703840397e-01 7.206278556901717813e+00 8.660377510661787070e+00
6.685894442280875261e+00 5.842955405262235669e-01 6.595719340564611954e+00 8.846701574713950578e+00
7.028687580590986528e+00 5.135661403465988650e-01 6.035941247681601673e+00 9.034192928672608147e+00
7.389056098932435646e+00 4.513985855051468876e-01 5.523671469978799209e+00 9.225657854873118069e+00
7.767901106308653603e+00 3.967564583960553892e-01 5.054877981122988473e+00 9.421180566672708423e+00
8.166169912569634093e+00 3.487288005185505968e-01 4.625870952484452125e+00 9.620847062192714461e+00
8.584858397179985445e+00 3.065149255609874168e-01 4.233273710849402960e+00 9.824745162144008503e+00
9.025013499436326470e+00 2.694110708721325076e-01 3.873996160948649514e+00 1.003296454845338737e+01
9.487735836360851494e+00 2.367986647815890355e-01 3.545210463613902352e+00 1.024559680370955306e+01
9.974182454817173138e+00 2.081340141695793844e-01 3.244328778126509327e+00 1.046273545144367034e+01
1.048556972473016025e+01 1.829392403639606424e-01 2.968982893571407988e+00 1.068447599726597197e+01
1.102317638064432792e+01 1.607943122534249980e-01 2.717005588875554878e+00 1.091091597087051390e+01
1.158834671922626214e+01 1.413300437982250857e-01 2.486413574818919781e+00 1.114215496893466550e+01
1.218249396070650370e+01 1.242219391972424203e-01 2.275391883754726674e+00 1.137829469892298917e+01
1.280710378266622662e+01 1.091847831021325738e-01 2.082279584173382325e+00 1.161943902382499161e+01
1.346373803500505772e+01 9.596788568990552437e-02 1.905556707669347594e+00 1.186569400783425188e+01
1.415403864537935341e+01 8.435090332300089477e-02 1.743832285415758188e+00 1.211716796300258103e+01
1.487973172487657614e+01 7.414016512145402138e-02 1.595833399981952061e+00 1.237397149687822484e+01
1.564263188419211659e+01 6.516544420618605726e-02 1.460395166322297600e+00 1.263621756115459682e+01
1.644464677110120832e+01 5.727711978565026146e-02 1.336451563077713178e+00 1.290402150135146009e+01
1.728778184057202338e+01 5.034368277395091101e-02 1.223027042023713040e+00 1.317750110754908022e+01
1.817414536944768244e+01 4.424954335569162428e-02 1.119228849623722155e+00 1.345677666619478785e+01
1.910595372823652127e+01 3.889310394670417864e-02 1.024240000251551930e+00 1.374197101300942236e+01
2.008553692319280515e+01 3.418506542428595418e-02 9.373128457758879151e-01 1.403320958701661603e+01
2.111534442254602695e+01 3.004693838949240234e-02 8.577631908934760796e-01 1.433062048571544622e+01
2.219795128144734164e+01 2.640973464220993522e-02 7.849649078933976787e-01 1.463433452142097480e+01
2.333606458094873304e+01 2.321281705412605798e-02 7.183450084658445922e-01 1.494448527879938737e+01
2.453253019711569394e+01 2.040288866542227728e-02 6.573791337661775147e-01 1.526120917362890061e+01
2.579033991719975205e+01 1.793310415202867270e-02 6.015874272365372422e-01 1.558464551279435462e+01
2.711263892066493852e+01 1.576228885042788366e-02 5.505307577009319608e-01 1.591493655556172726e+01
2.850273364377471097e+01 1.385425232007012585e-02 5.038072630058143542e-01 1.625222757614839963e+01
2.996410004740484823e+01 1.217718499956143077e-02 4.610491870016565352e-01 1.659666692762496965e+01
3.150039230875619012e+01 1.070312789804776267e-02 4.219199849693893722e-01 1.694840610715736418e+01
3.311545195870102276e+01 9.407506480856959660e-03 3.861116747092976920e-01 1.730759982264915209e+01
3.481331748761120082e+01 8.268720978613464806e-03 3.533424124425837975e-01 1.767440606078463716e+01
3.659823444368765877e+01 7.267786289734699812e-03 3.233542744459743101e-01 1.804898615651530491e+01
3.847466604904231957e+01 6.388015472993970739e-03 2.959112269588344279e-01 1.843150486402260313e+01
4.044730436007814234e+01 5.614741553538440261e-03 2.707972683840703110e-01 1.882213042918518298e+01
4.252108200007410943e+01 4.935073004489387918e-03 2.478147291602346425e-01 1.922103466357767232e+01
4.470118449331276622e+01 4.337678827672819364e-03 2.267827159233312684e-01 1.962839302003638053e+01
4.699306323159186860e+01 3.812599650486393332e-03 2.075356877125247856e-01 2.004438466983656753e+01
4.940244910554343960e+01 3.351081689625317033e-03 1.899221530130758562e-01 2.046919258149526399e+01
5.193536683484541783e+01 2.945430813620348361e-03 1.738034773811255873e-01 2.090300360124296475e+01
5.459815003315897997e+01 2.588884271214443762e-03 1.590527922653354742e-01 2.134600853521956410e+01
5.739745704546173499e+01 2.275497947107667056e-03 1.455539964365855088e-01 2.179840223337660632e+01
6.034028759737834946e+01 2.000047265481775041e-03 1.332008421664087061e-01 2.226038367519992889e+01
6.343400029814058882e+01 1.757940089221300423e-03 1.218960989612608153e-01 2.273215605721834010e+01
6.668633104094334385e+01 1.545140162748422996e-03 1.115507882706148618e-01 2.321392688237344970e+01
7.010541234670704114e+01 1.358099822159494763e-03 1.020834831453538427e-01 2.370590805130095191e+01
7.369979369961600923e+01 1.193700850846341963e-03 9.341966733401284306e-02 2.420831595551562643e+01
7.747846292528217305e+01 1.049202494589431423e-03 8.549114877252876610e-02 2.472137157259748363e+01
8.145086866499057976e+01 9.221957694612632631e-04 7.823552285104369564e-02 2.524530056338985773e+01
8.562694400222423496e+01 8.105633007905683812e-04 7.159568123317207322e-02 2.578033337123700619e+01
9.001713130054676526e+01 7.124440236505947318e-04 6.551936236179636830e-02 2.632670532336535274e+01
9.463240831495036787e+01 6.262021563774507757e-04 5.995874011332887055e-02 2.688465673437087133e+01
9.948431564196151555e+01 5.503999298674159494e-04 5.487004736288223633e-02 2.745443301192076646e+01
1.045849855771433994e+02 4.837736180126711539e-04 5.021323149743191216e-02 2.803628476470045072e+01
1.099471724521542768e+02 4.252124696699603203e-04 4.595163916553229866e-02 2.863046791263794333e+01
1.155842845272200918e+02 3.737401909296977345e-04 4.205172778229090275e-02 2.923724379945516816e+01
1.215104175187690743e+02 3.284986689703258962e-04 3.848280151891317336e-02 2.985687930763614517e+01
1.277403898460648861e+02 2.887336661514366401e-04 3.521676969876327140e-02 3.048964697579707206e+01
1.342897796849734675e+02 2.537822458476813280e-04 3.222792569834876525e-02 3.113582511857261537e+01
1.411749639215168770e+02 2.230617203942755755e-04 2.949274461293660901e-02 3.179569794900477575e+01
1.484131591026187778e+02 1.960599368922089699e-04 2.698969809429953987e-02 3.246955570358124987e+01
1.560224644864394463e+02 1.723267389233081373e-04 2.469908490313346347e-02 3.315769476985886399e+01
1.640219072999485945e+02 1.514664618313913292e-04 2.260287584250938661e-02 3.386041781686940055e+01
1.724314903169036768e+02 1.331313364545845263e-04 2.068457185177253674e-02 3.457803392819653254e+01
1.812722418752032070e+02 1.170156913410288753e-04 1.892907414402678415e-02 3.531085873794415875e+01
1.905662684586848457e+02 1.028508567905274889e-04 1.732256536503554850e-02 3.605921456958782301e+01
2.003368099748494728e+02 9.040068576543609736e-05 1.585240083813707970e-02 3.682343057769769956e+01
2.106082978667353416e+02 7.945761699879127333e-05 1.450700903921368391e-02 3.760384289273533653e+01
2.214064162042512862e+02 6.983921466602350267e-05 1.327580051833859853e-02 3.840079476892267252e+01
2.327581659077297047e+02 6.138512693175809606e-05 1.214908455121858737e-02 3.921463673515852122e+01
2.446919322642916654e+02 5.395441266698047415e-05 1.111799286444370254e-02 4.004572674925800868e+01
2.572375559058498879e+02 4.742319176883691092e-05 1.017440983414916525e-02 4.089443035535340698e+01
2.704264074262317763e+02 4.168257991102114550e-05 9.310908608719007176e-03 4.176112084467655450e+01
2.842914658240042627e+02 3.663687329414174647e-05 8.520692652751531496e-03 4.264617941976971593e+01
2.988674009671481713e+02 3.220195313333392865e-05 7.797542252178399878e-03 4.354999536213916400e+01
3.141906602857868620e+02 2.830388328381523003e-05 7.135765559490008653e-03 4.447296620346031659e+01
3.302995599097462787e+02 2.487767762491919168e-05 6.530153793751930849e-03 4.541549790045671386e+01
3.472343804788374655e+02 2.186621665315100323e-05 5.975940242787406396e-03 4.637800501343438242e+01
3.650374678654371792e+02 1.921929522246337507e-05 5.468762744843352203e-03 4.736091088863220477e+01
3.837533390612260860e+02 1.689278555624904122e-05 5.004629354431923936e-03 4.836464784440288867e+01
4.034287934928555046e+02 1.484790157736451117e-05 4.579886922112316218e-03 4.938965736140049501e+01
4.241130300448911044e+02 1.305055229151067350e-05 4.191192340899406628e-03 5.043639027672252695e+01
4.458577700826506316e+02 1.147077344404422206e-05 3.835486232989807932e-03 5.150530698221370329e+01
4.687173867825576963e+02 1.008222797514720601e-05 3.509968869693404995e-03 5.259687762699383029e+01
4.927490410934046849e+02 8.861766945249389645e-06 3.212078135036194187e-03 5.371158232422996548e+01
5.180128246684984106e+02 7.789043610744299600e-06 2.939469359589238270e-03 5.484991136224663677e+01
5.445719101260938260e+02 6.846174216148532574e-06 2.689996865803856180e-03 5.601236542028825482e+01
5.724927090138447738e+02 6.017439847584661524e-06 2.461697079586691941e-03 5.719945578865743130e+01
6.018450378722650385e+02 5.289024377129849632e-06 2.252773075196022601e-03 5.841170459357881128e+01
6.327022928124463306e+02 4.648784129201617337e-06 2.061580431813527566e-03 5.964964502694593307e+01
6.651416330445650829e+02 4.086045428976990217e-06 1.886614290463709291e-03 6.091382158075557385e+01
6.992441738160994191e+02 3.591426657733640715e-06 1.726497509413607665e-03 6.220479028661372922e+01
7.350951892421985576e+02 3.156681848519288372e-06 1.579969824822224271e-03 6.352311896029804927e+01
7.727843255353874383e+02 2.774563214680952494e-06 1.445877931325115912e-03 6.486938745154824915e+01
8.124058251677936369e+02 2.438700319410850828e-06 1.323166404477668342e-03 6.624418789905530502e+01
8.540587625264155349e+02 2.143493871908932208e-06 1.210869393610233867e-03 6.764812499087535969e+01
8.978472916506958654e+02 1.884022379601622574e-06 1.108103019711187149e-03 6.908181623050549547e+01
9.438809066718714575e+02 1.655960100170216782e-06 1.014058418498962454e-03 7.054589220839625341e+01
9.922747156053346771e+02 1.455504925548897733e-06 9.279953739286804807e-04 7.204099687927386242e+01
1.043149728180628472e+03 1.279314995620858262e-06 8.492364920236699201e-04 7.356778784552695072e+01
1.096633158428801380e+03 1.124452984865973992e-06 7.771618691712750548e-04 7.512693664629424006e+01
1.152858742783748994e+03 9.883371331547923566e-07 7.112042129213184917e-04 7.671912905287710771e+01
1.211967074492957408e+03 8.686982042998088865e-07 6.508443768817468713e-04 7.834506537040240914e+01
1.274105955173854682e+03 7.635416548045561353e-07 5.956072745669698052e-04 8.000546074581852452e+01
1.339430764394840480e+03 6.711143821133139429e-07 5.450581400375660275e-04 8.170104548241418740e+01
1.408104848205140797e+03 5.898754980101557261e-07 4.987991058994469462e-04 8.343256536108873433e+01
1.480299927585014302e+03 5.184706399184555049e-07 4.564660717276036099e-04 8.520078196834653284e+01
1.556196527837648091e+03 4.557093918364349340e-07 4.177258382664814323e-04 8.700647303124195275e+01
1.635984429996447261e+03 4.005454384853800461e-07 3.822734848507306133e-04 8.885043275950985731e+01
1.719863145376471039e+03 3.520591218120641234e-07 3.498299694037566095e-04 9.073347219485012261e+01
1.808042414456641382e+03 3.094421090395718680e-07 3.201399321243204843e-04 9.265641956767443332e+01
1.900742731340188357e+03 2.719839166614831756e-07 2.929696855739371045e-04 9.462012066134980159e+01
1.998195895104759757e+03 2.390600657166933128e-07 2.681053753455401125e-04 9.662543918425754441e+01
2.100645589420852957e+03 2.101216708766365381e-07 2.453512968359334266e-04 9.867325714969753392e+01
2.208347991887921125e+03 1.846862897808592192e-07 2.245283548734796849e-04 1.007644752637304464e+02
2.321572414611807289e+03 1.623298800676916305e-07 2.054726540773417953e-04 1.029000133214758677e+02
2.440601977625289692e+03 1.426797300116430546e-07 1.880342088524734922e-04 1.050808106115221392e+02
2.565734316835632853e+03 1.254082449128053389e-07 1.720757628675345457e-04 1.073078263292126735e+02
2.697282328269386653e+03 1.102274856479388033e-07 1.574717087233591173e-04 1.095820399984414308e+02
2.835574950475434889e+03 9.688436833408815851e-08 1.441070993091621657e-04 1.119044519024819664e+02
2.980957987042702825e+03 8.515644507648221586e-08 1.318767430649119379e-04 1.142760835240510033e+02
3.133794971289250043e+03 7.484819545976353029e-08 1.206843760285517735e-04 1.166979779944676494e+02
3.294468075284922634e+03 6.578776695702649319e-08 1.104419041515801659e-04 1.191712005524316424e+02
3.463379065480592999e+03 5.782410991485583537e-08 1.010687099193677193e-04 1.216968390128195807e+02
3.640950307333554974e+03 5.082445935015051945e-08 9.249101781823983669e-05 1.242760042447735742e+02
3.827625821441170956e+03 4.467212157763746030e-08 8.464131365561884375e-05 1.269098306605983879e+02
4.023872393823642142e+03 3.926452876751173025e-08 7.745781316222071888e-05 1.295994767145809874e+02
4.230180743132199495e+03 3.451152900037945456e-08 7.088397569401251434e-05 1.323461254125819835e+02
4.447066747701334862e+03 3.033388331223223080e-08 6.486805920618067837e-05 1.351509848322112646e+02
4.675072735513344924e+03 2.666194467333548689e-08 5.936271299653517674e-05 1.380152886544893533e+02
4.914768840300775992e+03 2.343449687753992664e-08 5.432460501259522265e-05 1.409402967061957668e+02
5.166754427177720572e+03 2.059773398496810809e-08 4.971408078917150073e-05 1.439272955140087333e+02
5.431659591364801599e+03 1.810436330391786440e-08 4.549485133190113564e-05 1.469775988705310965e+02
5.710146733755425885e+03 1.591281695741125572e-08 4.163370749002397598e-05 1.500925484120144517e+02
6.002912217263044113e+03 1.398655889021710839e-08 3.810025857035022139e-05 1.532735142085303437e+02
6.310688108091153481e+03 1.229347576315285160e-08 3.486669313500477009e-05 1.565218953664020205e+02
6.634244006280128815e+03 1.080534158012007007e-08 3.190756010030805718e-05 1.598391206439304710e+02
6.974388970108182548e+03 9.497347122369410969e-09 2.919956841369514004e-05 1.632266490795048242e+02
7.331973539158482708e+03 8.347686345122992556e-09 2.672140373208085868e-05 1.666859706333692372e+02
7.707891861111141225e+03 7.337192841190798672e-09 2.445356065872432262e-05 1.702186068431462616e+02
8.103083927578147268e+03 6.449020310913557359e-09 2.237818921810856671e-05 1.738261114929599671e+02
8.518537924572025076e+03 5.668361711453504427e-09 2.047895436048458032e-05 1.775100712966845151e+02
8.955292703485578386e+03 4.982202403286859612e-09 1.874090739028549872e-05 1.812721065962361990e+02
9.414440378761499232e+03 4.379103178465354976e-09 1.715036830635071924e-05 1.851138720738655934e+02
9.897129058747319505e+03 3.849009553485538913e-09 1.569481812796214839e-05 1.890370574801868599e+02
1.040456571656430970e+04 3.383084147382767398e-09 1.436280035913673068e-05 1.930433883771833905e+02
1.093801920816896018e+04 2.973559350589486145e-09 1.314383081565704083e-05 1.971346268974716338e+02
1.149882344515380282e+04 2.613607828323320289e-09 1.202831510504819506e-05 2.013125725190060109e+02
1.208838073022117533e+04 2.297228699644822641e-09 1.100747311004412040e-05 2.055790628568187799e+02
1.270816526367042752e+04 2.019147494617547780e-09 1.007326988112346107e-05 2.099359744712307929e+02
1.335972682966652428e+04 1.774728221727164558e-09 9.218352394190302480e-06 2.143852236931899142e+02
1.404469467150771925e+04 1.559896079603716661e-09 8.435991675625219342e-06 2.189287674670923991e+02
1.476478156558243427e+04 1.371069524546367075e-09 7.720029839178303951e-06 2.235686042114649013e+02
1.552178810420236550e+04 1.205100561325719595e-09 7.064831617842143366e-06 2.283067746982453627e+02
1.631760719802116000e+04 1.059222261823230483e-09 6.465240009197056420e-06 2.331453629499318936e+02
1.715422880929701932e+04 9.310026365832332495e-10 5.916535685148309305e-06 2.380864971567827411e+02
1.803374492783486858e+04 8.183040902416220191e-10 5.414399846538849182e-06 2.431323506123511891e+02
1.895835480205053682e+04 7.192477849081806049e-10 4.954880230299002051e-06 2.482851426696417718e+02
1.993037043823734348e+04 6.321823173862060216e-10 4.534360001562790935e-06 2.535471397173288892e+02
2.095222238178608313e+04 5.556561880362717861e-10 4.149529285903066792e-06 2.589206561761370722e+02
2.202646579481454319e+04 4.883936023068341742e-10 3.797359117633089879e-06 2.644080555174351730e+02
2.315578684540369068e+04 4.292732015049278875e-10 3.475077599105608212e-06 2.700117513026222014e+02
2.434300942441707230e+04 3.773093682223880350e-10 3.180148083368883576e-06 2.757342082442143578e+02
2.559110220669883711e+04 3.316357947556233309e-10 2.910249208465930685e-06 2.815779432905200679e+02
2.690318607430719567e+04 2.914910405785901677e-10 2.663256626214831673e-06 2.875455267323845305e+02
2.828254192034512744e+04 2.562058380948264098e-10 2.437226281668465355e-06 2.936395833338223724e+02
2.973261885290210193e+04 2.251919350370559197e-10 2.230379111643168206e-06 2.998627934862274742e+02
3.125704281962085952e+04 1.979322875029596142e-10 2.041087041884399522e-06 3.062178943876266999e+02
3.285962567445517197e+04 1.739724401307949692e-10 1.867860172650266651e-06 3.127076812466935962e+02
3.454437470929026313e+04 1.529129497106615294e-10 1.709335051851398210e-06 3.193350085115505408e+02
3.631550267425979837e+04 1.344027259239223178e-10 1.564263943452526044e-06 3.261027911259532743e+02
3.817743831181556016e+04 1.181331781903463267e-10 1.431505006660550095e-06 3.330140058110508789e+02
4.013483743089039490e+04 1.038330710439207707e-10 1.310013308605451684e-06 3.400716923747957594e+02
4.219259454884566367e+04 9.126400226899193616e-11 1.198832599773055048e-06 3.472789550485848622e+02
4.435585513031406299e+04 8.021642841166872833e-11 1.097087787458351026e-06 3.546389638534663504e+02
4.663002845354139572e+04 7.050617140542795015e-11 1.003978047992664729e-06 3.621549559933336582e+02
4.902080113639969204e+04 6.197134807274017870e-11 9.187705235388258271e-07 3.698302372796421764e+02
5.153415135589398415e+04 5.446967131244712429e-11 8.407945538366746862e-07 3.776681835850234847e+02
5.417636379671867326e+04 4.787607798048075873e-11 7.694363975005548542e-07 3.856722423282003547e+02
5.695404536624281900e+04 4.208064391732982656e-11 7.041344013196769272e-07 3.938459339902972829e+02
5.987414171521994285e+04 3.698675136294708271e-11 6.443745795395159742e-07 4.021928536632689770e+02
6.294395460553275188e+04 3.250947820741591522e-11 5.896865683291885812e-07 4.107166726311517095e+02
6.617116016840114025e+04 2.857418222399513489e-11 5.396399235928120674e-07 4.194211399848380779e+02
6.956382809870861820e+04 2.511525668178294469e-11 4.938407329852717835e-07 4.283100842710678080e+02
7.313044183344273188e+04 2.207503659237364080e-11 4.519285154658985718e-07 4.373874151763614009e+02
7.687991976470644295e+04 1.940283735615605284e-11 4.135733839867869844e-07 4.466571252467356317e+02
8.082163754034375597e+04 1.705410978115130620e-11 3.784734489832164040e-07 4.561232916432739444e+02
8.496545150794286747e+04 1.498969738750170600e-11 3.463524422303254558e-07 4.657900779365440940e+02
8.932172336083906703e+04 1.317518361569123824e-11 3.169575423617549385e-07 4.756617359364428239e+02
9.390134604774527543e+04 1.158031805578101319e-11 2.900573849373814299e-07 4.857426075634317613e+02
9.871577101079767453e+04 1.017851213195497864e-11 2.654402413957638103e-07 4.960371267577578465e+02
1.037770368201258680e+05 8.946395834839361793e-12 2.429123525589675815e-07 5.065498214297778645e+02
1.090977992765488161e+05 7.863428111693791596e-12 2.222964035726417329e-07 5.172853154514983771e+02
1.146913630576689611e+05 6.911554419154595015e-12 2.034301282778143165e-07 5.282483306904330220e+02
1.205717149864963576e+05 6.074905729459907010e-12 1.861650320294089939e-07 5.394436890859865343e+02
1.267535590057915979e+05 5.339533972205759900e-12 1.703652229092682846e-07 5.508763147710384374e+02
1.332523529455816897e+05 4.693179501054425580e-12 1.559063421337881821e-07 5.625512362372811594e+02
1.400843471757866791e+05 4.125066708774691573e-12 1.426745852378740646e-07 5.744735885470510084e+02
1.472666252406089625e+05 3.625724383228514575e-12 1.305658063309011140e-07 5.866486155919200201e+02
1.548171465762921434e+05 3.186827809396247506e-12 1.194846983743885666e-07 5.990816723991657682e+02
1.627547914190663723e+05 2.801059985067130728e-12 1.093440430294450226e-07 6.117782274872356538e+02
1.710994080155731353e+05 2.461989636468277056e-12 1.000640241695295511e-07 6.247438652704453261e+02
1.798718622538203781e+05 2.163964000196850696e-12 9.157159965544594865e-08 6.379842885160488777e+02
1.890940898387710622e+05 1.902014583970938236e-12 8.379992642761103639e-08 6.515053208519846066e+02
1.987891511430313694e+05 1.671774335113263980e-12 7.668783439075134488e-08 6.653129093284425153e+02
2.089812888697938761e+05 1.469404835849288936e-12 7.017934494993675632e-08 6.794131270334489727e+02
2.196959886722229712e+05 1.291532311669599091e-12 6.422323040847104358e-08 6.938121757649556685e+02
2.309600428808625729e+05 1.135191385920120094e-12 5.877261075948344416e-08 7.085163887563129492e+02
2.428016174984180834e+05 9.977756429505470278e-13 5.378458469803988618e-08 7.235322334649664526e+02
2.552503226294341730e+05 8.769941756195035195e-13 4.921989194896965835e-08 7.388663144147184312e+02
2.683372865209793090e+05 7.708333927616731520e-13 4.504260425304607157e-08 7.545253761015989085e+02
2.820952333994774381e+05 6.775234498869318190e-13 4.121984257909355990e-08 7.705163059602037947e+02
2.965585652983192704e+05 5.955087434680136403e-13 3.772151833628385624e-08 7.868461373930250602e+02
3.117634480808650260e+05 5.234219769162481361e-13 3.452009654972465233e-08 8.035220528641782494e+02
3.277479018739408348e+05 4.600613658891924619e-13 3.159037913529465892e-08 8.205513870577909756e+02
3.445518961379595567e+05 4.043706029135560124e-13 2.890930656796266237e-08 8.379416301051702476e+02
3.622174496113909991e+05 3.554212473039002431e-13 2.645577638245884464e-08 8.557004308785150215e+02
3.807887353794944938e+05 3.123972467950768921e-13 2.421047707779703103e-08 8.738356003553312803e+02
4.003121913300411543e+05 2.745813328421443975e-13 2.215573611829838684e-08 8.923551150538027059e+02
4.208366362722213962e+05 2.413430627794858309e-13 2.027538083476913103e-08 9.112671205421773948e+02
4.424133920090965694e+05 2.121283094844188792e-13 1.855461113094788380e-08 9.305799350196658679e+02
4.650964116688389913e+05 1.864500233256011702e-13 1.697988299338280617e-08 9.503020529762737851e+02
4.889424146156553179e+05 1.638801123839185435e-13 1.553880188780014717e-08 9.704421489292368506e+02
5.140110282777408138e+05 1.440423055783990185e-13 1.422002520290617405e-08 9.910090812377856082e+02
5.403649372469085502e+05 1.266058797160805918e-13 1.301317297378136833e-08 1.012011895999332523e+03
5.680700400227193022e+05 1.112801458871792897e-13 1.190874618217859831e-08 1.033459831029423185e+03
5.971956137930564582e+05 9.780960328571733314e-14 1.089805199064587874e-08 1.055362319922589222e+03
6.278144876631795196e+05 8.596967966422839185e-14 9.973135322050601409e-09 1.077728996203897168e+03
6.600032247664229944e+05 7.556298740914117550e-14 9.126716245923312459e-09 1.100569697565223123e+03
6.938423137119094608e+05 6.641603282101375614e-14 8.352132678818871007e-09 1.123894470191184382e+03
7.294163698479967425e+05 5.837632373902593552e-14 7.643287947707287933e-09 1.147713573180608591e+03
7.668143468447235646e+05 5.130982728922949970e-14 6.994602803629757742e-09 1.172037483055082475e+03
8.061297591243179049e+05 4.509873537465904139e-14 6.400971507979360283e-09 1.196876898371019706e+03
8.474609156959623797e+05 3.963950065408897727e-14 5.857721645708337196e-09 1.222242744421051839e+03
8.909111659795242595e+05 3.484111026732752563e-14 5.360577349208008575e-09 1.248146178043121381e+03
9.365891582329371013e+05 3.062356852711656136e-14 4.905625643360557890e-09 1.274598592526715720e+03
9.846091112294379855e+05 2.691656328223142629e-14 4.489285646878269764e-09 1.301611622619375794e+03
1.035091099863994634e+06 2.365829371864869214e-14 4.108280387551027245e-09 1.329197149655115481e+03
1.088161355403086869e+06 2.079444005566340551e-14 3.759611009483783213e-09 1.357367306764359910e+03
1.143952581128624268e+06 1.827725796168990758e-14 3.440533169418625377e-09 1.386134484228549809e+03
1.202604284165272489e+06 1.606478259109068089e-14 3.148535436246374240e-09 1.415511334912742768e+03
1.264263124320930336e+06 1.412012897340445342e-14 2.881319523793105009e-09 1.445510779845735669e+03
1.329083280812643003e+06 1.241087709062109618e-14 2.636782201215691988e-09 1.476146013891874645e+03
1.397226837794951163e+06 1.090853139150158286e-14 2.412998738679816033e-09 1.507430511559673505e+03
1.468864189654704416e+06 9.588045732026126175e-15 2.208207757996547998e-09 1.539378032929857909e+03
1.544174467085782439e+06 8.427405822107416833e-15 2.020797368979503515e-09 1.572002629702707281e+03
1.623345985009134281e+06 7.407262217502400880e-15 1.849292482415867022e-09 1.605318651384142186e+03
1.706576713458170416e+06 6.510607738253367207e-15 1.692343199776676493e-09 1.639340751591498247e+03
1.794074772606963990e+06 5.722493935916962950e-15 1.548714188298041740e-09 1.674083894503691226e+03
1.886058953179090517e+06 5.029781882608301445e-15 1.417274957794177702e-09 1.709563361441742700e+03
1.982759263538399944e+06 4.420923127204042944e-15 1.296990962675006170e-09 1.745794757583780665e+03
2.084417504829733167e+06 3.885767167012615846e-15 1.186915459142742183e-09 1.782794018842822425e+03
2.191287875607731752e+06 3.415392225055224663e-15 1.086182053455362443e-09 1.820577418858668352e+03
2.303637607465630397e+06 3.001956511958424318e-15 9.939978826298383092e-10 1.859161576169912678e+03
2.421747633253435604e+06 2.638567492655110028e-15 9.096373738913509850e-10 1.898563461517928090e+03
2.545913289556382690e+06 2.319166978453283506e-15 8.324365337582165538e-10 1.938800405305167033e+03
2.676445055190230254e+06 2.038430128820852380e-15 7.617877218165341096e-10 1.979890105233197801e+03
2.813669327560023405e+06 1.791676679033337107e-15 6.971348680361797876e-10 2.021850634066687689e+03
2.957929238823618274e+06 1.574792913825894892e-15 6.379690960012596571e-10 2.064700447603834164e+03
3.109585513900805730e+06 1.384163086149498953e-15 5.838247175885975893e-10 2.108458392772177831e+03
