# [1] k:    [h/Mpc] 
# [2] P:    [Mpc^3/h^3] 
# [3] T:    [Mpc^3/h^3] 
# [4] Delta_k 
3.059023205018257859e-07 9.443895543777685031e-01 3.949809060980226059e+04 1.369524317704539186e-21
3.215862678579245412e-07 9.901851152873186734e-01 3.947840899972231273e+04 1.668319166445361245e-21
3.380743483904743061e-07 1.038201405333209593e+00 3.945873719685390097e+04 2.032303337114351742e-21
3.554077908890640533e-07 1.088546112635809360e+00 3.943907519630118622e+04 2.475699456745047113e-21
3.736299379885273404e-07 1.141332147353652848e+00 3.941942299317973811e+04 3.015833162401041426e-21
3.927863545481053003e-07 1.196677894910761042e+00 3.939978058259861427e+04 3.673810097850840961e-21
4.129249415873286729e-07 1.254707481506670330e+00 3.938014795969618717e+04 4.475340613448017333e-21
4.340960560635169786e-07 1.315551052496214179e+00 3.936052511958635296e+04 5.451744394217311297e-21
4.563526367904018199e-07 1.379345064273380883e+00 3.934091205738548888e+04 6.641174271865687646e-21
4.797503368127355169e-07 1.446232590309662225e+00 3.932130876823921426e+04 8.090107040985519245e-21
5.043476625678916271e-07 1.516363642027183101e+00 3.930171524726874486e+04 9.855159532836174469e-21
5.302061201824328858e-07 1.589895505237208795e+00 3.928213148959774117e+04 1.200530090956316998e-20
5.573903692694645323e-07 1.666993092893812367e+00 3.926255749037909118e+04 1.462454762391320568e-20
5.859683846113473662e-07 1.747829314946756973e+00 3.924299324474127934e+04 1.781524634953007769e-20
6.160116261320592563e-07 1.832585466136570140e+00 3.922343874782418425e+04 2.170207316194016084e-20
6.475952175842278093e-07 1.921451632590210012e+00 3.920389399476116523e+04 2.643690523754198951e-20
6.807981343976415384e-07 2.014627118138524242e+00 3.918435898071476549e+04 3.220475543160552850e-20
7.157034011589609116e-07 2.112320891298089087e+00 3.916483370082319016e+04 3.923100162785755661e-20
7.523982992164306405e-07 2.214752053936939635e+00 3.914531815023598028e+04 4.779019334562364726e-20
7.909745849287134463e-07 2.322150332662540784e+00 3.912581232410509256e+04 5.821677972122722673e-20
8.315287191035797356e-07 2.434756594039173994e+00 3.910631621758489928e+04 7.091817805797401097e-20
8.741621082001717898e-07 2.552823384789322247e+00 3.908682982583219564e+04 8.639069359634531420e-20
9.189813578979717484e-07 2.676615498189455877e+00 3.906735314399730123e+04 1.052389125670015061e-19
9.660985396665287929e-07 2.806410567937701384e+00 3.904788616725958855e+04 1.281993263075104176e-19
1.015631471002508262e-06 2.942499690807266699e+00 3.902842889077420841e+04 1.561691095509570719e-19
1.067704010034801725e-06 3.085188079504536773e+00 3.900898130969872727e+04 1.902411773945423773e-19
1.122446365234364056e-06 3.234795747186595793e+00 3.898954341921972082e+04 2.317468907938451619e-19
1.179995421003214005e-06 3.391658225159774442e+00 3.897011521449957218e+04 2.823080792925912364e-19
1.240495079956737545e-06 3.556127315393419863e+00 3.895069669070308737e+04 3.439004137696632266e-19
1.304096622755184042e-06 3.728571879525766519e+00 3.893128784302403801e+04 4.189306054837515682e-19
1.370959086384113674e-06 3.909378666115679302e+00 3.891188866663203225e+04 5.103304479549945403e-19
1.441249661829700436e-06 4.098953178025984911e+00 3.889249915670794144e+04 6.216713763588862338e-19
1.515144112143284134e-06 4.297720581859875821e+00 3.887311930843502341e+04 7.573040208215001652e-19
1.592827211940548929e-06 4.506126661497693142e+00 3.885374911699013319e+04 9.225282066405896600e-19
1.674493209434307728e-06 4.724638817882946817e+00 3.883438857757898950e+04 1.123800044168110368e-18
1.760346312156213177e-06 4.953747117269688971e+00 3.881503768538324221e+04 1.368984200354390913e-18
1.850601197581954108e-06 5.193965390322417441e+00 3.879569643559573888e+04 1.667661209434525500e-18
1.945483549936765273e-06 5.445832384500795875e+00 3.877636482340292423e+04 2.031501830869497388e-18
2.045230624523543909e-06 5.709912972340799087e+00 3.875704284402009944e+04 2.474723082530270407e-18
2.150091840984688092e-06 5.986799418303156983e+00 3.873773049263847497e+04 3.014643768539918721e-18
2.260329406981118614e-06 6.277112707078887688e+00 3.871842776446048811e+04 3.672361208957770219e-18
2.376218973848010330e-06 6.581503936293547241e+00 3.869913465468658251e+04 4.473575614403851207e-18
2.498050325866710336e-06 6.900655776756778437e+00 3.867985115853275784e+04 5.449594317949168844e-18
2.626128104876382668e-06 7.235284003505908501e+00 3.866057727119983610e+04 6.638555104466402856e-18
2.760772572037287162e-06 7.586139101116574857e+00 3.864131298790859728e+04 8.086916438879524029e-18
2.902320408650496801e-06 7.954007946832590825e+00 3.862205830386463640e+04 9.851272823721052953e-18
3.051125558036519890e-06 8.339715575339749165e+00 3.860281321428909723e+04 1.200056622086608701e-17
3.207560110577962700e-06 8.744127029102635618e+00 3.858357771440991928e+04 1.461877994838238284e-17
3.372015234139298021e-06 9.168149298417009874e+00 3.856435179943106778e+04 1.780822031610002830e-17
3.544902152190277809e-06 9.612733355580017403e+00 3.854513546458961355e+04 2.169351422940899602e-17
3.726653172078803499e-06 1.007887628765103294e+01 3.852592870510308421e+04 2.642647896690664078e-17
3.917722766024474580e-06 1.056762353267672694e+01 3.850673151620452700e+04 3.219205441788786412e-17
4.118588707535861475e-06 1.108007122433239644e+01 3.848754389312936837e+04 3.921552958085222086e-17
4.329753266093139866e-06 1.161736865025834042e+01 3.846836583110228094e+04 4.777134569739726165e-17
4.551744463083409039e-06 1.218072082963242231e+01 3.844919732536780066e+04 5.819382000275311710e-17
4.785117392129195949e-06 1.277139121569565461e+01 3.843003837115535134e+04 7.089020912166902102e-17
5.030455607111644826e-06 1.339070452937585642e+01 3.841088896371860028e+04 8.635662256023982602e-17
5.288372581359179674e-06 1.404004973025943848e+01 3.839174909828298405e+04 1.051974081104636964e-16
5.559513241650373021e-06 1.472088313170674390e+01 3.837261877010251919e+04 1.281487666500587504e-16
5.844555580866815540e-06 1.543473166696638366e+01 3.835349797442923591e+04 1.561075190815618766e-16
6.144212353328471540e-06 1.618319631368339984e+01 3.833438670650441782e+04 1.901661494748649537e-16
6.459232857050738118e-06 1.696795568450260205e+01 3.831528496158919006e+04 2.316554937191119286e-16
6.790404807379771878e-06 1.779076979173394335e+01 3.829619273492958746e+04 2.821967417357102139e-16
7.138556306691162195e-06 1.865348399463074003e+01 3.827711002178708441e+04 3.437647852323785188e-16
7.504557915077204533e-06 1.955803313804737797e+01 3.825803681742987101e+04 4.187653863012853672e-16
7.889324827200587103e-06 2.050644589176422983e+01 3.823897311710238864e+04 5.101291822123104324e-16
8.293819160757753291e-06 2.150084930032648955e+01 3.821991891608189326e+04 6.214261996272807905e-16
8.719052362274285227e-06 2.254347355340145853e+01 3.820087420962625765e+04 7.570053528566752711e-16
9.166087736248057605e-06 2.363665698755423961e+01 3.818183899300875055e+04 9.221643770368483052e-16
9.636043103964330830e-06 2.478285133051840106e+01 3.816281326150500536e+04 1.123356836337920474e-15
1.013009359863121538e-05 2.598462719977019830e+01 3.814379701037996711e+04 1.368444296017759371e-15
1.064947460382478790e-05 2.724467986779730566e+01 3.812479023491832049e+04 1.667003511910486246e-15
1.119548484259151579e-05 2.856583530685233541e+01 3.810579293038973265e+04 2.030700640726130614e-15
1.176948962493235138e-05 2.995105652693280973e+01 3.808680509208790318e+04 2.473747093382761923e-15
1.237292426178888029e-05 3.140345022096820671e+01 3.806782671527856292e+04 3.013454843757094821e-15
1.300729765406831334e-05 3.292627373242271460e+01 3.804885779526009719e+04 3.670912891482102204e-15
1.367419606568169201e-05 3.452294236059118759e+01 3.802989832731161732e+04 4.471811311446599071e-15
1.437528709002991615e-05 3.619703702028981951e+01 3.801094830672754324e+04 5.447445089634933212e-15
1.511232381985586521e-05 3.795231227290144460e+01 3.799200772880464501e+04 6.635936970022768953e-15
1.588714923088939049e-05 3.979270474685846892e+01 3.797307658882907708e+04 8.083727095091424879e-15
1.670170079024660794e-05 4.172234196653314342e+01 3.795415488210228796e+04 9.847387647458547814e-15
1.755801530110687162e-05 4.374555160919420160e+01 3.793524260393239092e+04 1.199583339945329582e-14
1.845823399578163895e-05 4.586687121079691565e+01 3.791633974960396154e+04 1.461301454751926472e-14
1.940460788991057802e-05 4.809105834263061752e+01 3.789744631443408434e+04 1.780119705361948115e-14
2.039950341117315543e-05 5.042310128120014667e+01 3.787856229372066446e+04 2.168495867237166366e-14
2.144540831659045798e-05 5.286823019572337756e+01 3.785968768277684285e+04 2.641605680820509308e-14
2.254493791321357228e-05 5.543192887801892255e+01 3.784082247691810335e+04 3.217935841323666023e-14
2.370084159775344190e-05 5.811994704119314292e+01 3.782196667144936509e+04 3.920006363575327219e-14
2.491600973150475266e-05 6.093831321484765340e+01 3.780312026169506862e+04 4.775250548237709843e-14
2.619348086775470484e-05 6.389334826540815726e+01 3.778428324296481151e+04 5.817086933920528678e-14
2.753644934974891994e-05 6.699167957230197601e+01 3.776545561058770545e+04 7.086225121587493495e-14
2.894827329821342076e-05 7.024025589134294023e+01 3.774663735987801192e+04 8.632256496115875200e-14
3.043248300840562692e-05 7.364636293911217990e+01 3.772782848616949195e+04 1.051559200225609733e-13
3.199278977769132648e-05 7.721763973282922677e+01 3.770902898478537099e+04 1.280982269325149582e-13
3.363309518572123809e-05 8.096209572273455990e+01 3.769023885105120280e+04 1.560459529024121422e-13
3.535750085041236633e-05 8.488812875526346602e+01 3.767145808030557964e+04 1.900911511449165017e-13
3.717031868412924126e-05 8.900454390717467845e+01 3.765268666788299015e+04 2.315641326898201765e-13
3.907608167571078754e-05 9.332057323307407160e+01 3.763392460911811213e+04 2.820854480885846865e-13
4.107955522530357004e-05 9.784589647052366956e+01 3.761517189934581256e+04 3.436292101847510213e-13
4.318574906034433776e-05 1.025906627492557561e+02 3.759642853391396056e+04 4.186002322782976189e-13
4.539992976248807967e-05 1.075655133529501626e+02 3.757769450816421886e+04 5.099279958453892316e-13
4.772763393680535859e-05 1.127816055849355337e+02 3.755896981744267396e+04 6.211811195891120510e-13
5.017468205617894183e-05 1.182506377911234523e+02 3.754025445709776977e+04 7.567068026815648376e-13
5.274719301551768723e-05 1.239848755963737403e+02 3.752154842248022760e+04 9.218006909213781116e-13
5.545159943218107865e-05 1.299971794131177205e+02 3.750285170894311159e+04 1.122913803301310420e-12
5.829466373087315435e-05 1.363010332839380681e+02 3.748416431184180692e+04 1.367904604610625861e-12
6.128349505322671351e-05 1.429105751227901635e+02 3.746548622653398343e+04 1.666346073771492417e-12
6.442556703436033705e-05 1.498406284226860237e+02 3.744681744837966107e+04 2.029899766558698524e-12
6.772873649085907528e-05 1.571067355009538176e+02 3.742815797274113720e+04 2.472771489147512170e-12
7.120126306690828879e-05 1.647251923566585674e+02 3.740950779498516931e+04 3.012266387865859786e-12
7.485182988770643921e-05 1.727130852182352498e+02 3.739086691047444037e+04 3.669465145197684351e-12
7.868956527180084881e-05 1.810883288635735653e+02 3.737223531457819627e+04 4.470047704299765004e-12
8.272406555663884206e-05 1.898697067982391218e+02 3.735361300267223123e+04 5.445296708940804142e-12
8.696541909440986997e-05 1.990769133819364924e+02 3.733499997013040411e+04 6.633319868126486337e-12
9.142423147818073699e-05 2.087305979978593768e+02 3.731639621232462378e+04 8.080539009128781847e-12
9.611165206140254191e-05 2.188524113640244195e+02 3.729780172463548661e+04 9.843504003447621037e-12
1.010394018371016720e-04 2.294650540901500619e+02 3.727921650244375633e+04 1.199110244458014488e-11
1.062198027464676133e-04 2.405923275892728839e+02 3.726064054113251041e+04 1.460725142043485240e-11
1.116658084901241013e-04 2.522591874581600848e+02 3.724207383608711098e+04 1.779417656099151423e-11
1.173910369191279803e-04 2.644917994462603019e+02 3.722351638269522664e+04 2.167640648950455116e-11
1.234098040866900780e-04 2.773175981387148568e+02 3.720496817634683975e+04 2.640563875983331657e-11
1.297371600457651012e-04 2.907653484850345080e+02 3.718642921243421006e+04 3.216666741567220253e-11
1.363889264820232711e-04 3.048652103114442298e+02 3.716789948635188921e+04 3.918460379017178472e-11
1.433817362763056455e-04 3.196488059615882662e+02 3.714937899349779764e+04 4.773367269761804624e-11
1.507330750954898936e-04 3.351492912171802914e+02 3.713086772926792764e+04 5.814792772702603603e-11
1.584613251157653230e-04 3.514014296580511427e+02 3.711236568906792672e+04 7.083430433620398537e-11
1.665858109876483387e-04 3.684416706276039122e+02 3.709387286829837103e+04 8.628852079386562132e-11
1.751268481576742783e-04 3.863082309794751836e+02 3.707538926236634870e+04 1.051144482968804161e-10
1.841057936675958640e-04 4.050411807879552839e+02 3.705691486668015568e+04 1.280477071469631512e-10
1.935450995581117185e-04 4.246825332148712278e+02 3.703844967665251170e+04 1.559844110039709136e-10
2.034683690106629794e-04 4.452763387340056624e+02 3.701999368768999557e+04 1.900161823930577058e-10
2.139004153676812446e-04 4.668687839254224627e+02 3.700154689521512773e+04 2.314728076917812806e-10
2.248673241788693637e-04 4.895082950594364206e+02 3.698310929464118090e+04 2.819741983337049411e-10
2.363965184286629729e-04 5.132456467046056332e+02 3.696468088138893654e+04 3.434936886055607583e-10
2.485168271079757005e-04 5.381340756018254297e+02 3.694626165088094422e+04 4.184351433893359222e-10
2.612585573016925852e-04 5.642294000605228348e+02 3.692785159853994264e+04 5.097268888229863614e-10
2.746535699721688829e-04 5.915901451448390844e+02 3.690945071979408385e+04 6.209361362064577885e-10
2.887353596282311993e-04 6.202776739300709323e+02 3.689105901007223292e+04 7.564083702496395460e-10
3.035391380788964293e-04 6.503563251242002252e+02 3.687267646480449184e+04 9.214371482375179929e-10
3.191019224812350285e-04 6.818935573630482168e+02 3.685430307942480431e+04 1.122470944989508169e-09
3.354626279025451924e-04 7.149601005024968572e+02 3.683593884936885297e+04 1.367365126048581812e-09
3.526621646282911485e-04 7.496301142472957508e+02 3.681758377007513627e+04 1.665688894915128584e-09
3.707435404591257876e-04 7.859813544720084337e+02 3.679923783698285115e+04 2.029099208242433879e-09
3.897519682527942697e-04 8.240953476074732862e+02 3.678090104553503625e+04 2.471796269674879364e-09
4.097349789798286580e-04 8.640575734834062587e+02 3.676257339117660740e+04 3.011078400681472969e-09
4.307425405757319271e-04 9.059576570375745632e+02 3.674425486935448862e+04 3.668017969880278603e-09
4.528271828868440083e-04 9.498895693213694358e+02 3.672594547551812866e+04 4.468284792690807612e-09
4.760441290223192071e-04 9.959518382525225206e+02 3.670764520511873707e+04 5.443149175532321652e-09
5.004514334406633081e-04 1.044247769587835137e+03 3.668935405361055018e+04 6.630703798371042977e-09
5.261101271161193775e-04 1.094877935000307616e+03 3.667094233760749194e+04 8.077295053183808963e-09
5.530843701478924991e-04 1.147948887509147198e+03 3.665231624439396546e+04 9.839362648777117941e-09
5.814416121938181326e-04 1.203562258473715701e+03 3.663324247356006526e+04 1.198552739793266768e-08
6.112527611296385451e-04 1.261844089899037726e+03 3.661380465476948302e+04 1.459951600876703877e-08
6.425923603556274889e-04 1.322879326008974431e+03 3.659342475409579492e+04 1.778267790818781359e-08
6.755387751939181127e-04 1.386840489217383947e+03 3.657270889737054677e+04 2.165945964708162147e-08
7.101743888426273075e-04 1.453766100610282592e+03 3.655039482477144338e+04 2.637909033822939427e-08
7.465858083767621441e-04 1.523890808967347084e+03 3.652772794706854620e+04 3.212649151784150044e-08
7.848640813110194670e-04 1.597222528430102784e+03 3.650306899026646715e+04 3.912181988765230940e-08
8.251049232659968648e-04 1.674013570579251564e+03 3.647766946206062858e+04 4.763835634810279484e-08
8.674089573071004124e-04 1.754309388461415438e+03 3.645034315307596989e+04 5.800269252385868430e-08
9.118819655546198935e-04 1.838307624944722420e+03 3.642156076921855129e+04 7.061619739136052390e-08
9.586351536941296880e-04 1.926146219369854634e+03 3.639108594511019328e+04 8.596458360103612853e-08
1.007785429048626679e-03 2.017915767551948420e+03 3.635823874208804773e+04 1.046351297975772627e-07
1.059455692907732439e-03 2.113903872024670818e+03 3.632410046465195046e+04 1.273514488156649057e-07
1.113775147844932919e-03 2.214026548141588592e+03 3.628645935186158022e+04 1.549692932014168052e-07
1.170879620791311689e-03 2.318791223032555081e+03 3.624807408212410519e+04 1.885682836953671641e-07
1.230911902673626282e-03 2.427863786479427745e+03 3.620488750615747995e+04 2.293905327375938442e-07
1.294022105466001958e-03 2.541918270029763789e+03 3.616069475350902212e+04 2.790338732871879484e-07
1.360368037548055848e-03 2.660670892551992893e+03 3.611207841702645237e+04 3.393365778728390672e-07
1.430115598308045934e-03 2.784611622556421935e+03 3.606119814407494414e+04 4.126181438182465179e-07
1.503439192977754080e-03 2.913692722187349773e+03 3.600647794387404429e+04 5.016162660287060743e-07
1.580522168736409397e-03 3.048099835438567425e+03 3.594796349486945837e+04 6.096789794021861122e-07
1.661557273174137529e-03 3.188155307336083752e+03 3.588643885771970963e+04 7.408933143095720828e-07
1.746747136261333697e-03 3.333575187646606082e+03 3.581926644293437130e+04 9.000582843875078819e-07
1.836304777029133936e-03 3.485228129345975503e+03 3.575016875908360089e+04 1.093290971191220169e-06
1.930454136227949345e-03 3.642149973454527299e+03 3.567322181506497145e+04 1.327414471776885773e-06
2.029430636295988157e-03 3.805779200438083990e+03 3.559476638063146675e+04 1.611522909340722535e-06
2.133481770037976965e-03 3.974823919243223372e+03 3.550783809392117837e+04 1.955487131980251501e-06
2.242867719486086112e-03 4.150672871968500658e+03 3.541811696544626466e+04 2.372464631293485343e-06
2.357862006490532136e-03 4.332434161453134948e+03 3.532101142891036579e+04 2.877116078294562098e-06
2.478752176666675511e-03 4.520761157467165503e+03 3.521874351542313525e+04 3.488037517052635829e-06
2.605840518408833982e-03 4.715597847511574400e+03 3.511053019153985952e+04 4.227177825505781454e-06
2.739444818768723561e-03 4.916504303157655158e+03 3.499436763032706222e+04 5.120523373295359027e-06
2.879899158088616417e-03 5.124642734042266056e+03 3.487407249040951865e+04 6.201056599787363307e-06
3.027554745376210416e-03 5.338030430675497882e+03 3.474260050794225390e+04 7.504596026720957907e-06
3.182780796510085389e-03 5.559484625625999797e+03 3.460907544663662702e+04 9.080818170358826027e-06
3.345965457471714814e-03 5.785058516667317235e+03 3.446097334563610639e+04 1.097848403503262327e-05
3.517516774912597243e-03 6.018665889746546782e+03 3.431031539473656449e+04 1.327024759537612877e-05
3.697863716483424691e-03 6.256804241860799266e+03 3.414694123832556215e+04 1.602785963026465691e-05
3.887457243476651579e-03 6.501788544891220226e+03 3.397761373999661009e+04 1.935084687160251715e-05
4.086771438464619106e-03 6.751880338860569282e+03 3.379790288881881133e+04 2.334726670122041266e-05
4.296304690752923532e-03 7.007081666970770129e+03 3.360832790711145935e+04 2.815092430572751372e-05
4.516580942613284376e-03 7.268185971171778874e+03 3.341121450957074558e+04 3.392545516941193856e-05
4.748150999412126434e-03 7.531995442452031966e+03 3.319977973128480517e+04 4.084640818005891408e-05
4.991593906910903912e-03 7.802789139092607002e+03 3.298420677407686890e+04 4.916294239779977213e-05
5.247518399182111472e-03 8.073081027755308241e+03 3.274927541394835862e+04 5.909782264962422995e-05
5.516564420761540903e-03 8.350536690046670628e+03 3.251173639442432250e+04 7.102164542657711630e-05
5.799404726842954938e-03 8.625857811410074646e+03 3.225410898884430208e+04 8.523595049935632582e-05
6.096746565516493986e-03 8.906123399631287612e+03 3.199110097982070874e+04 1.022476638549690148e-04
6.409333446257287764e-03 9.184684658932654202e+03 3.171158055609365329e+04 1.225104424187588455e-04
6.737946999086424568e-03 9.464077250012107470e+03 3.142142179341170049e+04 1.466666278877870871e-04
7.083408929053131541e-03 9.742621445061444319e+03 3.111899331420461749e+04 1.754175458581197771e-04
7.446583070925409317e-03 1.001667362929370938e+04 3.079997173109185314e+04 2.095390152021026932e-04
7.828377549226901017e-03 1.029130782000424188e+04 3.047367077262343446e+04 2.501244321579764026e-04
8.229747049021221908e-03 1.055470002282925816e+04 3.012405038138238160e+04 2.980407270734372225e-04
8.651695203121895217e-03 1.082058884994637265e+04 2.977260232641635957e+04 3.549970852884459728e-04
9.095277101697147801e-03 1.106734496454944383e+04 2.939097566705345889e+04 4.218533585425664873e-04
9.561601930544914862e-03 1.131409623751705476e+04 2.900702203806884063e+04 5.010511980743681841e-04
1.005183574463506743e-02 1.154214625657224315e+04 2.859811631071267402e+04 5.938721809254929665e-04
1.056720438385422289e-02 1.176220742544451241e+04 2.817990270953294385e+04 7.031361308356247081e-04
1.110899653824396448e-02 1.196500887869934377e+04 2.774294212920665814e+04 8.310129248501549066e-04
1.167856697039719623e-02 1.214991714983041857e+04 2.728874684845697993e+04 9.804201806176368085e-04
1.227733990307029038e-02 1.232033847561913353e+04 2.682311334690866352e+04 1.155063172293357976e-03
1.290681258048182248e-02 1.246085526591638700e+04 2.633132550938177155e+04 1.357297726948011049e-03
1.356855901220299469e-02 1.259136553603697757e+04 2.583664648537891117e+04 1.593471404838968939e-03
1.426423390900143431e-02 1.267774839961332873e+04 2.530589618989776864e+04 1.864050797815584122e-03
1.499557682048000690e-02 1.275513200803128711e+04 2.477673452772355085e+04 2.178937356385345428e-03
1.576441648485692182e-02 1.278319661420618831e+04 2.421153107644109332e+04 2.537134132373949826e-03
1.657267540176381518e-02 1.280237755771835327e+04 2.365095958741759023e+04 2.952152325185433690e-03
1.742237463949622076e-02 1.279890544928419331e+04 2.308292267979604367e+04 3.428981441341317441e-03
1.831563888873704443e-02 1.275433066739576861e+04 2.249231455460450161e+04 3.970033289096831092e-03
1.925470177538994923e-02 1.266289340778432961e+04 2.187624199091751871e+04 4.579452930613815524e-03
2.024191144580758314e-02 1.252618054741536798e+04 2.123814138976147660e+04 5.263122614308741315e-03
2.127973643838054069e-02 1.236617431204270179e+04 2.059803477564186687e+04 6.036766209640497503e-03
2.237077185616915750e-02 1.212330688364680464e+04 1.990763114317745567e+04 6.875974605579444204e-03
2.351774585601286785e-02 1.186749011643107224e+04 1.922602072782089817e+04 7.820170397820642300e-03
2.472352647034336062e-02 1.156537835864723638e+04 1.852639077506481772e+04 8.854445211391320097e-03
2.599112877875953478e-02 1.125877986403477371e+04 1.784257342026926199e+04 1.001467845574345941e-02
2.732372244729698585e-02 1.091055674298508893e+04 1.714494971492065451e+04 1.127552485649026444e-02
2.872463965424410307e-02 1.054469952731718877e+04 1.645245815640012734e+04 1.266100661366792793e-02
3.019738342232343442e-02 1.014528924734121938e+04 1.575240387397733321e+04 1.415280856987783872e-02
3.174563637807315680e-02 9.731132712662243648e+03 1.505903872100955596e+04 1.577196362301960808e-02
3.337326996033158216e-02 9.311028622840531170e+03 1.437855735071462550e+04 1.753332185989030581e-02
3.508435410085083278e-02 8.930292599490509019e+03 1.374517452079106442e+04 1.953783351208302974e-02
3.688316740124613496e-02 8.572386823308212115e+03 1.314526134823299981e+04 2.178997079532268150e-02
3.877420783172848273e-02 8.165904263617020661e+03 1.252337593848346478e+04 2.411589278359114324e-02
4.076220397837305304e-02 7.770521810848800669e+03 1.192464060140023503e+04 2.666204250626229635e-02
4.285212686704739649e-02 7.369515954285941916e+03 1.133549838358103989e+04 2.937828017922387847e-02
4.504920239356542677e-02 7.006759537883042867e+03 1.078898713490894625e+04 3.245254722838425421e-02
4.735892439114896407e-02 6.704354116478230935e+03 1.030152384260280269e+04 3.607718925980900326e-02
4.978706836787243073e-02 6.430540874280899516e+03 9.847991881074905905e+03 4.020382971880838430e-02
5.233970594844135349e-02 6.185123818155786466e+03 9.427554685997001798e+03 4.492752475639263249e-02
5.502322005641668845e-02 5.979697911949334411e+03 9.048267144154073321e+03 5.046467850391771898e-02
5.784432087484844831e-02 5.797346266947724871e+03 8.696436767252642312e+03 5.684361372609204183e-02
6.081006262522850592e-02 5.607605279068337040e+03 8.348652256359546300e+03 6.388134432301850740e-02
6.392786120671870020e-02 5.420899837668663167e+03 8.012430515042831757e+03 7.174839098467709897e-02
6.720551273976151097e-02 5.185906151658813542e+03 7.649654884515805861e+03 7.974612859151121447e-02
7.065121306044198912e-02 4.950557614990567345e+03 7.295541063504933845e+03 8.844702855707606282e-02
7.427357821434696361e-02 4.683771151362447199e+03 6.926745180569145305e+03 9.722298869642721775e-02
7.808166600116696332e-02 4.394327258961055122e+03 6.549053028165993055e+03 1.059765724957096172e-01
8.208499862391337165e-02 4.065214502633721168e+03 6.148582044348821000e+03 1.139056091477202576e-01
8.629358649938589920e-02 3.728855753252199065e+03 5.748068857117586958e+03 1.213895776635454532e-01
9.071795328942874881e-02 3.397108720701242419e+03 5.355374227654199785e+03 1.284870729018089963e-01
9.536916221556676621e-02 3.101568557351398795e+03 4.994899158117552361e+03 1.362936263206692422e-01
1.002588437228218304e-01 2.833918142904492015e+03 4.660479626127123993e+03 1.446857085387170672e-01
1.053992245618834284e-01 2.640944910904991957e+03 4.391547301243658694e+03 1.566541296969914121e-01
1.108031583623540345e-01 2.470705676625186697e+03 4.146191254716074582e+03 1.702737463469103651e-01
1.164841577735182265e-01 2.356231189406513749e+03 3.952289111295870043e+03 1.886638753786167577e-01
1.224564282530043596e-01 2.243067855060140573e+03 3.764106410637691624e+03 2.086687596614588969e-01
1.287349035878279091e-01 2.125735324537608449e+03 3.576812809650817144e+03 2.297568057706603217e-01
1.353352832366376823e-01 1.981098354902319215e+03 3.370509588878396698e+03 2.487765294252813619e-01
1.422740715865399574e-01 1.811045860810626891e+03 3.145634093786898575e+03 2.642268746473235286e-01
1.495686192226629019e-01 1.630794290237053247e+03 2.913694413341101153e+03 2.764336411890702117e-01
1.572371663136570008e-01 1.456417670297514178e+03 2.687746535810987552e+03 2.868281843851288038e-01
1.652988882216175348e-01 1.331542971647463219e+03 2.508556373997903393e+03 3.046738939887174147e-01
1.737739434504778357e-01 1.223632611881463617e+03 2.347322298676254832e+03 3.252934152042233351e-01
1.826835240527691917e-01 1.154243336777633658e+03 2.225342292822443142e+03 3.565051248911056403e-01
1.920499086207905493e-01 1.081896291956807772e+03 2.103012629413439299e+03 3.882381473118482473e-01
2.018965179946938526e-01 9.873392311818163307e+02 1.961025280533622663e+03 4.116452794859761788e-01
2.122479738267836202e-01 8.939513021163224948e+02 1.821410589100871221e+03 4.330268037485255905e-01
2.231301601484726449e-01 7.987484882303269842e+02 1.680571065285095074e+03 4.495263351032942056e-01
2.345702880938428103e-01 7.277351620004150163e+02 1.565811462074426117e+03 4.758418353188103578e-01
2.465969639416541459e-01 6.734545341885839207e+02 1.470306441039407673e+03 5.116131707069806467e-01
2.592402606459418002e-01 6.160377848500675100e+02 1.372645293545042932e+03 5.437320810225778622e-01
2.725317930340656614e-01 5.611946697447732504e+02 1.278828627365574903e+03 5.754867341787250901e-01
2.865047968602461026e-01 5.051612739052625329e+02 1.184326744748108013e+03 6.018607217274811738e-01
3.011942119122611450e-01 4.550616926674398997e+02 1.097217136089708220e+03 6.299127544299135684e-01
3.166367693791155569e-01 4.165255786079598579e+02 1.024658652761849225e+03 6.698783975171781480e-01
3.328710836981453314e-01 3.792433344258474790e+02 9.543733042368953647e+02 7.086249266433299887e-01
3.499377491112247163e-01 3.407036739397723295e+02 8.829754806598326695e+02 7.396384123628619855e-01
3.678794411715154977e-01 3.075605693024453444e+02 8.188917473797737330e+02 7.757422926413858333e-01
3.867410234545784475e-01 2.791884666516874063e+02 7.615717643581776883e+02 8.181415684594975923e-01
4.065696597406806001e-01 2.519230301171606357e+02 7.061500005871714620e+02 8.577150472270530512e-01
4.274149319488126375e-01 2.265785310286605636e+02 6.536922520117601607e+02 8.962684046824483941e-01
4.493289641173122684e-01 2.042449138425384092e+02 6.058156875443286253e+02 9.386739225096799588e-01
4.723665527411103904e-01 1.841939760473735532e+02 5.615695257199993193e+02 9.835197772581830700e-01
4.965853037915104462e-01 1.656755249674057211e+02 5.198714041360747160e+02 1.027803760514418796e+00
5.220457767611225153e-01 1.489702467980696099e+02 4.811909505814407453e+02 1.073731159623923626e+00
5.488116360941387439e-01 1.337655090293099533e+02 4.450826722046917325e+02 1.120171033527573190e+00
5.769498103806052214e-01 1.200733539881818217e+02 4.116165851839004972e+02 1.168237131099536530e+00
6.065306597127584354e-01 1.077236540220528980e+02 3.805625194072501927e+02 1.217698055409219160e+00
6.376281516219051149e-01 9.657666356191091950e+01 3.517284556013238443e+02 1.268366918098180030e+00
6.703200460357783275e-01 8.653478969113827191e+01 3.249882867660633678e+02 1.320406407634229673e+00
7.046880897188601001e-01 7.746871452947301862e+01 3.001486835225736627e+02 1.373369513473264858e+00
7.408182206818726412e-01 6.933070577026002468e+01 2.771641207252566801e+02 1.428008677404367210e+00
7.788007830715680813e-01 6.198158216730296033e+01 2.558034861539136955e+02 1.483242139806013604e+00
8.187307530781540166e-01 5.540018112874285805e+01 2.360650280250580693e+02 1.540298010416409680e+00
8.607079764252394405e-01 4.946905574556530638e+01 2.177427993504900599e+02 1.597980085911938408e+00
9.048374180361511421e-01 4.416037643365005039e+01 2.008141475099515390e+02 1.657351711615785428e+00
9.512294245009160765e-01 3.939303224060548558e+01 1.851350122642515998e+02 1.717692811544596854e+00
1.000000000000213163e+00 3.512393419855708743e+01 1.706402040553259383e+02 1.779399293587833109e+00
1.051271096376248826e+00 3.130063872005372616e+01 1.572379290450581379e+02 1.842330878035730146e+00
1.105170918075884856e+00 2.787607914108655294e+01 1.448429930551949951e+02 1.906295805795029219e+00
1.161834242728533306e+00 2.481771050931148892e+01 1.334023358981897900e+02 1.971807390955292894e+00
1.221402758160433644e+00 2.207875003536058856e+01 1.228204683851821812e+02 2.038080955105901371e+00
1.284025416688019838e+00 1.963891804167623789e+01 1.130689131688457536e+02 2.106243985621230497e+00
1.349858807576296504e+00 1.745323784825359326e+01 1.040455171897158948e+02 2.174759816442925153e+00
1.419067548593566874e+00 1.550833832826774916e+01 9.573460155991179477e+01 2.245146743582428162e+00
1.491824697641596753e+00 1.377093199522847833e+01 8.805801641351003184e+01 2.316258205556637417e+00
1.568312185490513100e+00 1.222449522073024042e+01 8.098482162967079034e+01 2.388904258368972133e+00
1.648721270700491237e+00 1.084625941878962507e+01 7.446103818467123858e+01 2.462589193843857771e+00
1.733253017867778301e+00 9.619228801389748895e+00 6.844790367211142268e+01 2.537443664731316328e+00
1.822118800390913007e+00 8.528046106588845987e+00 6.290942634582013682e+01 2.613664662155140483e+00
1.915540829014322100e+00 7.556605975779810080e+00 5.780365159872475544e+01 2.690737156979841505e+00
2.013752707470925607e+00 6.694550176795711849e+00 5.310721381534100516e+01 2.769555496364477953e+00
2.117000016613148627e+00 5.926866412927629391e+00 4.877601518121966251e+01 2.848773901063057501e+00
2.225540928492967474e+00 5.246549352121712140e+00 4.479520825305674947e+01 2.929886373755471229e+00
2.339646851926517890e+00 4.641511807106357246e+00 4.112683979632104325e+01 3.011484604972916923e+00
2.459603111157505406e+00 4.105474293465757540e+00 3.775532465719405195e+01 3.094772272910506050e+00
2.585709659316432152e+00 3.629608882751784726e+00 3.465192661575949984e+01 3.178845067220533060e+00
2.718281828459663263e+00 3.207963612293940781e+00 3.179897483932187185e+01 3.264247935606440443e+00
2.857651118063815776e+00 2.834346165844372933e+00 2.917600189813155964e+01 3.350817443282549046e+00
3.004166023947120401e+00 2.503248176655847868e+00 2.676407377845916713e+01 3.438317342031492974e+00
3.158192909690492378e+00 2.210347983215191547e+00 2.454887083646246637e+01 3.527336344022621528e+00
3.320116922737311960e+00 1.950769165857863641e+00 2.251153281295705000e+01 3.616898123583013991e+00
3.490342957462647444e+00 1.721491207247536126e+00 2.064217526953714099e+01 3.708338541802689292e+00
3.669296667620093988e+00 1.518318363548485594e+00 1.892280047389180098e+01 3.799982381916387819e+00
3.857425530697870641e+00 1.338982972798527626e+00 1.734572456181681943e+01 3.893480150904431891e+00
4.055199966845619564e+00 1.180305414641824369e+00 1.589655618165109985e+01 3.987507219720399565e+00
4.263114515169814212e+00 1.040227591072099278e+00 1.456702833085672211e+01 4.083002295404759785e+00
4.481689070339116121e+00 9.164722540121091887e-01 1.334649942268051248e+01 4.179407799447638183e+00
4.711470182591849465e+00 8.072147266510381058e-01 1.222652894900216047e+01 4.276895867030615861e+00
4.953032424396282885e+00 7.108237061143558577e-01 1.119929087952258406e+01 4.375681222982837681e+00
5.206979827181080545e+00 6.257157081843853774e-01 1.025649642399086936e+01 4.475123264228532349e+00
5.473947391728498424e+00 5.507266308395604160e-01 9.392462586114273648e+00 4.576233692874636994e+00
5.754602676007100293e+00 4.845137331988663698e-01 8.599345764421682858e+00 4.677592454594377003e+00
6.049647464414390718e+00 4.262254458877582364e-01 7.872868248321601037e+00 4.780791845045571087e+00
6.359819522603354258e+00 3.747948684180770762e-01 7.206278556901717813e+00 4.884254322661625736e+00
6.685894442280875261e+00 3.295292862249654120e-01 6.595719340564611954e+00 4.989336822141850369e+00
7.028687580590986528e+00 2.896395264377852330e-01 6.035941247681601673e+00 5.095077646361910517e+00
7.389056098932435646e+00 2.545784510874494755e-01 5.523671469978799209e+00 5.203059474207366364e+00
7.767901106308653603e+00 2.237615444106397233e-01 5.054877981122988473e+00 5.313329800080573762e+00
8.166169912569634093e+00 1.966750467023439530e-01 4.625870952484452125e+00 5.425937124949921753e+00
8.584858397179985445e+00 1.728673892435388104e-01 4.233273710849402960e+00 5.540930977682503311e+00
9.025013499436326470e+00 1.519416660370916106e-01 3.873996160948649514e+00 5.658361936828510963e+00
9.487735836360851494e+00 1.335490168455251980e-01 3.545210463613902352e+00 5.778281652867870655e+00
9.974182454817173138e+00 1.173828112168522203e-01 3.244328778126509327e+00 5.900742870927546235e+00
1.048556972473016025e+01 1.031735365383432135e-01 2.968982893571407988e+00 6.025799453981645293e+00
1.102317638064432792e+01 9.068430489506240644e-02 2.717005588875554878e+00 6.153506406541136009e+00
1.158834671922626214e+01 7.970690382649260608e-02 2.486413574818919781e+00 6.283919898848178143e+00
1.218249396070650370e+01 7.005832514189994087e-02 2.275391883754726674e+00 6.417097291580505569e+00
1.280710378266622662e+01 6.157771392516493691e-02 2.082279584173382325e+00 6.553097161082489741e+00
1.346373803500505772e+01 5.412368686475423074e-02 1.905556707669347594e+00 6.691979325127125122e+00
1.415403864537935341e+01 4.757197520184058143e-02 1.743832285415758188e+00 6.833804869227900980e+00
1.487973172487657614e+01 4.181335300124085219e-02 1.595833399981952061e+00 6.978636173505656792e+00
1.564263188419211659e+01 3.675181620667106880e-02 1.460395166322297600e+00 7.126536940125355102e+00
1.644464677110120832e+01 3.230298212269185759e-02 1.336451563077713178e+00 7.277572221315123713e+00
1.728778184057202338e+01 2.839268264052679722e-02 1.223027042023713040e+00 7.431808447979156185e+00
1.817414536944768244e+01 2.495572775491222695e-02 1.119228849623722155e+00 7.589313458915428967e+00
1.910595372823652127e+01 2.193481875813769674e-02 1.024240000251551930e+00 7.750156530653717901e+00
2.008553692319280515e+01 1.927959299274014521e-02 9.373128457758879151e-01 7.914408407926877054e+00
2.111534442254602695e+01 1.694578423757550287e-02 8.577631908934760796e-01 8.082141334786948406e+00
2.219795128144734164e+01 1.489448472976595030e-02 7.849649078933976787e-01 8.253429086379936663e+00
2.333606458094873304e+01 1.309149651942886038e-02 7.183450084658445922e-01 8.428347001394303817e+00
2.453253019711569394e+01 1.150676134339294852e-02 6.573791337661775147e-01 8.606972015200783588e+00
2.579033991719975205e+01 1.011385951310499534e-02 6.015874272365372422e-01 8.789382693687946002e+00
2.711263892066493852e+01 8.889569462528038382e-03 5.505307577009319608e-01 8.975659267819606768e+00
2.850273364377471097e+01 7.813480613084334420e-03 5.038072630058143542e-01 9.165883668923054728e+00
2.996410004740484823e+01 6.867653101580945517e-03 4.610491870016565352e-01 9.360139564728184425e+00
3.150039230875619012e+01 6.036318698311030247e-03 4.219199849693893722e-01 9.558512396162557323e+00
3.311545195870102276e+01 5.305617929244486365e-03 3.861116747092976920e-01 9.761089414936142461e+00
3.481331748761120082e+01 4.663369019763385914e-03 3.533424124425837975e-01 9.967959721916050952e+00
3.659823444368765877e+01 4.098864807927415747e-03 3.233542744459743101e-01 1.017921430631530733e+01
3.847466604904231957e+01 3.602694241537279796e-03 2.959112269588344279e-01 1.039494608571422596e+01
4.044730436007814234e+01 3.166585483108161087e-03 2.707972683840703110e-01 1.061524994693028034e+01
4.252108200007410943e+01 2.783268007099390720e-03 2.478147291602346425e-01 1.084022278775170456e+01
4.470118449331276622e+01 2.446351390374879378e-03 2.267827159233312684e-01 1.106996355955481981e+01
4.699306323159186860e+01 2.150218775167850663e-03 2.075356877125247856e-01 1.130457331083025174e+01
4.940244910554343960e+01 1.889933228429664831e-03 1.899221530130758562e-01 1.154415523162590596e+01
5.193536683484541783e+01 1.661155436447783393e-03 1.738034773811255873e-01 1.178881469893116574e+01
5.459815003315897997e+01 1.460071362591628666e-03 1.590527922653354742e-01 1.203865932303350483e+01
5.739745704546173499e+01 1.283328662138077903e-03 1.455539964365855088e-01 1.229379899483743799e+01
6.034028759737834946e+01 1.127980794131738665e-03 1.332008421664087061e-01 1.255434593421012757e+01
6.343400029814058882e+01 9.914378985429687235e-04 1.218960989612608153e-01 1.282041473933427511e+01
6.668633104094334385e+01 8.714236197822955486e-04 1.115507882706148618e-01 1.309212243711063728e+01
7.010541234670704114e+01 7.659371567604581930e-04 1.020834831453538427e-01 1.336958853463860208e+01
7.369979369961600923e+01 6.732199068150764455e-04 9.341966733401284306e-02 1.365293507177037391e+01
7.747846292528217305e+01 5.917261474152758337e-04 8.549114877252876610e-02 1.394228667479378636e+01
8.145086866499057976e+01 5.200972668669786745e-04 7.823552285104369564e-02 1.423777061124979149e+01
8.562694400222423496e+01 4.571391144096539666e-04 7.159568123317207322e-02 1.453951684590019333e+01
9.001713130054676526e+01 4.018020921011738957e-04 6.551936236179636830e-02 1.484765809790434865e+01
9.463240831495036787e+01 3.531636565936349106e-04 5.995874011332887055e-02 1.516232989918366947e+01
9.948431564196151555e+01 3.104129390823931012e-04 5.487004736288223633e-02 1.548367065403495069e+01
1.045849855771433994e+02 2.728372270214679258e-04 5.021323149743191216e-02 1.581182170000999676e+01
1.099471724521542768e+02 2.398100822369841456e-04 4.595163916553229866e-02 1.614692737007963785e+01
1.155842845272200918e+02 2.107808973515829171e-04 4.205172778229090275e-02 1.648913505611010777e+01
1.215104175187690743e+02 1.852657164115122492e-04 3.848280151891317336e-02 1.683859527370242049e+01
1.277403898460648861e+02 1.628391666832002189e-04 3.521676969876327140e-02 1.719546172838649056e+01
1.342897796849734675e+02 1.431273671119208868e-04 3.222792569834876525e-02 1.755989138323415233e+01
1.411749639215168770e+02 1.258016952164970389e-04 2.949274461293660901e-02 1.793204452788372549e+01
1.484131591026187778e+02 1.105733085061971240e-04 2.698969809429953987e-02 1.831208484905878819e+01
1.560224644864394463e+02 9.718832908382435084e-05 2.469908490313346347e-02 1.870017950254485228e+01
1.640219072999485945e+02 8.542361115638053384e-05 2.260287584250938661e-02 1.909649918673525448e+01
1.724314903169036768e+02 7.508302089135312693e-05 2.068457185177253674e-02 1.950121821768351893e+01
1.812722418752032070e+02 6.599416659932470037e-05 1.892907414402678415e-02 1.991451460578635135e+01
1.905662684586848457e+02 5.800552473031841857e-05 1.732256536503554850e-02 2.033657013409267833e+01
2.003368099748494728e+02 5.098391377025158621e-05 1.585240083813707970e-02 2.076757043823215199e+01
2.106082978667353416e+02 4.481227392419778836e-05 1.450700903921368391e-02 2.120770508807719068e+01
2.214064162042512862e+02 3.938771557058282324e-05 1.327580051833859853e-02 2.165716767113771013e+01
2.327581659077297047e+02 3.461980395132464969e-05 1.214908455121858737e-02 2.211615587767457924e+01
2.446919322642916654e+02 3.042905150161647471e-05 1.111799286444370254e-02 2.258487158768710046e+01
2.572375559058498879e+02 2.674559268417538784e-05 1.017440983414916525e-02 2.306352095968349403e+01
2.704264074262317763e+02 2.350801923581924906e-05 9.310908608719007176e-03 2.355231452135847903e+01
2.842914658240042627e+02 2.066235640829980816e-05 8.520692652751531496e-03 2.405146726220443654e+01
2.988674009671481713e+02 1.816116313590289611e-05 7.797542252178399878e-03 2.456119872806418769e+01
3.141906602857868620e+02 1.596274112842001799e-05 7.135765559490008653e-03 2.508173311768677038e+01
3.302995599097462787e+02 1.403043970400879515e-05 6.530153793751930849e-03 2.561329938135516215e+01
3.472343804788374655e+02 1.233204477252022650e-05 5.975940242787406396e-03 2.615613132157557530e+01
3.650374678654371792e+02 1.083924178285080443e-05 5.468762744843352203e-03 2.671046769591886871e+01
3.837533390612260860e+02 9.527143680899462453e-06 5.004629354431923936e-03 2.727655232202237201e+01
4.034287934928555046e+02 8.373876008570816976e-06 4.579886922112316218e-03 2.785463418485127463e+01
4.241130300448911044e+02 7.360212226829555637e-06 4.191192340899406628e-03 2.844496754619029488e+01
4.458577700826506316e+02 6.469253183174911611e-06 3.835486232989807932e-03 2.904781205648249554e+01
4.687173867825576963e+02 5.686145379811473701e-06 3.509968869693404995e-03 2.966343286905033594e+01
4.927490410934046849e+02 4.997833345655938897e-06 3.212078135036194187e-03 3.029210075671043967e+01
5.180128246684984106e+02 4.392841983890681442e-06 2.939469359589238270e-03 3.093409223083489934e+01
5.445719101260938260e+02 3.861085266520076423e-06 2.689996865803856180e-03 3.158968966303637771e+01
5.724927090138447738e+02 3.393698086571724211e-06 2.461697079586691941e-03 3.225918140932101608e+01
6.018450378722650385e+02 2.982888464718340622e-06 2.252773075196022601e-03 3.294286193690648901e+01
6.327022928124463306e+02 2.621807646401165425e-06 2.061580431813527566e-03 3.364103195379399835e+01
6.651416330445650829e+02 2.304435923780832969e-06 1.886614290463709291e-03 3.435399854098384509e+01
6.992441738160994191e+02 2.025482279030269686e-06 1.726497509413607665e-03 3.508207528755129800e+01
7.350951892421985576e+02 1.780296175878786858e-06 1.579969824822224271e-03 3.582558242857422925e+01
7.727843255353874383e+02 1.564790028854968660e-06 1.445877931325115912e-03 3.658484698600913987e+01
8.124058251677936369e+02 1.375371057681356621e-06 1.323166404477668342e-03 3.736020291249927539e+01
8.540587625264155349e+02 1.208881390745504212e-06 1.210869393610233867e-03 3.815199123824202587e+01
8.978472916506958654e+02 1.062545419091931557e-06 1.108103019711187149e-03 3.896056022104962580e+01
9.438809066718714575e+02 9.339235232476028272e-07 1.014058418498962454e-03 3.978626549947593816e+01
9.922747156053346771e+02 8.208714014505183663e-07 9.279953739286804807e-04 4.062947024921987094e+01
1.043149728180628472e+03 7.215043212278553565e-07 8.492364920236699201e-04 4.149054534294895547e+01
1.096633158428801380e+03 6.341656983428333879e-07 7.771618691712750548e-04 4.236986951333819462e+01
1.152858742783748994e+03 5.573994792854490091e-07 7.112042129213184917e-04 4.326782951967597057e+01
1.211967074492957408e+03 4.899258668823904114e-07 6.508443768817468713e-04 4.418482031799494791e+01
1.274105955173854682e+03 4.306199843390413704e-07 5.956072745669698052e-04 4.512124523477480409e+01
1.339430764394840480e+03 3.784931220148229101e-07 5.450581400375660275e-04 4.607751614432358878e+01
1.408104848205140797e+03 3.326762542904578171e-07 4.987991058994469462e-04 4.705405364996685336e+01
1.480299927585014302e+03 2.924055517299667640e-07 4.564660717276036099e-04 4.805128726902891856e+01
1.556196527837648091e+03 2.570096470060832713e-07 4.177258382664814323e-04 4.906965562173419215e+01
1.635984429996447261e+03 2.258984422949383984e-07 3.822734848507306133e-04 5.010960662416090372e+01
1.719863145376471039e+03 1.985532715434283818e-07 3.498299694037566095e-04 5.117159768522957819e+01
1.808042414456641382e+03 1.745182536014605391e-07 3.201399321243204843e-04 5.225609590790003978e+01
1.900742731340188357e+03 1.533926920636945188e-07 2.929696855739371045e-04 5.336357829459640101e+01
1.998195895104759757e+03 1.348243951161554746e-07 2.681053753455401125e-04 5.449453195703982544e+01
2.100645589420852957e+03 1.185038040201634644e-07 2.453512968359334266e-04 5.564945433050576895e+01
2.208347991887921125e+03 1.041588323474329030e-07 2.245283548734796849e-04 5.682885339255809498e+01
2.321572414611807289e+03 9.155032992980688443e-08 2.054726540773417953e-04 5.803324788655221056e+01
2.440601977625289692e+03 8.046809590085739465e-08 1.880342088524734922e-04 5.926316754971286116e+01
2.565734316835632853e+03 7.072737436199499042e-08 1.720757628675345457e-04 6.051915334621829601e+01
2.697282328269386653e+03 6.216577425051844101e-08 1.574717087233591173e-04 6.180175770508267163e+01
2.835574950475434889e+03 5.464056205997316072e-08 1.441070993091621657e-04 6.311154476313483030e+01
2.980957987042702825e+03 4.802628227871817647e-08 1.318767430649119379e-04 6.444909061320302612e+01
3.133794971289250043e+03 4.221266587602098025e-08 1.206843760285517735e-04 6.581498355743090656e+01
3.294468075284922634e+03 3.710279196750144815e-08 1.104419041515801659e-04 6.720982436601788379e+01
3.463379065480592999e+03 3.261147201239195791e-08 1.010687099193677193e-04 6.863422654160936531e+01
3.640950307333554974e+03 2.866382960469161265e-08 9.249101781823983669e-05 7.008881658892789801e+01
3.827625821441170956e+03 2.519405218183940242e-08 8.464131365561884375e-05 7.157423429049984520e+01
4.023872393823642142e+03 2.214429383983471938e-08 7.745781316222071888e-05 7.309113298797826985e+01
4.230180743132199495e+03 1.946371096343634910e-08 7.088397569401251434e-05 7.464017986954073081e+01
4.447066747701334862e+03 1.710761459399268646e-08 6.486805920618067837e-05 7.622205626325646222e+01
4.675072735513344924e+03 1.503672540382744351e-08 5.936271299653517674e-05 7.783745793693118742e+01
4.914768840300775992e+03 1.321651885643703828e-08 5.432460501259522265e-05 7.948709540397913997e+01
5.166754427177720572e+03 1.161664963556848497e-08 4.971408078917150073e-05 8.117169423594515365e+01
5.431659591364801599e+03 1.021044574758268287e-08 4.549485133190113564e-05 8.289199538173032522e+01
5.710146733755425885e+03 8.974463863067785702e-09 4.163370749002397598e-05 8.464875549341515182e+01
6.002912217263044113e+03 7.888098484691121100e-09 3.810025857035022139e-05 8.644274725910254631e+01
6.310688108091153481e+03 6.933238425552989524e-09 3.486669313500477009e-05 8.827475974267554193e+01
6.634244006280128815e+03 6.093964871111484964e-09 3.190756010030805718e-05 9.014559873105270071e+01
6.974388970108182548e+03 5.356285990898569238e-09 2.919956841369514004e-05 9.205608708842788701e+01
7.331973539158482708e+03 4.707903675699557583e-09 2.672140373208085868e-05 9.400706511821215372e+01
7.707891861111141225e+03 4.138008511369110104e-09 2.445356065872432262e-05 9.599939093273381729e+01
8.103083927578147268e+03 3.637099571206241640e-09 2.237818921810856671e-05 9.803394083060865682e+01
8.518537924572025076e+03 3.196826022594575722e-09 2.047895436048458032e-05 1.001116096820763488e+02
8.955292703485578386e+03 2.809847907284756237e-09 1.874090739028549872e-05 1.022333113228211943e+02
9.414440378761499232e+03 2.469713774309389500e-09 1.715036830635071924e-05 1.043999789556885816e+02
9.897129058747319505e+03 2.170753125534485171e-09 1.569481812796214839e-05 1.066125655612768099e+02
1.040456571656430970e+04 1.907981880748247690e-09 1.436280035913673068e-05 1.088720443169751633e+02
1.093801920816896018e+04 1.677019286275635635e-09 1.314383081565704083e-05 1.111794090251714238e+02
1.149882344515380282e+04 1.474014881858765190e-09 1.202831510504819506e-05 1.135356745501675846e+02
1.208838073022117533e+04 1.295584308255538081e-09 1.100747311004412040e-05 1.159418772647030238e+02
1.270816526367042752e+04 1.138752885372030220e-09 1.007326988112346107e-05 1.183990755057668167e+02
1.335972682966652428e+04 1.000906020303276324e-09 9.218352394190302480e-06 1.209083500400696778e+02
1.404469467150771925e+04 8.797456185169430371e-10 8.435991675625219342e-06 1.234708045393758624e+02
1.476478156558243427e+04 7.732517714950610438e-10 7.720029839178303951e-06 1.260875660659082058e+02
1.552178810420236550e+04 6.796490821157419549e-10 7.064831617842143366e-06 1.287597855682421937e+02
1.631760719802116000e+04 5.973770663692698226e-10 6.465240009197056420e-06 1.314886383872775468e+02
1.715422880929701932e+04 5.250641379712265143e-10 5.916535685148309305e-06 1.342753247735178093e+02
1.803374492783486858e+04 4.615047421540073492e-10 5.414399846538849182e-06 1.371210704146906778e+02
1.895835480205053682e+04 4.056392574316467659e-10 4.954880230299002051e-06 1.400271269749981400e+02
1.993037043823734348e+04 3.565363302699571963e-10 4.534360001562790935e-06 1.429947726456814507e+02
2.095222238178608313e+04 3.133773481570150121e-10 4.149529285903066792e-06 1.460253127069566403e+02
2.202646579481454319e+04 2.754427922213235889e-10 3.797359117633089879e-06 1.491200801024783686e+02
2.315578684540369068e+04 2.421002418742160148e-10 3.475077599105608212e-06 1.522804360255296956e+02
2.434300942441707230e+04 2.127938314989344762e-10 3.180148083368883576e-06 1.555077705174507798e+02
2.559110220669883711e+04 1.870349834161790327e-10 2.910249208465930685e-06 1.588035030793708131e+02
2.690318607430719567e+04 1.643942626300502428e-10 2.663256626214831673e-06 1.621690832963864750e+02
2.828254192034512744e+04 1.444942175632914451e-10 2.437226281668465355e-06 1.656059914752128179e+02
2.973261885290210193e+04 1.270030874265234619e-10 2.230379111643168206e-06 1.691157392951313057e+02
3.125704281962085952e+04 1.116292713153054482e-10 2.041087041884399522e-06 1.726998704730616794e+02
3.285962567445517197e+04 9.811646682684783550e-11 1.867860172650266651e-06 1.763599614425981770e+02
3.454437470929026313e+04 8.623939715050208594e-11 1.709335051851398210e-06 1.800976220470257090e+02
3.631550267425979837e+04 7.580005539749962587e-11 1.564263943452526044e-06 1.839144962477791978e+02
3.817743831181556016e+04 6.662440355696041704e-11 1.431505006660550095e-06 1.878122628473267923e+02
4.013483743089039490e+04 5.855947104582371300e-11 1.310013308605451684e-06 1.917926362276469661e+02
4.219259454884566367e+04 5.147080448132354791e-11 1.198832599773055048e-06 1.958573671040637407e+02
4.435585513031406299e+04 4.524022616056034344e-11 1.097087787458351026e-06 2.000082432957556193e+02
4.663002845354139572e+04 3.976386387744981370e-11 1.003978047992664729e-06 2.042470905114854247e+02
4.902080113639969204e+04 3.495041923205027845e-11 9.187705235388258271e-07 2.085757731531075478e+02
5.153415135589398415e+04 3.071964556213069630e-11 8.407945538366746862e-07 2.129961951353731990e+02
5.417636379671867326e+04 2.700101012229192492e-11 7.694363975005548542e-07 2.175103007233883545e+02
5.695404536624281900e+04 2.373251820726888649e-11 7.041344013196769272e-07 2.221200753877781722e+02
5.987414171521994285e+04 2.085967961596173148e-11 6.443745795395159742e-07 2.268275466779651595e+02
6.294395460553275188e+04 1.833460022574830278e-11 5.896865683291885812e-07 2.316347851139585998e+02
6.617116016840114025e+04 1.611518353238673177e-11 5.396399235928120674e-07 2.365439050970505264e+02
6.956382809870861820e+04 1.416442884409328601e-11 4.938407329852717835e-07 2.415570658398087573e+02
7.313044183344273188e+04 1.244981442973787888e-11 4.519285154658985718e-07 2.466764723157768060e+02
7.687991976470644295e+04 1.094275533740144217e-11 4.135733839867869844e-07 2.519043762293540851e+02
8.082163754034375597e+04 9.618126844376906301e-12 3.784734489832164040e-07 2.572430770058971916e+02
8.496545150794286747e+04 8.453845593931879620e-12 3.463524422303254558e-07 2.626949228037304351e+02
8.932172336083906703e+04 7.430501435714337904e-12 3.169575423617549385e-07 2.682623115461361749e+02
9.390134604774527543e+04 6.531033832198699706e-12 2.900573849373814299e-07 2.739476919766892138e+02
9.871577101079767453e+04 5.740447436334210475e-12 2.654402413957638103e-07 2.797535647360127768e+02
1.037770368201258680e+05 5.045562098737775862e-12 2.429123525589675815e-07 2.856824834617176521e+02
1.090977992765488161e+05 4.434793136696008033e-12 2.222964035726417329e-07 2.917370559115842070e+02
1.146913630576689611e+05 3.897958201765187932e-12 2.034301282778143165e-07 2.979199451106117067e+02
1.205717149864963576e+05 3.426107526184395828e-12 1.861650320294089939e-07 3.042338705220514044e+02
1.267535590057915979e+05 3.011374718092594592e-12 1.703652229092682846e-07 3.106816092439307226e+02
1.332523529455816897e+05 2.646845618084420380e-12 1.559063421337881821e-07 3.172659972302546407e+02
1.400843471757866791e+05 2.326443030779699216e-12 1.426745852378740646e-07 3.239899305384273021e+02
1.472666252406089625e+05 2.044825409719384367e-12 1.305658063309011140e-07 3.308563666030463537e+02
1.548171465762921434e+05 1.797297806528583335e-12 1.194846983743885666e-07 3.378683255366987623e+02
1.627547914190663723e+05 1.579733599748493708e-12 1.093440430294450226e-07 3.450288914583889550e+02
1.710994080155731353e+05 1.388505698448405514e-12 1.000640241695295511e-07 3.523412138497332649e+02
1.798718622538203781e+05 1.220426073694095713e-12 9.157159965544594865e-08 3.598085089406913539e+02
1.890940898387710622e+05 1.072692609772344303e-12 8.379992642761103639e-08 3.674340611238773135e+02
1.987891511430313694e+05 9.428423891151790105e-13 7.668783439075134488e-08 3.752212243992250364e+02
2.089812888697938761e+05 8.287106321175087681e-13 7.017934494993675632e-08 3.831734238491176825e+02
2.196959886722229712e+05 7.283946073209181069e-13 6.422323040847104358e-08 3.912941571453850997e+02
2.309600428808625729e+05 6.402219102923260973e-13 5.877261075948344416e-08 3.995869960864079076e+02
2.428016174984180834e+05 5.627225823733507781e-13 5.378458469803988618e-08 4.080555881698784901e+02
2.552503226294341730e+05 4.946046044696388982e-13 4.921989194896965835e-08 4.167036581957711405e+02
2.683372865209793090e+05 4.347323573381305024e-13 4.504260425304607157e-08 4.255350099051871666e+02
2.820952333994774381e+05 3.821076892711563129e-13 4.121984257909355990e-08 4.345535276533010460e+02
2.965585652983192704e+05 3.358532755512843744e-13 3.772151833628385624e-08 4.437631781178334904e+02
3.117634480808650260e+05 2.951979922563353174e-13 3.452009654972465233e-08 4.531680120438427934e+02
3.277479018739408348e+05 2.594640605755984439e-13 3.159037913529465892e-08 4.627721660249833349e+02
3.445518961379595567e+05 2.280557473165970223e-13 2.890930656796266237e-08 4.725798643235541476e+02
3.622174496113909991e+05 2.004494332230566576e-13 2.645577638245884464e-08 4.825954207280772152e+02
3.807887353794944938e+05 1.761848835305388957e-13 2.421047707779703103e-08 4.928232404507502338e+02
4.003121913300411543e+05 1.548575752275667035e-13 2.215573611829838684e-08 5.032678220649174250e+02
4.208366362722213962e+05 1.361119531075756446e-13 2.027538083476913103e-08 5.139337594842824046e+02
4.424133920090965694e+05 1.196355021802049342e-13 1.855461113094788380e-08 5.248257439824532185e+02
4.650964116688389913e+05 1.051535376220382801e-13 1.697988299338280617e-08 5.359485662570035629e+02
4.889424146156553179e+05 9.242462540738154745e-14 1.553880188780014717e-08 5.473071185367371072e+02
5.140110282777408138e+05 8.123655727493580735e-14 1.422002520290617405e-08 5.589063967331262575e+02
5.403649372469085502e+05 7.140281292776936700e-14 1.301317297378136833e-08 5.707515026376732976e+02
5.680700400227193022e+05 6.275945048662646961e-14 1.190874618217859831e-08 5.828476461665114812e+02
5.971956137930564582e+05 5.516237335589056838e-14 1.089805199064587874e-08 5.952001476506319477e+02
6.278144876631795196e+05 4.848492793771482608e-14 9.973135322050601409e-09 6.078144401772639185e+02
6.600032247664229944e+05 4.261579214439131987e-14 9.126716245923312459e-09 6.206960719790345138e+02
6.938423137119094608e+05 3.745711950786360219e-14 8.352132678818871007e-09 6.338507088736962487e+02
7.294163698479967425e+05 3.292290794626618441e-14 7.643287947707287933e-09 6.472841367577340179e+02
7.668143468447235646e+05 2.893756599223469041e-14 6.994602803629757742e-09 6.610022641490828619e+02
8.061297591243179049e+05 2.543465258056849771e-14 6.400971507979360283e-09 6.750111247882286989e+02
8.474609156959623797e+05 2.235576938528718571e-14 5.857721645708337196e-09 6.893168802896849456e+02
8.909111659795242595e+05 1.964958724028197554e-14 5.360577349208008575e-09 7.039258228542112192e+02
9.365891582329371013e+05 1.727099041234102851e-14 4.905625643360557890e-09 7.188443780358154527e+02
9.846091112294379855e+05 1.518032446051972652e-14 4.489285646878269764e-09 7.340791075653116877e+02
1.035091099863994634e+06 1.334273514287926464e-14 4.108280387551027245e-09 7.496367122426294145e+02
1.088161355403086869e+06 1.172758734872296338e-14 3.759611009483783213e-09 7.655240348751010515e+02
1.143952581128624268e+06 1.030795436987413704e-14 3.440533169418625377e-09 7.817480632973367847e+02
1.202604284165272489e+06 9.060168995699850616e-15 3.148535436246374240e-09 7.983159334350775680e+02
1.264263124320930336e+06 7.963428948678764777e-15 2.881319523793105009e-09 8.152349324522720053e+02
1.329083280812643003e+06 6.999450082084967022e-15 2.636782201215691988e-09 8.325125019498367465e+02
1.397226837794951163e+06 6.152161558458485997e-15 2.412998738679816033e-09 8.501562412415860308e+02
1.468864189654704416e+06 5.407437926911751297e-15 2.208207757996547998e-09 8.681739106975129516e+02
1.544174467085782439e+06 4.752863632650889589e-15 2.020797368979503515e-09 8.865734351543522962e+02
1.623345985009134281e+06 4.177526032829917592e-15 1.849292482415867022e-09 9.053629074043909668e+02
1.706576713458170416e+06 3.671833467948717608e-15 1.692343199776676493e-09 9.245505917517799617e+02
1.794074772606963990e+06 3.227355355871968679e-15 1.548714188298041740e-09 9.441449276502809198e+02
1.886058953179090517e+06 2.836681642564740116e-15 1.417274957794177702e-09 9.641545334145297375e+02
1.982759263538399944e+06 2.493299266413981740e-15 1.296990962675006170e-09 9.845882100071441982e+02
2.084417504829733167e+06 2.191483576665443155e-15 1.186915459142742183e-09 1.005454944917635885e+03
2.191287875607731752e+06 1.926202895690653928e-15 1.086182053455362443e-09 1.026763916105676799e+03
2.303637607465630397e+06 1.693034634105087174e-15 9.939978826298383092e-10 1.048524496045950173e+03
2.421747633253435604e+06 1.488091560185396121e-15 9.096373738913509850e-10 1.070746255847429893e+03
2.545913289556382690e+06 1.307956994431181990e-15 8.324365337582165538e-10 1.093438969459690952e+03
2.676445055190230254e+06 1.149627848887636999e-15 7.617877218165341096e-10 1.116612617980587629e+03
2.813669327560023405e+06 1.010464561574513141e-15 6.971348680361797876e-10 1.140277394034960935e+03
2.957929238823618274e+06 8.881470914151049160e-16 6.379690960012596571e-10 1.164443706269779341e+03
3.109585513900805730e+06 7.806362399873901438e-16 5.838247175885975893e-10 1.189122183919992494e+03
