# [1] k:    [h/Mpc] 
# [2] P:    [Mpc^3/h^3] 
# [3] T:    [Mpc^3/h^3] 
# [4] Delta_k 
3.059023205018257859e-07 4.687737979264455790e-01 3.949809060980226059e+04 6.798011612760503348e-22
3.215862678579245412e-07 4.915056874483348381e-01 3.947840899972231273e+04 8.281162240547618064e-22
3.380743483904743061e-07 5.153398971161667896e-01 3.945873719685390097e+04 1.008789804441863542e-21
3.554077908890640533e-07 5.403298808981078505e-01 3.943907519630118622e+04 1.228881695570496919e-21
3.736299379885273404e-07 5.665316848649721848e-01 3.941942299317973811e+04 1.496991955171232308e-21
3.927863545481053003e-07 5.940040728865847441e-01 3.939978058259861427e+04 1.823596951540573600e-21
4.129249415873286729e-07 6.228086584250059898e-01 3.938014795969618717e+04 2.221458726068571318e-21
4.340960560635169786e-07 6.530100427160129284e-01 3.936052511958635296e+04 2.706123668092986620e-21
4.563526367904018199e-07 6.846759596537012049e-01 3.934091205738548888e+04 3.296529987739107757e-21
4.797503368127355169e-07 7.178774277010586680e-01 3.932130876823921426e+04 4.015747723653083962e-21
5.043476625678916271e-07 7.526889091641918439e-01 3.930171524726874486e+04 4.891880201303681978e-21
5.302061201824328858e-07 7.891884771928563413e-01 3.928213148959774117e+04 5.959162166224655106e-21
5.573903692694645323e-07 8.274579908794681415e-01 3.926255749037909118e+04 7.259297501585517062e-21
5.859683846113473662e-07 8.675832788457793487e-01 3.924299324474127934e+04 8.843088801174786598e-21
6.160116261320592563e-07 9.096543317356586833e-01 3.922343874782418425e+04 1.077242247316389737e-20
6.475952175842278093e-07 9.537655040400621065e-01 3.920389399476116523e+04 1.312268694224324302e-20
6.807981343976415384e-07 1.000015725711459469e+00 3.918435898071476549e+04 1.598571844106527102e-20
7.157034011589609116e-07 1.048508724035596806e+00 3.916483370082319016e+04 1.947338949726776969e-20
7.523982992164306405e-07 1.099353256266655032e+00 3.914531815023598028e+04 2.372198033578186946e-20
7.909745849287134463e-07 1.152663353541221181e+00 3.912581232410509256e+04 2.889750400823525419e-20
8.315287191035797356e-07 1.208558576620644365e+00 3.910631621758489928e+04 3.520219332811680640e-20
8.741621082001717898e-07 1.267164284034890898e+00 3.908682982583219564e+04 4.288240308771901328e-20
9.189813578979717484e-07 1.328611913228710639e+00 3.906735314399730123e+04 5.223823633477913556e-20
9.660985396665287929e-07 1.393039275344232664e+00 3.904788616725958855e+04 6.363527085428156802e-20
1.015631471002508262e-06 1.460590864292161450e+00 3.902842889077420841e+04 7.751884406560196533e-20
1.067704010034801725e-06 1.531418180815897312e+00 3.900898130969872727e+04 9.443145451560634972e-20
1.122446365234364056e-06 1.605680072270684322e+00 3.898954341921972082e+04 1.150339599283837615e-19
1.179995421003214005e-06 1.683543088873074911e+00 3.897011521449957218e+04 1.401314001217461507e-19
1.240495079956737545e-06 1.765181857231892026e+00 3.895069669070308737e+04 1.707044538177885883e-19
1.304096622755184042e-06 1.850779471993050818e+00 3.893128784302403801e+04 2.079477585175480145e-19
1.370959086384113674e-06 1.940527906468773045e+00 3.891188866663203225e+04 2.533165907822729381e-19
1.441249661829700436e-06 2.034628443187223468e+00 3.889249915670794144e+04 3.085837309476886510e-19
1.515144112143284134e-06 2.133292125316347043e+00 3.887311930843502341e+04 3.759087342504187716e-19
1.592827211940548929e-06 2.236740229978145589e+00 3.885374911699013319e+04 4.579223151256870017e-19
1.674493209434307728e-06 2.345204764520040897e+00 3.883438857757898950e+04 5.578291419812340712e-19
1.760346312156213177e-06 2.458928986841363962e+00 3.881503768538324221e+04 6.795330591349568106e-19
1.850601197581954108e-06 2.578167950961899546e+00 3.879569643559573888e+04 8.277896289485241400e-19
1.945483549936765273e-06 2.703189079039823639e+00 3.877636482340292423e+04 1.008391954714788020e-18
2.045230624523543909e-06 2.834272761135366192e+00 3.875704284402009944e+04 1.228397045304368135e-18
2.150091840984688092e-06 2.971712984045973727e+00 3.873773049263847497e+04 1.496401566729371138e-18
2.260329406981118614e-06 3.115817990647389291e+00 3.871842776446048811e+04 1.822877755583759540e-18
2.376218973848010330e-06 3.266910971200811531e+00 3.869913465468658251e+04 2.220582620121153147e-18
2.498050325866710336e-06 3.425330788188027054e+00 3.867985115853275784e+04 2.705056418446506914e-18
2.626128104876382668e-06 3.591432736287119454e+00 3.866057727119983610e+04 3.295229891773966829e-18
2.760772572037287162e-06 3.765589339212669362e+00 3.864131298790859728e+04 4.014163980313280115e-18
2.902320408650496801e-06 3.948191185183673291e+00 3.862205830386463640e+04 4.889950926054023228e-18
3.051125558036519890e-06 4.139647802917689745e+00 3.860281321428909723e+04 5.956811972925457179e-18
3.207560110577962700e-06 4.340388580096543159e+00 3.858357771440991928e+04 7.256434556785611720e-18
3.372015234139298021e-06 4.550863726364815065e+00 3.856435179943106778e+04 8.839601235730956166e-18
3.544902152190277809e-06 4.771545283046333630e+00 3.854513546458961355e+04 1.076817401097972489e-17
3.726653172078803499e-06 5.002928181798822038e+00 3.852592870510308421e+04 1.311751157529726441e-17
3.917722766024474580e-06 5.245531354625883935e+00 3.850673151620452700e+04 1.597941394266167513e-17
4.118588707535861475e-06 5.499898897704379230e+00 3.848754389312936837e+04 1.946570952007745639e-17
4.329753266093139866e-06 5.766601291647478256e+00 3.846836583110228094e+04 2.371262478583946502e-17
4.551744463083409039e-06 6.046236680953883003e+00 3.844919732536780066e+04 2.888610731883019615e-17
4.785117392129195949e-06 6.339432215480920618e+00 3.843003837115535134e+04 3.518831017530698810e-17
5.030455607111644826e-06 6.646845456991795409e+00 3.841088896371860028e+04 4.286549098940066787e-17
5.288372581359179674e-06 6.969165853879355055e+00 3.839174909828298405e+04 5.221763445324421826e-17
5.559513241650373021e-06 7.307116287439494151e+00 3.837261877010251919e+04 6.361017417406564496e-17
5.844555580866815540e-06 7.661454693097073054e+00 3.835349797442923591e+04 7.748827193769019038e-17
6.144212353328471540e-06 8.032975760254981168e+00 3.833438670650441782e+04 9.439421233869464389e-17
6.459232857050738118e-06 8.422512714589116101e+00 3.831528496158919006e+04 1.149885924699613136e-16
6.790404807379771878e-06 8.830939186743849589e+00 3.829619273492958746e+04 1.400761346551290988e-16
7.138556306691162195e-06 9.259171171672438305e+00 3.827711002178708441e+04 1.706371308531956645e-16
7.504557915077204533e-06 9.708169082973892472e+00 3.825803681742987101e+04 2.078657474202249272e-16
7.889324827200587103e-06 1.017893990683657002e+01 3.823897311710238864e+04 2.532166869807627351e-16
8.293819160757753291e-06 1.067253946047613233e+01 3.821991891608189326e+04 3.084620307159281669e-16
8.719052362274285227e-06 1.119007476003395496e+01 3.820087420962625765e+04 3.757604821699706509e-16
9.166087736248057605e-06 1.173270650334640308e+01 3.818183899300875055e+04 4.577417182688535245e-16
9.636043103964330830e-06 1.230165167308319951e+01 3.816281326150500536e+04 5.576091435527616592e-16
1.013009359863121538e-05 1.289818626611637065e+01 3.814379701037996711e+04 6.792650627290013836e-16
1.064947460382478790e-05 1.352364815527036512e+01 3.812479023491832049e+04 8.274631626457134187e-16
1.119548484259151579e-05 1.417944008980214932e+01 3.810579293038973265e+04 1.007994261893402703e-15
1.176948962493235138e-05 1.486703284143234960e+01 3.808680509208790318e+04 1.227912586176988159e-15
1.237292426178888029e-05 1.558796850286708491e+01 3.806782671527856292e+04 1.495811411127469673e-15
1.300729765406831334e-05 1.634386394635974327e+01 3.804885779526009719e+04 1.822158843265717918e-15
1.367419606568169201e-05 1.713641444989606200e+01 3.802989832731161732e+04 2.219706859695669400e-15
1.437528709002991615e-05 1.796739749929284713e+01 3.801094830672754324e+04 2.703989589705332111e-15
1.511232381985586521e-05 1.883867677462874468e+01 3.799200772880464501e+04 3.293930308544824778e-15
1.588714923088939049e-05 1.975220632998316361e+01 3.797307658882907708e+04 4.012580861574320299e-15
1.670170079024660794e-05 2.071003497589942910e+01 3.795415488210228796e+04 4.888022411677994370e-15
1.755801530110687162e-05 2.171431087433047580e+01 3.793524260393239092e+04 5.954462706504310052e-15
1.845823399578163895e-05 2.276728635637540066e+01 3.791633974960396154e+04 7.253572741079719786e-15
1.940460788991057802e-05 2.387132297373906553e+01 3.789744631443408434e+04 8.836115045724259312e-15
2.039950341117315543e-05 2.502889679502202469e+01 3.787856229372066446e+04 1.076392722431511280e-14
2.144540831659045798e-05 2.624260395894341258e+01 3.785968768277684285e+04 1.311233824942288111e-14
2.254493791321357228e-05 2.751516649679416915e+01 3.784082247691810335e+04 1.597311193064629183e-14
2.370084159775344190e-05 2.884943843722946255e+01 3.782196667144936509e+04 1.945803257173658173e-14
2.491600973150475266e-05 3.024841220716059453e+01 3.780312026169506862e+04 2.370327292557386728e-14
2.619348086775470484e-05 3.171522534294301110e+01 3.778428324296481151e+04 2.887471512408779915e-14
2.753644934974891994e-05 3.325316752711295010e+01 3.776545561058770545e+04 3.517443249779506776e-14
2.894827329821342076e-05 3.486568796623842559e+01 3.774663735987801192e+04 4.284858556091977787e-14
3.043248300840562692e-05 3.655640312665634184e+01 3.772782848616949195e+04 5.219704069673252601e-14
3.199278977769132648e-05 3.832910484521818262e+01 3.770902898478537099e+04 6.358508739157263489e-14
3.363309518572123809e-05 4.018776883342045636e+01 3.769023885105120280e+04 7.745771186691241323e-14
3.535750085041236633e-05 4.213656359392144424e+01 3.767145808030557964e+04 9.435698484946121417e-14
3.717031868412924126e-05 4.417985976938030035e+01 3.765268666788299015e+04 1.149432429036889601e-13
3.907608167571078754e-05 4.632223994468500194e+01 3.763392460911811213e+04 1.400208909843295273e-13
4.107955522530357004e-05 4.856850892450419366e+01 3.761517189934581256e+04 1.705698344396709478e-13
4.318574906034433776e-05 5.092370450925421466e+01 3.759642853391396056e+04 2.077837686666065514e-13
4.539992976248807967e-05 5.339310879353502060e+01 3.757769450816421886e+04 2.531168225795987152e-13
4.772763393680535859e-05 5.598226001252903927e+01 3.755896981744267396e+04 3.083403784806247494e-13
5.017468205617894183e-05 5.869696496282460885e+01 3.754025445709776977e+04 3.756122885576942607e-13
5.274719301551768723e-05 6.154331202555940195e+01 3.752154842248022760e+04 4.575611926363851828e-13
5.545159943218107865e-05 6.452768482108413650e+01 3.750285170894311159e+04 5.573892318879047564e-13
5.829466373087315435e-05 6.765677652577245738e+01 3.748416431184180692e+04 6.789971720164667849e-13
6.128349505322671351e-05 7.093760488308511469e+01 3.746548622653398343e+04 8.271368250958200008e-13
6.442556703436033705e-05 7.437752794255321476e+01 3.744681744837966107e+04 1.007596725915382376e-12
6.772873649085907528e-05 7.798426056197956768e+01 3.742815797274113720e+04 1.227428318111435136e-12
7.120126306690828879e-05 8.176589170988073363e+01 3.740950779498516931e+04 1.495221488272843989e-12
7.485182988770643921e-05 8.573090260691252240e+01 3.739086691047444037e+04 1.821440214474197882e-12
7.868956527180084881e-05 8.988818574710076348e+01 3.737223531457819627e+04 2.218831444654867304e-12
8.272406555663884206e-05 9.424706484140935459e+01 3.735361300267223123e+04 2.702923181703762261e-12
8.696541909440986997e-05 9.881731572837193767e+01 3.733499997013040411e+04 3.292631237849069192e-12
9.142423147818073699e-05 1.036091882987668100e+02 3.731639621232462378e+04 4.010998367191668306e-12
9.611165206140254191e-05 1.086334294835246084e+02 3.729780172463548661e+04 4.886094657877274590e-12
1.010394018371016720e-04 1.139013073562740743e+02 3.727921650244375633e+04 5.952114366591564752e-12
1.062198027464676133e-04 1.194246364047268543e+02 3.726064054113251041e+04 7.250712054026620590e-12
1.116658084901241013e-04 1.252158040275171373e+02 3.724207383608711098e+04 8.832630230610367678e-12
1.173910369191279803e-04 1.312877983159339408e+02 3.722351638269522664e+04 1.075968211251289608e-11
1.234098040866900780e-04 1.376542371828519151e+02 3.720496817634683975e+04 1.310716696382407184e-11
1.297371600457651012e-04 1.443293989041867746e+02 3.718642921243421006e+04 1.596681240403655018e-11
1.363889264820232711e-04 1.513282541413765614e+02 3.716789948635188921e+04 1.945035865105946646e-11
1.433817362763056455e-04 1.586664995167110987e+02 3.714937899349779764e+04 2.369392475352335319e-11
1.507330750954898936e-04 1.663605928167521597e+02 3.713086772926792764e+04 2.886332742224170656e-11
1.584613251157653230e-04 1.744277899029938226e+02 3.711236568906792672e+04 3.516056029340355283e-11
1.665858109876483387e-04 1.828861834121661616e+02 3.709387286829837103e+04 4.283168679967737391e-11
1.751268481576742783e-04 1.917547433334446794e+02 3.707538926236634870e+04 5.217645506206119965e-11
1.841057936675958640e-04 2.010533595531809965e+02 3.705691486668015568e+04 6.356001050287371692e-11
1.935450995581117185e-04 2.108028864628085444e+02 3.703844967665251170e+04 7.742716384853359016e-11
2.034683690106629794e-04 2.210251897297309256e+02 3.701999368768999557e+04 9.431977204212789625e-11
2.139004153676812446e-04 2.317431953366101425e+02 3.700154689521512773e+04 1.148979112225221455e-10
2.248673241788693637e-04 2.429809409981261012e+02 3.698310929464118090e+04 1.399656691006570334e-10
2.363965184286629729e-04 2.547636300715489028e+02 3.696468088138893654e+04 1.705025645666788836e-10
2.485168271079757005e-04 2.671176880812852801e+02 3.694626165088094422e+04 2.077018222440574126e-10
2.612585573016925852e-04 2.800708219844723885e+02 3.692785159853994264e+04 2.530169975632752175e-10
2.746535699721688829e-04 2.936520823105916520e+02 3.690945071979408385e+04 3.082187742229501711e-10
2.887353596282311993e-04 3.078919283142228664e+02 3.689105901007223292e+04 3.754641533904959679e-10
3.035391380788964293e-04 3.228222962872856101e+02 3.687267646480449184e+04 4.573807382001501279e-10
3.191019224812350285e-04 3.384766711839179152e+02 3.685430307942480431e+04 5.571694069525223923e-10
3.354626279025451924e-04 3.548901617185426858e+02 3.683593884936885297e+04 6.787293869554642145e-10
3.526621646282911485e-04 3.720995791056501503e+02 3.681758377007513627e+04 8.268106162480128967e-10
3.707435404591257876e-04 3.901435196177862395e+02 3.679923783698285115e+04 1.007199346718802601e-09
3.897519682527942697e-04 4.090624511470811626e+02 3.678090104553503625e+04 1.226944241033412840e-09
4.097349789798286580e-04 4.288988039642175067e+02 3.676257339117660740e+04 1.494631798073782136e-09
4.307425405757319271e-04 4.496970658785651267e+02 3.674425486935448862e+04 1.820721869097905932e-09
4.528271828868440083e-04 4.715038820128402790e+02 3.672594547551812866e+04 2.217956374863477710e-09
4.760441290223192071e-04 4.943681594160277655e+02 3.670764520511873707e+04 2.701857194275796787e-09
5.004514334406633081e-04 5.183411767492892750e+02 3.668935405361055018e+04 3.291332679484869958e-09
5.261101271161193775e-04 5.434728555358960875e+02 3.667094233760749194e+04 4.009388140202623199e-09
5.530843701478924991e-04 5.698160863052520426e+02 3.665231624439396546e+04 4.884038982284026437e-09
5.814416121938181326e-04 5.974213165851759868e+02 3.663324247356006526e+04 5.949347038449866823e-09
6.112527611296385451e-04 6.263511108006130144e+02 3.661380465476948302e+04 7.246872369132566947e-09
6.425923603556274889e-04 6.566476333595096548e+02 3.659342475409579492e+04 8.826922557202883160e-09
6.755387751939181127e-04 6.883965205194851933e+02 3.657270889737054677e+04 1.075127007994791262e-08
7.101743888426273075e-04 7.216168932838463661e+02 3.655039482477144338e+04 1.309398892265818536e-08
7.465858083767621441e-04 7.564252260450916765e+02 3.652772794706854620e+04 1.594686998925241786e-08
7.848640813110194670e-04 7.928254472056083841e+02 3.650306899026646715e+04 1.941919412970673988e-08
8.251049232659968648e-04 8.309427985762555409e+02 3.647766946206062858e+04 2.364661185498522178e-08
8.674089573071004124e-04 8.707998420301430542e+02 3.645034315307596989e+04 2.879123592412445153e-08
9.118819655546198935e-04 9.124946830550920822e+02 3.642156076921855129e+04 3.505229689678458897e-08
9.586351536941296880e-04 9.560957916466837787e+02 3.639108594511019328e+04 4.267089164108165770e-08
1.007785429048626679e-03 1.001648137536043123e+03 3.635823874208804773e+04 5.193853210718185751e-08
1.059455692907732439e-03 1.049294480171721261e+03 3.632410046465195046e+04 6.321440348002216616e-08
1.113775147844932919e-03 1.098993131458489415e+03 3.628645935186158022e+04 7.692328213421330741e-08
1.170879620791311689e-03 1.150995966845127441e+03 3.624807408212410519e+04 9.360106759608353858e-08
1.230911902673626282e-03 1.205137141511393338e+03 3.620488750615747995e+04 1.138643166279221480e-07
1.294022105466001958e-03 1.261751229603099773e+03 3.616069475350902212e+04 1.385061576810266359e-07
1.360368037548055848e-03 1.320697368530005861e+03 3.611207841702645237e+04 1.684390680174580626e-07
1.430115598308045934e-03 1.382218767673638695e+03 3.606119814407494414e+04 2.048143940965989957e-07
1.503439192977754080e-03 1.446291731032895996e+03 3.600647794387404429e+04 2.489910662797291472e-07
1.580522168736409397e-03 1.513008408123438812e+03 3.594796349486945837e+04 3.026309740143075943e-07
1.661557273174137529e-03 1.582528803787955894e+03 3.588643885771970963e+04 3.677628275294124170e-07
1.746747136261333697e-03 1.654711971497902823e+03 3.581926644293437130e+04 4.467687495818254339e-07
1.836304777029133936e-03 1.729989091111928019e+03 3.575016875908360089e+04 5.426851222869320249e-07
1.930454136227949345e-03 1.807881575732699275e+03 3.567322181506497145e+04 6.588987780231908802e-07
2.029430636295988157e-03 1.889103454807155231e+03 3.559476638063146675e+04 7.999238356197866274e-07
2.133481770037976965e-03 1.973013462585571006e+03 3.550783809392117837e+04 9.706599627297342420e-07
2.242867719486086112e-03 2.060300939504700182e+03 3.541811696544626466e+04 1.177638243140433068e-06
2.357862006490532136e-03 2.150523167813715645e+03 3.532101142891036579e+04 1.428135905194349430e-06
2.478752176666675511e-03 2.244004465615386380e+03 3.521874351542313525e+04 1.731383608172175217e-06
2.605840518408833982e-03 2.340717029561218624e+03 3.511053019153985952e+04 2.098276282903629180e-06
2.739444818768723561e-03 2.440442489044097329e+03 3.499436763032706222e+04 2.541712980563761225e-06
2.879899158088616417e-03 2.543757738866524960e+03 3.487407249040951865e+04 3.078065444459985712e-06
3.027554745376210416e-03 2.649678606497725468e+03 3.474260050794225390e+04 3.725113185593820066e-06
3.182780796510085389e-03 2.759603503011525845e+03 3.460907544663662702e+04 4.507514512698419067e-06
3.345965457471714814e-03 2.871573324285285707e+03 3.446097334563610639e+04 5.449473294913692730e-06
3.517516774912597243e-03 2.987530785900924911e+03 3.431031539473656449e+04 6.587053336064716841e-06
3.697863716483424691e-03 3.105737323907473638e+03 3.414694123832556215e+04 7.955870113855201557e-06
3.887457243476651579e-03 3.227342038436108851e+03 3.397761373999661009e+04 9.605326466228152814e-06
4.086771438464619106e-03 3.351481996937125587e+03 3.379790288881881133e+04 1.158905965445986954e-05
4.296304690752923532e-03 3.478158213610142411e+03 3.360832790711145935e+04 1.397348757275330318e-05
4.516580942613284376e-03 3.607764535247079493e+03 3.341121450957074558e+04 1.683983520616857832e-05
4.748150999412126434e-03 3.738713641161844407e+03 3.319977973128480517e+04 2.027524108611720695e-05
4.991593906910903912e-03 3.873129559932125176e+03 3.298420677407686890e+04 2.440338218293851161e-05
5.247518399182111472e-03 4.007296392474665936e+03 3.274927541394835862e+04 2.933483396150111800e-05
5.516564420761540903e-03 4.145019161606959642e+03 3.251173639442432250e+04 3.525355220975289589e-05
5.799404726842954938e-03 4.281682392487278776e+03 3.225410898884430208e+04 4.230921450818027937e-05
6.096746565516493986e-03 4.420799945841742556e+03 3.199110097982070874e+04 5.075344754949220378e-05
6.409333446257287764e-03 4.559071508538040689e+03 3.171158055609365329e+04 6.081143645868627469e-05
6.737946999086424568e-03 4.697755725687307859e+03 3.142142179341170049e+04 7.280202525039830130e-05
7.083408929053131541e-03 4.836018818071545866e+03 3.111899331420461749e+04 8.707333622408290207e-05
7.446583070925409317e-03 4.972052177014445988e+03 3.079997173109185314e+04 1.040104684711125311e-04
7.828377549226901017e-03 5.108374430922322063e+03 3.047367077262343446e+04 1.241561593659769530e-04
8.229747049021221908e-03 5.239116414132679893e+03 3.012405038138238160e+04 1.479407336933409687e-04
8.651695203121895217e-03 5.371097665657662219e+03 2.977260232641635957e+04 1.762125927294147033e-04
9.095277101697147801e-03 5.493581867720091395e+03 2.939097566705345889e+04 2.093985475965157834e-04
9.561601930544914862e-03 5.616063666503247987e+03 2.900702203806884063e+04 2.487105792182050515e-04
1.005183574463506743e-02 5.729262582198724886e+03 2.859811631071267402e+04 2.947848337000392093e-04
1.056720438385422289e-02 5.838496011804324553e+03 2.817990270953294385e+04 3.490210083150420460e-04
1.110899653824396448e-02 5.939162105607010744e+03 2.774294212920665814e+04 4.124961813715095969e-04
1.167856697039719623e-02 6.030946425037817789e+03 2.728874684845697993e+04 4.866585928459106025e-04
1.227733990307029038e-02 6.115539749654028128e+03 2.682311334690866352e+04 5.733474577423516025e-04
1.290681258048182248e-02 6.185289133427631896e+03 2.633132550938177155e+04 6.737321557919689723e-04
1.356855901220299469e-02 6.250071504970426759e+03 2.583664648537891117e+04 7.909634735696698029e-04
1.426423390900143431e-02 6.292950021411799753e+03 2.530589618989776864e+04 9.252730168066782305e-04
1.499557682048000690e-02 6.331361509390656465e+03 2.477673452772355085e+04 1.081575643506093231e-03
1.576441648485692182e-02 6.345292150578854489e+03 2.421153107644109332e+04 1.259376490949624906e-03
1.657267540176381518e-02 6.354813140827347524e+03 2.365095958741759023e+04 1.465382215548085123e-03
1.742237463949622076e-02 6.353089664058731614e+03 2.308292267979604367e+04 1.702069496454721364e-03
1.831563888873704443e-02 6.330963741868341458e+03 2.249231455460450161e+04 1.970635501205359862e-03
1.925470177538994923e-02 6.285576336574260495e+03 2.187624199091751871e+04 2.273137745708811702e-03
2.024191144580758314e-02 6.217715138318238132e+03 2.123814138976147660e+04 2.612496046176251367e-03
2.127973643838054069e-02 6.138291631037942352e+03 2.059803477564186687e+04 2.996515378817098726e-03
2.237077185616915750e-02 6.017737685609367873e+03 1.990763114317745567e+04 3.413079608262922955e-03
2.351774585601286785e-02 5.890755978764890642e+03 1.922602072782089817e+04 3.881757227009671046e-03
2.472352647034336062e-02 5.740794476715163000e+03 1.852639077506481772e+04 4.395148052024292623e-03
2.599112877875953478e-02 5.588605859113698898e+03 1.784257342026926199e+04 4.971061817603610392e-03
2.732372244729698585e-02 5.415755710333925890e+03 1.714494971492065451e+04 5.596917697881104332e-03
2.872463965424410307e-02 5.234152392410279390e+03 1.645245815640012734e+04 6.284639774284100228e-03
3.019738342232343442e-02 5.035894085753591753e+03 1.575240387397733321e+04 7.025136813376598247e-03
3.174563637807315680e-02 4.830316068930400434e+03 1.505903872100955596e+04 7.828849074037039224e-03
3.337326996033158216e-02 4.621785819101545712e+03 1.437855735071462550e+04 8.703147806355103835e-03
3.508435410085083278e-02 4.432796994684913443e+03 1.374517452079106442e+04 9.698142441598946520e-03
3.688316740124613496e-02 4.255140593019891639e+03 1.314526134823299981e+04 1.081605288737002256e-02
3.877420783172848273e-02 4.053371765300434618e+03 1.252337593848346478e+04 1.197058840617891591e-02
4.076220397837305304e-02 3.857112781750208342e+03 1.192464060140023503e+04 1.323444003398766694e-02
4.285212686704739649e-02 3.658062466654787386e+03 1.133549838358103989e+04 1.458271950629084698e-02
4.504920239356542677e-02 3.477998315954374448e+03 1.078898713490894625e+04 1.610871673253564534e-02
4.735892439114896407e-02 3.327891045868268520e+03 1.030152384260280269e+04 1.790790775844054369e-02
4.978706836787243073e-02 3.191976292393504536e+03 9.847991881074905905e+03 1.995627954704702264e-02
5.233970594844135349e-02 3.070156768932662544e+03 9.427554685997001798e+03 2.230101584018999092e-02
5.502322005641668845e-02 2.968187955535177935e+03 9.048267144154073321e+03 2.504953479605688885e-02
5.784432087484844831e-02 2.877672687985590073e+03 8.696436767252642312e+03 2.821589519994301826e-02
6.081006262522850592e-02 2.783489516329122580e+03 8.348652256359546300e+03 3.170926685511561011e-02
6.392786120671870020e-02 2.690813121876491550e+03 8.012430515042831757e+03 3.561429240834728532e-02
6.720551273976151097e-02 2.574167525608590950e+03 7.649654884515805861e+03 3.958419001616759331e-02
7.065121306044198912e-02 2.457345789430986315e+03 7.295541063504933845e+03 4.390312165124194560e-02
7.427357821434696361e-02 2.324918971270423754e+03 6.926745180569145305e+03 4.825931147344439398e-02
7.808166600116696332e-02 2.181245513534000111e+03 6.549053028165993055e+03 5.260439418220080876e-02
8.208499862391337165e-02 2.017881321274106540e+03 6.148582044348821000e+03 5.654019017658788032e-02
8.629358649938589920e-02 1.850920380545305306e+03 5.748068857117586958e+03 6.025506432832162390e-02
9.071795328942874881e-02 1.686248592638667560e+03 5.355374227654199785e+03 6.377810181129951739e-02
9.536916221556676621e-02 1.539549082705407727e+03 4.994899158117552361e+03 6.765309987529857794e-02
1.002588437228218304e-01 1.406693418731518477e+03 4.660479626127123993e+03 7.181874130539388223e-02
1.053992245618834284e-01 1.310905833573242489e+03 4.391547301243658694e+03 7.775959719006542148e-02
1.108031583623540345e-01 1.226402895098859972e+03 4.146191254716074582e+03 8.452006949059964747e-02
1.164841577735182265e-01 1.169580326604297852e+03 3.952289111295870043e+03 9.364851716411334848e-02
1.224564282530043596e-01 1.113408584994426519e+03 3.764106410637691624e+03 1.035784931352323052e-01
1.287349035878279091e-01 1.055167347892214593e+03 3.576812809650817144e+03 1.140461263482782095e-01
1.353352832366376823e-01 9.833727994855673842e+02 3.370509588878396698e+03 1.234870906746600716e-01
1.422740715865399574e-01 8.989625546531266309e+02 3.145634093786898575e+03 1.311562955863804503e-01
1.495686192226629019e-01 8.094897169578243847e+02 2.913694413341101153e+03 1.372154607747822497e-01
1.572371663136570008e-01 7.229330730181395666e+02 2.687746535810987552e+03 1.423750789314414955e-01
1.652988882216175348e-01 6.609480727820094899e+02 2.508556373997903393e+03 1.512332890088269322e-01
1.737739434504778357e-01 6.073837899618272331e+02 2.347322298676254832e+03 1.614683569707827393e-01
1.826835240527691917e-01 5.729405097762294190e+02 2.225342292822443142e+03 1.769611497720940396e-01
1.920499086207905493e-01 5.370290590277523961e+02 2.103012629413439299e+03 1.927127105246456418e-01
2.018965179946938526e-01 4.900930543940930306e+02 1.961025280533622663e+03 2.043314860574413361e-01
2.122479738267836202e-01 4.437373805245730978e+02 1.821410589100871221e+03 2.149447952448938215e-01
2.231301601484726449e-01 3.964808385268938196e+02 1.680571065285095074e+03 2.231347926260883185e-01
2.345702880938428103e-01 3.612314157798169276e+02 1.565811462074426117e+03 2.361972168377681480e-01
2.465969639416541459e-01 3.342877293156553264e+02 1.470306441039407673e+03 2.539533055927540861e-01
2.592402606459418002e-01 3.057873424496221446e+02 1.372645293545042932e+03 2.698964124432123302e-01
2.725317930340656614e-01 2.785644499061261854e+02 1.278828627365574903e+03 2.856587102077740026e-01
2.865047968602461026e-01 2.507507286968632343e+02 1.184326744748108013e+03 2.987501662201619834e-01
3.011942119122611450e-01 2.258824199968030371e+02 1.097217136089708220e+03 3.126745662185717589e-01
3.166367693791155569e-01 2.067539571064108941e+02 1.024658652761849225e+03 3.325126152627860265e-01
3.328710836981453314e-01 1.882478871065314081e+02 9.543733042368953647e+02 3.517455234739544356e-01
3.499377491112247163e-01 1.691176638495020370e+02 8.829754806598326695e+02 3.671399223428211123e-01
3.678794411715154977e-01 1.526661699041353870e+02 8.188917473797737330e+02 3.850610789244358068e-01
3.867410234545784475e-01 1.385828943605829693e+02 7.615717643581776883e+02 4.061071286847835471e-01
4.065696597406806001e-01 1.250489430613928477e+02 7.061500005871714620e+02 4.257505161545351302e-01
4.274149319488126375e-01 1.124685020355627074e+02 6.536922520117601607e+02 4.448875382799959977e-01
4.493289641173122684e-01 1.013825952704547291e+02 6.058156875443286253e+02 4.659366864337008418e-01
4.723665527411103904e-01 9.142975936851667029e+01 5.615695257199993193e+02 4.881971631133319445e-01
4.965853037915104462e-01 8.223761550772265139e+01 5.198714041360747160e+02 5.101787393835336415e-01
5.220457767611225153e-01 7.394549002141624783e+01 4.811909505814407453e+02 5.329760704315581465e-01
5.488116360941387439e-01 6.639819914203619078e+01 4.450826722046917325e+02 5.560277824757288156e-01
5.769498103806052214e-01 5.960172041069703397e+01 4.116165851839004972e+02 5.798867154826257142e-01
6.065306597127584354e-01 5.347160627555213352e+01 3.805625194072501927e+02 6.044380092047159092e-01
6.376281516219051149e-01 4.793849016977998900e+01 3.517284556013238443e+02 6.295888964516289654e-01
6.703200460357783275e-01 4.295392915798228728e+01 3.249882867660633678e+02 6.554201321306813988e-01
7.046880897188601001e-01 3.845373274420406773e+01 3.001486835225736627e+02 6.817098302314860137e-01
7.408182206818726412e-01 3.441420768176468670e+01 2.771641207252566801e+02 7.088314859854871752e-01
7.788007830715680813e-01 3.076626752103416251e+01 2.558034861539136955e+02 7.362481381737960850e-01
8.187307530781540166e-01 2.749940762596086685e+01 2.360650280250580693e+02 7.645693929314872905e-01
8.607079764252394405e-01 2.455532998452401827e+01 2.177427993504900599e+02 7.932014817522223815e-01
9.048374180361511421e-01 2.192022061521326748e+01 2.008141475099515390e+02 8.226722254101160869e-01
9.512294245009160765e-01 1.955381786008269174e+01 1.851350122642515998e+02 8.526241943339202267e-01
1.000000000000213163e+00 1.743473332170071188e+01 1.706402040553259383e+02 8.832539083221764287e-01
1.051271096376248826e+00 1.553693517924466150e+01 1.572379290450581379e+02 9.144917356725718038e-01
1.105170918075884856e+00 1.383706059611720640e+01 1.448429930551949951e+02 9.462424914711931034e-01
1.161834242728533306e+00 1.231895498775846498e+01 1.334023358981897900e+02 9.787609733216119379e-01
1.221402758160433644e+00 1.095939642657728008e+01 1.228204683851821812e+02 1.011657684456321649e+00
1.284025416688019838e+00 9.748318535382860972e+00 1.130689131688457536e+02 1.045492284325334476e+00
1.349858807576296504e+00 8.663395898771939940e+00 1.040455171897158948e+02 1.079502006355279375e+00
1.419067548593566874e+00 7.697991389221016334e+00 9.573460155991179477e+01 1.114440498640167698e+00
1.491824697641596753e+00 6.835581844870544543e+00 8.805801641351003184e+01 1.149738633770130747e+00
1.568312185490513100e+00 6.067965307103673211e+00 8.098482162967079034e+01 1.185798505380676993e+00
1.648721270700491237e+00 5.383839960398003832e+00 7.446103818467123858e+01 1.222374055049145980e+00
1.733253017867778301e+00 4.774769476693264458e+00 6.844790367211142268e+01 1.259530135870908119e+00
1.822118800390913007e+00 4.233130855530774284e+00 6.290942634582013682e+01 1.297364529822511825e+00
1.915540829014322100e+00 3.750929758042402362e+00 5.780365159872475544e+01 1.335621587990045267e+00
2.013752707470925607e+00 3.323024590052114480e+00 5.310721381534100516e+01 1.374745244248543719e+00
2.117000016613148627e+00 2.941963584107361473e+00 4.877601518121966251e+01 1.414067483957870852e+00
2.225540928492967474e+00 2.604269450463252866e+00 4.479520825305674947e+01 1.454329896547006840e+00
2.339646851926517890e+00 2.303942380399656376e+00 4.112683979632104325e+01 1.494833428775383499e+00
2.459603111157505406e+00 2.037865378662894855e+00 3.775532465719405195e+01 1.536175559507933608e+00
2.585709659316432152e+00 1.801656459527619880e+00 3.465192661575949984e+01 1.577907409366191338e+00
2.718281828459663263e+00 1.592361202190220482e+00 3.179897483932187185e+01 1.620299478170311058e+00
2.857651118063815776e+00 1.406905879720945274e+00 2.917600189813155964e+01 1.663270640557521052e+00
3.004166023947120401e+00 1.242556262385355659e+00 2.676407377845916713e+01 1.706703628210320067e+00
3.158192909690492378e+00 1.097167174316679761e+00 2.454887083646246637e+01 1.750890664648368844e+00
3.320116922737311960e+00 9.683180701416301828e-01 2.251153281295705000e+01 1.795347123700627767e+00
3.490342957462647444e+00 8.545096327861356755e-01 2.064217526953714099e+01 1.840736096857009452e+00
3.669296667620093988e+00 7.536591890949491113e-01 1.892280047389180098e+01 1.886226044080078434e+00
3.857425530697870641e+00 6.646411225197942363e-01 1.734572456181681943e+01 1.932636240024116159e+00
4.055199966845619564e+00 5.858771408154204163e-01 1.589655618165109985e+01 1.979309168533786023e+00
4.263114515169814212e+00 5.163456502820300553e-01 1.456702833085672211e+01 2.026710782734533645e+00
4.481689070339116121e+00 4.549162760387897020e-01 1.334649942268051248e+01 2.074564313157124307e+00
4.711470182591849465e+00 4.006832894331222028e-01 1.222652894900216047e+01 2.122955203845758643e+00
4.953032424396282885e+00 3.528369482982310901e-01 1.119929087952258406e+01 2.171990039390662375e+00
5.206979827181080545e+00 3.105912465763023822e-01 1.025649642399086936e+01 2.221350838789821758e+00
5.473947391728498424e+00 2.733683501275007699e-01 9.392462586114273648e+00 2.271539788282845862e+00
5.754602676007100293e+00 2.405017524879347890e-01 8.599345764421682858e+00 2.321852004745034392e+00
6.049647464414390718e+00 2.115687537155595543e-01 7.872868248321601037e+00 2.373077868035501137e+00
6.359819522603354258e+00 1.860397683320885731e-01 7.206278556901717813e+00 2.424434321895172939e+00
6.685894442280875261e+00 1.635709483608665804e-01 6.595719340564611954e+00 2.476594918281062263e+00
7.028687580590986528e+00 1.437705660852171274e-01 6.035941247681601673e+00 2.529082292305618651e+00
7.389056098932435646e+00 1.263670344862349304e-01 5.523671469978799209e+00 2.582682050277852248e+00
7.767901106308653603e+00 1.110702130461131143e-01 5.054877981122988473e+00 2.637417767354083953e+00
8.166169912569634093e+00 9.762508296776345462e-02 4.625870952484452125e+00 2.693313518327443479e+00
8.584858397179985445e+00 8.580749566498008241e-02 4.233273710849402960e+00 2.750393888216925653e+00
9.025013499436326470e+00 7.542043590095404149e-02 3.873996160948649514e+00 2.808683983080680679e+00
9.487735836360851494e+00 6.629073727659755277e-02 3.545210463613902352e+00 2.868209441058739539e+00
9.974182454817173138e+00 5.826619531138486907e-02 3.244328778126509327e+00 2.928996443649377390e+00
1.048556972473016025e+01 5.121302998787232580e-02 2.968982893571407988e+00 2.991071727225125265e+00
1.102317638064432792e+01 4.501365545702912946e-02 2.717005588875554878e+00 3.054462594791813590e+00
1.158834671922626214e+01 3.956471972238329027e-02 2.486413574818919781e+00 3.119196927998096225e+00
1.218249396070650370e+01 3.477538162180600356e-02 2.275391883754726674e+00 3.185303199398152874e+00
1.280710378266622662e+01 3.056579638192497353e-02 2.082279584173382325e+00 3.252810484975820149e+00
1.346373803500505772e+01 2.686578449725574025e-02 1.905556707669347594e+00 3.321748476932267380e+00
1.415403864537935341e+01 2.361366174250270622e-02 1.743832285415758188e+00 3.392147496746616753e+00
1.487973172487657614e+01 2.075521081270891022e-02 1.595833399981952061e+00 3.464038508512050196e+00
1.564263188419211659e+01 1.824277744711727198e-02 1.460395166322297600e+00 3.537453132554805091e+00
1.644464677110120832e+01 1.603447596789810831e-02 1.336451563077713178e+00 3.612423659342201887e+00
1.728778184057202338e+01 1.409349098899067947e-02 1.223027042023713040e+00 3.688983063685444819e+00
1.817414536944768244e+01 1.238746365359417838e-02 1.119228849623722155e+00 3.767165019242641133e+00
1.910595372823652127e+01 1.088795216805979113e-02 1.024240000251551930e+00 3.847003913329723801e+00
2.008553692319280515e+01 9.569957638548438547e-03 9.373128457758879151e-01 3.928534862045709897e+00
2.111534442254602695e+01 8.411507305504106746e-03 8.577631908934760796e-01 4.011793725718042936e+00
2.219795128144734164e+01 7.393288227896771363e-03 7.849649078933976787e-01 4.096817124674876354e+00
2.333606458094873304e+01 6.498325310255017966e-03 7.183450084658445922e-01 4.183642455351776590e+00
2.453253019711569394e+01 5.711698304763144704e-03 6.573791337661775147e-01 4.272307906741587225e+00
2.579033991719975205e+01 5.020293070454941685e-03 6.015874272365372422e-01 4.362852477189644418e+00
2.711263892066493852e+01 4.412582942666989569e-03 5.505307577009319608e-01 4.455315991547296406e+00
2.850273364377471097e+01 3.878436567877417262e-03 5.038072630058143542e-01 4.549739118688193251e+00
2.996410004740484823e+01 3.408949000278374639e-03 4.610491870016565352e-01 4.646163389397300669e+00
3.150039230875619012e+01 2.996293244228085805e-03 4.219199849693893722e-01 4.744631214635142591e+00
3.311545195870102276e+01 2.633589767601023958e-03 3.861116747092976920e-01 4.845185904194027948e+00
3.481331748761120082e+01 2.314791810639354758e-03 3.533424124425837975e-01 4.947871685746403791e+00
3.659823444368765877e+01 2.034584578251893722e-03 3.233542744459743101e-01 5.052733724297286066e+00
3.847466604904231957e+01 1.788296635159100862e-03 2.959112269588344279e-01 5.159818142049971357e+00
4.044730436007814234e+01 1.571822026720105575e-03 2.707972683840703110e-01 5.269172038692923721e+00
4.252108200007410943e+01 1.381551827089824106e-03 2.478147291602346425e-01 5.380843512115399463e+00
4.470118449331276622e+01 1.214313973521506749e-03 2.267827159233312684e-01 5.494881679561731680e+00
4.699306323159186860e+01 1.067320383771402318e-03 2.075356877125247856e-01 5.611336699236769476e+00
4.940244910554343960e+01 9.381204749793010857e-04 1.899221530130758562e-01 5.730259792366372729e+00
5.193536683484541783e+01 8.245603091224968121e-04 1.738034773811255873e-01 5.851703265725111791e+00
5.459815003315897997e+01 7.247466839430244650e-04 1.590527922653354742e-01 5.975720534646648652e+00
5.739745704546173499e+01 6.370155706928613479e-04 1.455539964365855088e-01 6.102366146511807088e+00
6.034028759737834946e+01 5.599043725145959501e-04 1.332008421664087061e-01 6.231695804746242295e+00
6.343400029814058882e+01 4.921275409641933350e-04 1.218960989612608153e-01 6.363766393318111447e+00
6.668633104094334385e+01 4.325551441717364470e-04 1.115507882706148618e-01 6.498636001756756819e+00
7.010541234670704114e+01 3.801940293422157086e-04 1.020834831453538427e-01 6.636363950706501313e+00
7.369979369961600923e+01 3.341712655486994807e-04 9.341966733401284306e-02 6.777010818013375015e+00
7.747846292528217305e+01 2.937195907879395227e-04 8.549114877252876610e-02 6.920638465372054071e+00
8.145086866499057976e+01 2.581646206803249704e-04 7.823552285104369564e-02 7.067310065536037023e+00
8.562694400222423496e+01 2.269136055658072437e-04 7.159568123317207322e-02 7.217090130098770651e+00
9.001713130054676526e+01 1.994455485619597986e-04 6.551936236179636830e-02 7.370044537874883339e+00
9.463240831495036787e+01 1.753025198378734678e-04 5.995874011332887055e-02 7.526240563871011702e+00
9.948431564196151555e+01 1.540820223017380858e-04 5.487004736288223633e-02 7.685746908876528671e+00
1.045849855771433994e+02 1.354302814275009552e-04 5.021323149743191216e-02 7.848633729682812366e+00
1.099471724521542768e+02 1.190363473528172213e-04 4.595163916553229866e-02 8.014972669940082284e+00
1.155842845272200918e+02 1.046269109223131632e-04 4.205172778229090275e-02 8.184836891665636216e+00
1.215104175187690743e+02 9.196174725271068673e-05 3.848280151891317336e-02 8.358301107428681931e+00
1.277403898460648861e+02 8.082971085756670692e-05 3.521676969876327140e-02 8.535441613207591871e+00
1.342897796849734675e+02 7.104521556517465989e-05 3.222792569834876525e-02 8.716336321951505539e+00
1.411749639215168770e+02 6.244514054486532636e-05 2.949274461293660901e-02 8.901064797842574094e+00
1.484131591026187778e+02 5.488611086120541807e-05 2.698969809429953987e-02 9.089708291299890774e+00
1.560224644864394463e+02 4.824210721895091122e-05 2.469908490313346347e-02 9.282349774707103762e+00
1.640219072999485945e+02 4.240236505024929113e-05 2.260287584250938661e-02 9.479073978918947319e+00
1.724314903169036768e+02 3.726952791872051692e-05 2.068457185177253674e-02 9.679967430515551641e+00
1.812722418752032070e+02 3.275802445542623704e-05 1.892907414402678415e-02 9.885118489866158598e+00
1.905662684586848457e+02 2.879264176790203995e-05 1.732256536503554850e-02 1.009461738999997671e+01
2.003368099748494728e+02 2.530727153900196017e-05 1.585240083813707970e-02 1.030855627628089799e+01
2.106082978667353416e+02 2.224380791145791868e-05 1.450700903921368391e-02 1.052702924694269626e+01
2.214064162042512862e+02 1.955117878430375725e-05 1.327580051833859853e-02 1.075013239448431968e+01
2.327581659077297047e+02 1.718449437152464075e-05 1.214908455121858737e-02 1.097796384791827862e+01
2.446919322642916654e+02 1.510429882836912504e-05 1.111799286444370254e-02 1.121062381594929924e+01
2.572375559058498879e+02 1.327591246878556052e-05 1.017440983414916525e-02 1.144821463103798820e+01
2.704264074262317763e+02 1.166885360794111898e-05 9.310908608719007176e-03 1.169084079441115875e+01
2.842914658240042627e+02 1.025633039112799788e-05 8.520692652751531496e-03 1.193860902203193497e+01
2.988674009671481713e+02 9.014794137137875659e-06 7.797542252178399878e-03 1.219162829153362537e+01
3.141906602857868620e+02 7.923546749748210138e-06 7.135765559490008653e-03 1.245000989014785020e+01
3.302995599097462787e+02 6.964395652342496584e-06 6.530153793751930849e-03 1.271386746366112419e+01
3.472343804788374655e+02 6.121350492935274235e-06 5.975940242787406396e-03 1.298331706639478078e+01
3.650374678654371792e+02 5.380356563280516412e-06 5.468762744843352203e-03 1.325847721225312448e+01
3.837533390612260860e+02 4.729060487786471457e-06 5.004629354431923936e-03 1.353946892684398762e+01
4.034287934928555046e+02 4.156604275964549120e-06 4.579886922112316218e-03 1.382641580072088772e+01
4.241130300448911044e+02 3.653444304970993492e-06 4.191192340899406628e-03 1.411944404373222461e+01
4.458577700826506316e+02 3.211192214448788742e-06 3.835486232989807932e-03 1.441868254053556875e+01
4.687173867825576963e+02 2.822475061165166484e-06 3.509968869693404995e-03 1.472426290729442577e+01
4.927490410934046849e+02 2.480812402028533915e-06 3.212078135036194187e-03 1.503631954956319206e+01
5.180128246684984106e+02 2.180508256294678959e-06 2.939469359589238270e-03 1.535498972138652007e+01
5.445719101260938260e+02 1.916556145834332584e-06 2.689996865803856180e-03 1.568041358570107313e+01
5.724927090138447738e+02 1.684555630336384015e-06 2.461697079586691941e-03 1.601273427596224153e+01
6.018450378722650385e+02 1.480638945989085230e-06 2.252773075196022601e-03 1.635209795909378627e+01
6.327022928124463306e+02 1.301406524605035524e-06 2.061580431813527566e-03 1.669865389980446935e+01
6.651416330445650829e+02 1.143870318197907634e-06 1.886614290463709291e-03 1.705255452621689116e+01
6.992441738160994191e+02 1.005403984163427585e-06 1.726497509413607665e-03 1.741395549691613809e+01
7.350951892421985576e+02 8.836991005798362150e-07 1.579969824822224271e-03 1.778301576941395723e+01
7.727843255353874383e+02 7.767266816786002588e-07 1.445877931325115912e-03 1.815989767007645739e+01
8.124058251677936369e+02 6.827033518940196894e-07 1.323166404477668342e-03 1.854476696550723958e+01
8.540587625264155349e+02 6.000616145693720196e-07 1.210869393610233867e-03 1.893779293544906039e+01
8.978472916506958654e+02 5.274237196590461457e-07 1.108103019711187149e-03 1.933914844727064164e+01
9.438809066718714575e+02 4.635786947623316641e-07 1.014058418498962454e-03 1.974901003197531679e+01
9.922747156053346771e+02 4.074621565681116775e-07 9.279953739286804807e-04 2.016755796183622707e+01
1.043149728180628472e+03 3.581385661398691103e-07 8.492364920236699201e-04 2.059497632972913195e+01
1.096633158428801380e+03 3.147856322094924359e-07 7.771618691712750548e-04 2.103145313006125150e+01
1.152858742783748994e+03 2.766806024649674337e-07 7.112042129213184917e-04 2.147718034147069943e+01
1.211967074492957408e+03 2.431882142874650645e-07 6.508443768817468713e-04 2.193235401127564899e+01
1.274105955173854682e+03 2.137501040602265026e-07 5.956072745669698052e-04 2.239717434169647348e+01
1.339430764394840480e+03 1.878754984883628674e-07 5.450581400375660275e-04 2.287184577790387152e+01
1.408104848205140797e+03 1.651330327413806325e-07 4.987991058994469462e-04 2.335657709795709636e+01
1.480299927585014302e+03 1.451435590152701322e-07 4.564660717276036099e-04 2.385158150462449811e+01
1.556196527837648091e+03 1.275738256234285065e-07 4.177258382664814323e-04 2.435707671914990868e+01
1.635984429996447261e+03 1.121309212383630037e-07 3.822734848507306133e-04 2.487328507703055536e+01
1.719863145376471039e+03 9.855739166181195085e-08 3.498299694037566095e-04 2.540043362579770658e+01
1.808042414456641382e+03 8.662694771348822902e-08 3.201399321243204843e-04 2.593875422488641291e+01
1.900742731340188357e+03 7.614069268294371410e-08 2.929696855739371045e-04 2.648848364760362628e+01
1.998195895104759757e+03 6.692380645122461072e-08 2.681053753455401125e-04 2.704986368528498275e+01
2.100645589420852957e+03 5.882263100195397419e-08 2.453512968359334266e-04 2.762314125364660100e+01
2.208347991887921125e+03 5.170210873336133421e-08 2.245283548734796849e-04 2.820856850136052429e+01
2.321572414611807289e+03 4.544353086464527906e-08 2.054726540773417953e-04 2.880640292099608502e+01
2.440601977625289692e+03 3.994255839922742050e-08 1.880342088524734922e-04 2.941690746223289565e+01
2.565734316835632853e+03 3.510748265198983306e-08 1.720757628675345457e-04 3.004035064755852247e+01
2.697282328269386653e+03 3.085769634084337111e-08 1.574717087233591173e-04 3.067700669034799787e+01
2.835574950475434889e+03 2.712234975382129427e-08 1.441070993091621657e-04 3.132715561547303196e+01
2.980957987042702825e+03 2.383916958814284276e-08 1.318767430649119379e-04 3.199108338249533645e+01
3.133794971289250043e+03 2.095342076961059286e-08 1.206843760285517735e-04 3.266908201140702062e+01
3.294468075284922634e+03 1.841699394455936110e-08 1.104419041515801659e-04 3.336144971106345736e+01
3.463379065480592999e+03 1.618760343160868720e-08 1.010687099193677193e-04 3.406849101042075034e+01
3.640950307333554974e+03 1.422808226183837632e-08 9.249101781823983669e-05 3.479051689237450518e+01
3.827625821441170956e+03 1.250576255496535101e-08 8.464131365561884375e-05 3.552784493062440418e+01
4.023872393823642142e+03 1.099193090137262308e-08 7.745781316222071888e-05 3.628079942931657342e+01
4.230180743132199495e+03 9.661349670564975026e-09 7.088397569401251434e-05 3.704971156570142909e+01
4.447066747701334862e+03 8.491836265567050218e-09 6.486805920618067837e-05 3.783491953575452271e+01
4.675072735513344924e+03 7.463893308914802336e-09 5.936271299653517674e-05 3.863676870301281241e+01
4.914768840300775992e+03 6.560383594861499807e-09 5.432460501259522265e-05 3.945561175040264601e+01
5.166754427177720572e+03 5.766244388878526359e-09 4.971408078917150073e-05 4.029180883536879776e+01
5.431659591364801599e+03 5.068236311412696447e-09 4.549485133190113564e-05 4.114572774833079194e+01
5.710146733755425885e+03 4.454722619434090780e-09 4.163370749002397598e-05 4.201774407441433823e+01
6.002912217263044113e+03 3.915475206121726238e-09 3.810025857035022139e-05 4.290824135866706968e+01
6.310688108091153481e+03 3.441504084421452153e-09 3.486669313500477009e-05 4.381761127470666395e+01
6.634244006280128815e+03 3.024907511756063829e-09 3.190756010030805718e-05 4.474625379709060979e+01
6.974388970108182548e+03 2.658740257232185617e-09 2.919956841369514004e-05 4.569457737715297441e+01
7.331973539158482708e+03 2.336897815206825709e-09 2.672140373208085868e-05 4.666299912266413230e+01
7.707891861111141225e+03 2.054014634887112689e-09 2.445356065872432262e-05 4.765194498134167134e+01
8.103083927578147268e+03 1.805374669306203772e-09 2.237818921810856671e-05 4.866184992816845067e+01
8.518537924572025076e+03 1.586832752411297078e-09 2.047895436048458032e-05 4.969315815666500669e+01
8.955292703485578386e+03 1.394745493517667173e-09 1.874090739028549872e-05 5.074632327437328883e+01
9.414440378761499232e+03 1.225910537031584705e-09 1.715036830635071924e-05 5.182180850225972790e+01
9.897129058747319505e+03 1.077513174833838350e-09 1.569481812796214839e-05 5.292008687852380433e+01
1.040456571656430970e+04 9.470794212696489336e-10 1.436280035913673068e-05 5.404164146659917378e+01
1.093801920816896018e+04 8.324347684481686798e-10 1.314383081565704083e-05 5.518696556770624539e+01
1.149882344515380282e+04 7.316679342395960454e-10 1.202831510504819506e-05 5.635656293772731118e+01
1.208838073022117533e+04 6.430989986065781454e-10 1.100747311004412040e-05 5.755094800885072459e+01
1.270816526367042752e+04 5.652513970543249687e-10 1.007326988112346107e-05 5.877064611582586195e+01
1.335972682966652428e+04 4.968273042940977332e-10 9.218352394190302480e-06 6.001619372701293997e+01
1.404469467150771925e+04 4.366859977322146456e-10 8.435991675625219342e-06 6.128813868032717238e+01
1.476478156558243427e+04 3.838248400745175232e-10 7.720029839178303951e-06 6.258704042418284530e+01
1.552178810420236550e+04 3.373625640009717488e-10 7.064831617842143366e-06 6.391347026364412898e+01
1.631760719802116000e+04 2.965245802412415984e-10 6.465240009197056420e-06 6.526801161157796116e+01
1.715422880929701932e+04 2.606300641200117518e-10 5.916535685148309305e-06 6.665126024542003336e+01
1.803374492783486858e+04 2.290806052838441377e-10 5.414399846538849182e-06 6.806382456907370226e+01
1.895835480205053682e+04 2.013502313879177662e-10 4.954880230299002051e-06 6.950632588058171279e+01
1.993037043823734348e+04 1.769766394224106601e-10 4.534360001562790935e-06 7.097939864541420718e+01
2.095222238178608313e+04 1.555534884928627134e-10 4.149529285903066792e-06 7.248369077540101557e+01
2.202646579481454319e+04 1.367236255658592509e-10 3.797359117633089879e-06 7.401986391388253139e+01
2.315578684540369068e+04 1.201731312425017887e-10 3.475077599105608212e-06 7.558859372668125332e+01
2.434300942441707230e+04 1.056260862952889421e-10 3.180148083368883576e-06 7.719057019914833973e+01
2.559110220669883711e+04 9.283997172001756973e-11 2.910249208465930685e-06 7.882649793981362052e+01
2.690318607430719567e+04 8.160162561431687052e-11 2.663256626214831673e-06 8.049709649021376379e+01
2.828254192034512744e+04 7.172368947916095456e-11 2.437226281668465355e-06 8.220310064140794282e+01
2.973261885290210193e+04 6.304148469806213915e-11 2.230379111643168206e-06 8.394526075709374879e+01
3.125704281962085952e+04 5.541026712087617899e-11 2.041087041884399522e-06 8.572434310373407129e+01
3.285962567445517197e+04 4.870281398214955834e-11 1.867860172650266651e-06 8.754113018761533738e+01
3.454437470929026313e+04 4.280730292465381041e-11 1.709335051851398210e-06 8.939642109884526633e+01
3.631550267425979837e+04 3.762544776888454076e-11 1.564263943452526044e-06 9.129103186301615835e+01
3.817743831181556016e+04 3.307085994884627922e-11 1.431505006660550095e-06 9.322579580002796718e+01
4.013483743089039490e+04 2.906760829729982581e-11 1.310013308605451684e-06 9.520156389065176938e+01
4.219259454884566367e+04 2.554895317000506252e-11 1.198832599773055048e-06 9.721920515071654734e+01
4.435585513031406299e+04 2.245623380524384657e-11 1.097087787458351026e-06 9.927960701357271489e+01
4.663002845354139572e+04 1.973789036913256460e-11 1.003978047992664729e-06 1.013836757201106877e+02
4.902080113639969204e+04 1.734860438320344085e-11 9.187705235388258271e-07 1.035323367176038829e+02
5.153415135589398415e+04 1.524854320376553759e-11 8.407945538366746862e-07 1.057265350666416595e+02
5.417636379671867326e+04 1.340269595761970095e-11 7.694363975005548542e-07 1.079672358568246722e+02
5.695404536624281900e+04 1.178028986323342567e-11 7.041344013196769272e-07 1.102554246312493405e+02
5.987414171521994285e+04 1.035427720666182082e-11 6.443745795395159742e-07 1.125921078199834824e+02
6.294395460553275188e+04 9.100884419406731139e-12 5.896865683291885812e-07 1.149783131827306306e+02
6.617116016840114025e+04 7.999215740728947869e-12 5.396399235928120674e-07 1.174150902608791256e+02
6.956382809870861820e+04 7.030904856925651501e-12 4.938407329852717835e-07 1.199035108391297086e+02
7.313044183344273188e+04 6.179808709926872711e-12 4.519285154658985718e-07 1.224446694169053558e+02
7.687991976470644295e+04 5.431738370585173399e-12 4.135733839867869844e-07 1.250396836897780020e+02
8.082163754034375597e+04 4.774222489942229806e-12 3.784734489832164040e-07 1.276896950409326479e+02
8.496545150794286747e+04 4.196299384910356654e-12 3.463524422303254558e-07 1.303958690435067354e+02
8.932172336083906703e+04 3.688334292105459678e-12 3.169575423617549385e-07 1.331593959728468519e+02
9.390134604774527543e+04 3.241858743263080580e-12 2.900573849373814299e-07 1.359814913303532364e+02
9.871577101079767453e+04 2.849429384360906885e-12 2.654402413957638103e-07 1.388633963779572582e+02
1.037770368201258680e+05 2.504503884795100720e-12 2.429123525589675815e-07 1.418063786841064484e+02
1.090977992765488161e+05 2.201331867840131558e-12 2.222964035726417329e-07 1.448117326812869692e+02
1.146913630576689611e+05 1.934859044056174512e-12 2.034301282778143165e-07 1.478807802353931606e+02
1.205717149864963576e+05 1.700642949415119489e-12 1.861650320294089939e-07 1.510148712270020610e+02
1.267535590057915979e+05 1.494778883392080504e-12 1.703652229092682846e-07 1.542153841453011580e+02
1.332523529455816897e+05 1.313834812300432194e-12 1.559063421337881821e-07 1.574837266942654708e+02
1.400843471757866791e+05 1.154794152627683147e-12 1.426745852378740646e-07 1.608213364118496429e+02
1.472666252406089625e+05 1.015005480489695153e-12 1.305658063309011140e-07 1.642296813022707909e+02
1.548171465762921434e+05 8.921383287920742286e-13 1.194846983743885666e-07 1.677102604816945473e+02
1.627547914190663723e+05 7.841443351774853605e-13 1.093440430294450226e-07 1.712646048376367389e+02
1.710994080155731353e+05 6.892230930413323308e-13 1.000640241695295511e-07 1.748942777021482016e+02
1.798718622538203781e+05 6.057921363086066833e-13 9.157159965544594865e-08 1.786008755396605920e+02
1.890940898387710622e+05 5.324605575735388139e-13 8.379992642761103639e-08 1.823860286490187548e+02
1.987891511430313694e+05 4.680058197835257758e-13 7.668783439075134488e-08 1.862514018805802039e+02
2.089812888697938761e+05 4.113533748853322780e-13 7.017934494993675632e-08 1.901986953684364039e+02
2.196959886722229712e+05 3.615587496495998621e-13 6.422323040847104358e-08 1.942296452784523240e+02
2.309600428808625729e+05 3.177918000175234467e-13 5.877261075948344416e-08 1.983460245712505241e+02
2.428016174984180834e+05 2.793228714732410494e-13 5.378458469803988618e-08 2.025496437828945488e+02
2.552503226294341730e+05 2.455106347103812918e-13 4.921989194896965835e-08 2.068423518205672167e+02
2.683372865209793090e+05 2.157913938016651933e-13 4.504260425304607157e-08 2.112260367760566169e+02
2.820952333994774381e+05 1.896696886218278447e-13 4.121984257909355990e-08 2.157026267561691100e+02
2.965585652983192704e+05 1.667100348541496439e-13 3.772151833628385624e-08 2.202740907307769476e+02
3.117634480808650260e+05 1.465296638752418044e-13 3.452009654972465233e-08 2.249424393988937538e+02
3.277479018739408348e+05 1.287921414818900213e-13 3.159037913529465892e-08 2.297097260728510832e+02
3.445518961379595567e+05 1.132017590759913672e-13 2.890930656796266237e-08 2.345780475817298907e+02
3.622174496113909991e+05 9.949860380030028243e-14 2.645577638245884464e-08 2.395495451934206983e+02
3.807887353794944938e+05 8.745422543799309247e-14 2.421047707779703103e-08 2.446264055564765272e+02
4.003121913300411543e+05 7.686782783714321727e-14 2.215573611829838684e-08 2.498108616618299891e+02
4.208366362722213962e+05 6.756292136613507452e-14 2.027538083476913103e-08 2.551051938252303160e+02
4.424133920090965694e+05 5.938438059154844273e-14 1.855461113094788380e-08 2.605117306897000162e+02
4.650964116688389913e+05 5.219585812653570198e-14 1.697988299338280617e-08 2.660328502500886998e+02
4.889424146156553179e+05 4.587751153462698554e-14 1.553880188780014717e-08 2.716709808990717647e+02
5.140110282777408138e+05 4.032400539344354697e-14 1.422002520290617405e-08 2.774286024950765182e+02
5.403649372469085502e+05 3.544275521009500977e-14 1.301317297378136833e-08 2.833082474530028207e+02
5.680700400227193022e+05 3.115238391192986306e-14 1.190874618217859831e-08 2.893125018583926362e+02
5.971956137930564582e+05 2.738136518008709294e-14 1.089805199064587874e-08 2.954440066042477042e+02
6.278144876631795196e+05 2.406683100865907811e-14 9.973135322050601409e-09 3.017054585532376336e+02
6.600032247664229944e+05 2.115352360957941247e-14 9.126716245923312459e-09 3.080996117236257987e+02
6.938423137119094608e+05 1.859287419020115121e-14 8.352132678818871007e-09 3.146292785002950154e+02
7.294163698479967425e+05 1.634219324558559513e-14 7.643287947707287933e-09 3.212973308725181028e+02
7.668143468447235646e+05 1.436395886638614636e-14 6.994602803629757742e-09 3.281067016961062563e+02
8.061297591243179049e+05 1.262519119770290029e-14 6.400971507979360283e-09 3.350603859845368788e+02
8.474609156959623797e+05 1.109690262003555913e-14 5.857721645708337196e-09 3.421614422250884786e+02
8.909111659795242595e+05 9.753614486326052623e-15 5.360577349208008575e-09 3.494129937251188380e+02
9.365891582329371013e+05 8.572932358277387143e-15 4.905625643360557890e-09 3.568182299855554902e+02
9.846091112294379855e+05 7.535172660610562606e-15 4.489285646878269764e-09 3.643804081024338757e+02
1.035091099863994634e+06 6.623034529194101903e-15 4.108280387551027245e-09 3.721028542025825914e+02
1.088161355403086869e+06 5.821311382035798025e-15 3.759611009483783213e-09 3.799889649021163791e+02
1.143952581128624268e+06 5.116637404997683042e-15 3.440533169418625377e-09 3.880422088054402252e+02
1.202604284165272489e+06 4.497264725432053567e-15 3.148535436246374240e-09 3.962661280260822423e+02
1.264263124320930336e+06 3.952867559244800107e-15 2.881319523793105009e-09 4.046643397488173832e+02
1.329083280812643003e+06 3.474370066002493983e-15 2.636782201215691988e-09 4.132405378174742054e+02
1.397226837794951163e+06 3.053795042360270792e-15 2.412998738679816033e-09 4.219984943610152186e+02
1.468864189654704416e+06 2.684130931244860693e-15 2.208207757996547998e-09 4.309420614530963576e+02
1.544174467085782439e+06 2.359214929661320153e-15 2.020797368979503515e-09 4.400751728049642111e+02
1.623345985009134281e+06 2.073630246404566534e-15 1.849292482415867022e-09 4.494018454972384120e+02
1.706576713458170416e+06 1.822615796780847962e-15 1.692343199776676493e-09 4.589261817451819070e+02
1.794074772606963990e+06 1.601986828864450705e-15 1.548714188298041740e-09 4.686523707043965601e+02
1.886058953179090517e+06 1.408065157994509198e-15 1.417274957794177702e-09 4.785846903130118903e+02
1.982759263538399944e+06 1.237617846434339020e-15 1.296990962675006170e-09 4.887275091715196709e+02
2.084417504829733167e+06 1.087803305918342801e-15 1.186915459142742183e-09 4.990852884681791011e+02
2.191287875607731752e+06 9.561239245014226783e-16 1.086182053455362443e-09 5.096625839363660475e+02
2.303637607465630397e+06 8.403844279846602171e-16 9.939978826298383092e-10 5.204640478623462059e+02
2.421747633253435604e+06 7.386552817073567213e-16 9.096373738913509850e-10 5.314944311299929041e+02
2.545913289556382690e+06 6.492405225806841799e-16 8.324365337582165538e-10 5.427585853087053920e+02
2.676445055190230254e+06 5.706494850847241618e-16 7.617877218165341096e-10 5.542614647916436752e+02
2.813669327560023405e+06 5.015719498416704170e-16 6.971348680361797876e-10 5.660081289692207065e+02
2.957929238823618274e+06 4.408563004853415980e-16 6.379690960012596571e-10 5.780037444603897256e+02
3.109585513900805730e+06 3.874903246457618153e-16 5.838247175885975893e-10 5.902535873790309324e+02
