# [1] k:    [h/Mpc] 
# [2] P:    [Mpc^3/h^3] 
# [3] T:    [Mpc^3/h^3] 
# [4] Delta_k 
3.059023205018257859e-07 1.859111975488654034e+00 3.949809060980226059e+04 2.696026282761017365e-21
3.215862678579245412e-07 1.949264471687386813e+00 3.947840899972231273e+04 3.284229613614673791e-21
3.380743483904743061e-07 2.043788663986049414e+00 3.945873719685390097e+04 4.000763725456743821e-21
3.554077908890640533e-07 2.142896545701664657e+00 3.943907519630118622e+04 4.873627081546888986e-21
3.736299379885273404e-07 2.246810390182039985e+00 3.941942299317973811e+04 5.936926686985393358e-21
3.927863545481053003e-07 2.355763249305503848e+00 3.939978058259861427e+04 7.232210814832371128e-21
4.129249415873286729e-07 2.469999476160206875e+00 3.938014795969618717e+04 8.810092498676458102e-21
4.340960560635169786e-07 2.589775273058641858e+00 3.936052511958635296e+04 1.073222722933486854e-20
4.563526367904018199e-07 2.715359266136093019e+00 3.934091205738548888e+04 1.307372213394237004e-20
4.797503368127355169e-07 2.847033107813420116e+00 3.932130876823921426e+04 1.592607077573079723e-20
5.043476625678916271e-07 2.985092108463381688e+00 3.930171524726874486e+04 1.940072825129730167e-20
5.302061201824328858e-07 3.129845898718741637e+00 3.928213148959774117e+04 2.363346628184520383e-20
5.573903692694645323e-07 3.281619123898171342e+00 3.926255749037909118e+04 2.878967847292120596e-20
5.859683846113473662e-07 3.440752172093422434e+00 3.924299324474127934e+04 3.507084304475837843e-20
6.160116261320592563e-07 3.607601937577251672e+00 3.922343874782418425e+04 4.272239556363683838e-20
6.475952175842278093e-07 3.782542621221919532e+00 3.920389399476116523e+04 5.204331929990042423e-20
6.807981343976415384e-07 3.965966569741736780e+00 3.918435898071476549e+04 6.339782795461885117e-20
7.157034011589609116e-07 4.158285155615217832e+00 3.916483370082319016e+04 7.722959725536071278e-20
7.523982992164306405e-07 4.359929699693833705e+00 3.914531815023598028e+04 9.407910151897692157e-20
7.909745849287134463e-07 4.571352438541455676e+00 3.912581232410509256e+04 1.146047326046812475e-19
8.315287191035797356e-07 4.793027538684042632e+00 3.910631621758489928e+04 1.396085264774922135e-19
8.741621082001717898e-07 5.025452160042477523e+00 3.908682982583219564e+04 1.700675026436082771e-19
9.189813578979717484e-07 5.269147570931338009e+00 3.906735314399730123e+04 2.071718410414059911e-19
9.660985396665287929e-07 5.524660317138422094e+00 3.904788616725958855e+04 2.523713881449108989e-19
1.015631471002508262e-06 5.792563447671513543e+00 3.902842889077420841e+04 3.074323094974076320e-19
1.067704010034801725e-06 6.073457799965631843e+00 3.900898130969872727e+04 3.745061023660766276e-19
1.122446365234364056e-06 6.367973347414586982e+00 3.898954341921972082e+04 4.562136651765181734e-19
1.179995421003214005e-06 6.676770612222227896e+00 3.897011521449957218e+04 5.557477087258328847e-19
1.240495079956737545e-06 7.000542146790454723e+00 3.895069669070308737e+04 6.769975108798522256e-19
1.304096622755184042e-06 7.340014086945062743e+00 3.893128784302403801e+04 8.247008895250940945e-19
1.370959086384113674e-06 7.695947780451871445e+00 3.891188866663203225e+04 1.004629332092442253e-18
1.441249661829700436e-06 8.069141494535335468e+00 3.889249915670794144e+04 1.223813515566486072e-18
1.515144112143284134e-06 8.460432206182234793e+00 3.887311930843502341e+04 1.490818029136926964e-18
1.592827211940548929e-06 8.870697479260767793e+00 3.885374911699013319e+04 1.816076034239512729e-18
1.674493209434307728e-06 9.300857432685212700e+00 3.883438857757898950e+04 2.212296938781969865e-18
1.760346312156213177e-06 9.751876803980961128e+00 3.881503768538324221e+04 2.694963015352800793e-18
1.850601197581954108e-06 1.022476711295708895e+01 3.879569643559573888e+04 3.282934368710118153e-18
1.945483549936765273e-06 1.072058893027470106e+01 3.877636482340292423e+04 3.999185891551941943e-18
2.045230624523543909e-06 1.124045425605216586e+01 3.875704284402009944e+04 4.871705005019426331e-18
2.150091840984688092e-06 1.178552901376512274e+01 3.873773049263847497e+04 5.934585262982368532e-18
2.260329406981118614e-06 1.235703566513005391e+01 3.871842776446048811e+04 7.229358552564406422e-18
2.376218973848010330e-06 1.295625595176223577e+01 3.869913465468658251e+04 8.806617946417251132e-18
2.498050325866710336e-06 1.358453376980245331e+01 3.867985115853275784e+04 1.072799461947616326e-17
2.626128104876382668e-06 1.424327818390784905e+01 3.866057727119983610e+04 1.306856607788990823e-17
2.760772572037287162e-06 1.493396658744382499e+01 3.864131298790859728e+04 1.591978980136298990e-17
2.902320408650496801e-06 1.565814801586976834e+01 3.862205830386463640e+04 1.939307693047565091e-17
3.051125558036519890e-06 1.641744662084792949e+01 3.860281321428909723e+04 2.362414564036187205e-17
3.207560110577962700e-06 1.721356531279039714e+01 3.858357771440991928e+04 2.877832430810587931e-17
3.372015234139298021e-06 1.804828958001889205e+01 3.856435179943106778e+04 3.505701169430594170e-17
3.544902152190277809e-06 1.892349149320360269e+01 3.854513546458961355e+04 4.270554656960431707e-17
3.726653172078803499e-06 1.984113390388613851e+01 3.852592870510308421e+04 5.202279429037653769e-17
3.917722766024474580e-06 2.080327484668069360e+01 3.850673151620452700e+04 6.337282491790218947e-17
4.118588707535861475e-06 2.181207215490195495e+01 3.848754389312936837e+04 7.719913920154267255e-17
4.329753266093139866e-06 2.286978830001147500e+01 3.846836583110228094e+04 9.404199830413825023e-17
4.551744463083409039e-06 2.397879546579069654e+01 3.844919732536780066e+04 1.145595344262693687e-16
4.785117392129195949e-06 2.514158086849475282e+01 3.843003837115535134e+04 1.395534672234108334e-16
5.030455607111644826e-06 2.636075233508412197e+01 3.841088896371860028e+04 1.700004308818034843e-16
5.288372581359179674e-06 2.763904415183780117e+01 3.839174909828298405e+04 2.070901359528353858e-16
5.559513241650373021e-06 2.897932319672550250e+01 3.837261877010251919e+04 2.522718571153592777e-16
5.844555580866815540e-06 3.038459536903435065e+01 3.835349797442923591e+04 3.073110633668253243e-16
6.144212353328471540e-06 3.185801233080739081e+01 3.833438670650441782e+04 3.743584034601334296e-16
6.459232857050738118e-06 3.340287857525477477e+01 3.831528496158919006e+04 4.560337421824809746e-16
6.790404807379771878e-06 3.502265883782096978e+01 3.829619273492958746e+04 5.555285311794913605e-16
7.138556306691162195e-06 3.672098586674108134e+01 3.827711002178708441e+04 6.767305144516191604e-16
7.504557915077204533e-06 3.850166857034411549e+01 3.825803681742987101e+04 8.243756413695215904e-16
7.889324827200587103e-06 4.036870055938692303e+01 3.823897311710238864e+04 1.004233123186129700e-15
8.293819160757753291e-06 4.232626910380277963e+01 3.821991891608189326e+04 1.223330864105840505e-15
8.719052362274285227e-06 4.437876452355963863e+01 3.820087420962625765e+04 1.490230075587963025e-15
9.166087736248057605e-06 4.653079003508523925e+01 3.818183899300875055e+04 1.815359804405934899e-15
9.636043103964330830e-06 4.878717207506451103e+01 3.816281326150500536e+04 2.211424446089820746e-15
1.013009359863121538e-05 5.115297112485533404e+01 3.814379701037996711e+04 2.693900167280012550e-15
1.064947460382478790e-05 5.363349305991536653e+01 3.812479023491832049e+04 3.281639634627661873e-15
1.119548484259151579e-05 5.623430104941868279e+01 3.810579293038973265e+04 3.997608679920105085e-15
1.176948962493235138e-05 5.896122803311386917e+01 3.808680509208790318e+04 4.869783686529931184e-15
1.237292426178888029e-05 6.182038980294567665e+01 3.806782671527856292e+04 5.932244762400318612e-15
1.300729765406831334e-05 6.481819871937963740e+01 3.804885779526009719e+04 7.226507415180640894e-15
1.367419606568169201e-05 6.796137809250477346e+01 3.802989832731161732e+04 8.803144764464938161e-15
1.437528709002991615e-05 7.125697726079285133e+01 3.801094830672754324e+04 1.072376367888765077e-14
1.511232381985586521e-05 7.471238740090099384e+01 3.799200772880464501e+04 1.306341205529925145e-14
1.588714923088939049e-05 7.833535810411574118e+01 3.797307658882907708e+04 1.591351130410217834e-14
1.670170079024660794e-05 8.213401475678219299e+01 3.795415488210228796e+04 1.938542862720620274e-14
1.755801530110687162e-05 8.611687676341838937e+01 3.793524260393239092e+04 2.361482867478809838e-14
1.845823399578163895e-05 9.029287665339691671e+01 3.791633974960396154e+04 2.876697462116965874e-14
1.940460788991057802e-05 9.467138011454990476e+01 3.789744631443408434e+04 3.504318579870603673e-14
2.039950341117315543e-05 9.926220699774739842e+01 3.787856229372066446e+04 4.268870422052155900e-14
2.144540831659045798e-05 1.040756533404473601e+02 3.785968768277684285e+04 5.200227737554780423e-14
2.254493791321357228e-05 1.091225144579874495e+02 3.784082247691810335e+04 6.334783174196255204e-14
2.370084159775344190e-05 1.144141091546069191e+02 3.782196667144936509e+04 7.716869315985080064e-14
2.491600973150475266e-05 1.199623051087706642e+02 3.780312026169506862e+04 9.400490972220432643e-14
2.619348086775470484e-05 1.257795454890980551e+02 3.778428324296481151e+04 1.145143540732582381e-13
2.753644934974891994e-05 1.318788768613863738e+02 3.776545561058770545e+04 1.394984296838383612e-13
2.894827329821342076e-05 1.382739784484609515e+02 3.774663735987801192e+04 1.699333855719375143e-13
3.043248300840562692e-05 1.449791928093676461e+02 3.772782848616949195e+04 2.070084630873300059e-13
3.199278977769132648e-05 1.520095580058130906e+02 3.770902898478537099e+04 2.521723653392285634e-13
3.363309518572123809e-05 1.593808413287315489e+02 3.769023885105120280e+04 3.071898650536814363e-13
3.535750085041236633e-05 1.671095746603359942e+02 3.767145808030557964e+04 3.742107628041099066e-13
3.717031868412924126e-05 1.752130915507185307e+02 3.765268666788299015e+04 4.558538901469905252e-13
3.907608167571078754e-05 1.837095660925473908e+02 3.763392460911811213e+04 5.553094400732778660e-13
4.107955522530357004e-05 1.926180536808527961e+02 3.761517189934581256e+04 6.764636233223646264e-13
4.318574906034433776e-05 2.019585337494802957e+02 3.759642853391396056e+04 8.240505214859833859e-13
4.539992976248807967e-05 2.117519545796048135e+02 3.757769450816421886e+04 1.003837070537815403e-12
4.772763393680535859e-05 2.220202802814139886e+02 3.755896981744267396e+04 1.222848402994528386e-12
5.017468205617894183e-05 2.327865400539039342e+02 3.754025445709776977e+04 1.489642353918166997e-12
5.274719301551768723e-05 2.440748798334185210e+02 3.752154842248022760e+04 1.814643857041365706e-12
5.545159943218107865e-05 2.559106164467374072e+02 3.750285170894311159e+04 2.210552297493859052e-12
5.829466373087315435e-05 2.683202943901728190e+02 3.748416431184180692e+04 2.692837738377206431e-12
6.128349505322671351e-05 2.813317453620118727e+02 3.746548622653398343e+04 3.280345411166917693e-12
6.442556703436033705e-05 2.949741506818163543e+02 3.744681744837966107e+04 3.996032090313999662e-12
6.772873649085907528e-05 3.092781067365727381e+02 3.742815797274113720e+04 4.867863125773338755e-12
7.120126306690828879e-05 3.242756936005192188e+02 3.740950779498516931e+04 5.929905184871667301e-12
7.485182988770643921e-05 3.400005469823019553e+02 3.739086691047444037e+04 7.223657402235899945e-12
7.868956527180084881e-05 3.564879336613538499e+02 3.737223531457819627e+04 8.799672952275182784e-12
8.272406555663884206e-05 3.737748305821748431e+02 3.735361300267223123e+04 1.071953440691203003e-11
8.696541909440986997e-05 3.919000077838941252e+02 3.733499997013040411e+04 1.305826006536681390e-11
9.142423147818073699e-05 4.109041153514305051e+02 3.731639621232462378e+04 1.590723528297867488e-11
9.611165206140254191e-05 4.308297745833318118e+02 3.729780172463548661e+04 1.937778334030543047e-11
1.010394018371016720e-04 4.517216735801629284e+02 3.727921650244375633e+04 2.360551538365788937e-11
1.062198027464676133e-04 4.736266674683967040e+02 3.726064054113251041e+04 2.875562941036208182e-11
1.116658084901241013e-04 4.965938834843416316e+02 3.724207383608711098e+04 3.502936535579877959e-11
1.173910369191279803e-04 5.206748311538307235e+02 3.722351638269522664e+04 4.267186851378262145e-11
1.234098040866900780e-04 5.459235178147706620e+02 3.720496817634683975e+04 5.198176855225617321e-11
1.297371600457651012e-04 5.723965697416283547e+02 3.718642921243421006e+04 6.332284842290358145e-11
1.363889264820232711e-04 6.001533591435237440e+02 3.716789948635188921e+04 7.713825912558336309e-11
1.433817362763056455e-04 6.292561373207702218e+02 3.714937899349779764e+04 9.396783576737811386e-11
1.507330750954898936e-04 6.597701742782662677e+02 3.713086772926792764e+04 1.144691915386434437e-10
1.584613251157653230e-04 6.917639051096391540e+02 3.711236568906792672e+04 1.394434138501361003e-10
1.665858109876483387e-04 7.253090834789411474e+02 3.709387286829837103e+04 1.698663667036994912e-10
1.751268481576742783e-04 7.604809425459760632e+02 3.707538926236634870e+04 2.069268224322639770e-10
1.841057936675958640e-04 7.973583636946242450e+02 3.705691486668015568e+04 2.520729128009374442e-10
1.935450995581117185e-04 8.360240534435241671e+02 3.703844967665251170e+04 3.070687145391971911e-10
2.034683690106629794e-04 8.765647289349350331e+02 3.701999368768999557e+04 3.740631803750984378e-10
2.139004153676812446e-04 9.190713124198554169e+02 3.700154689521512773e+04 4.556741090421185396e-10
2.248673241788693637e-04 9.636391351719670411e+02 3.698310929464118090e+04 5.550904353727193817e-10
2.363965184286629729e-04 1.010368151291798767e+03 3.696468088138893654e+04 6.761968374503251434e-10
2.485168271079757005e-04 1.059363161877663970e+03 3.694626165088094422e+04 8.237255298243687212e-10
2.612585573016925852e-04 1.110734050067327189e+03 3.692785159853994264e+04 1.003441174086005917e-09
2.746535699721688829e-04 1.164596027477760799e+03 3.690945071979408385e+04 1.222366132157904854e-09
2.887353596282311993e-04 1.221069892594724706e+03 3.689105901007223292e+04 1.489054864035951810e-09
3.035391380788964293e-04 1.280282301692574038e+03 3.687267646480449184e+04 1.813928192034237266e-09
3.191019224812350285e-04 1.342366052891664367e+03 3.685430307942480431e+04 2.209680492858685403e-09
3.354626279025451924e-04 1.407460383990090122e+03 3.683593884936885297e+04 2.691775728478255046e-09
3.526621646282911485e-04 1.475711284738118593e+03 3.681758377007513627e+04 3.279051698126318337e-09
3.707435404591257876e-04 1.547271824255262345e+03 3.679923783698285115e+04 3.994456122488069493e-09
3.897519682527942697e-04 1.622302494325010912e+03 3.678090104553503625e+04 4.865943322454996944e-09
4.097349789798286580e-04 1.700971569336201583e+03 3.676257339117660740e+04 5.927566530032694815e-09
4.307425405757319271e-04 1.783455483679000054e+03 3.674425486935448862e+04 7.220808513288802895e-09
4.528271828868440083e-04 1.869939227441639559e+03 3.672594547551812866e+04 8.796202509311527336e-09
4.760441290223192071e-04 1.960616761295249489e+03 3.670764520511873707e+04 1.071530680289103646e-08
5.004514334406633081e-04 2.055691451497658363e+03 3.668935405361055018e+04 1.305311010729229674e-08
5.261101271161193775e-04 2.155361282027832658e+03 3.667094233760749194e+04 1.590084927699491389e-08
5.530843701478924991e-04 2.259836011658637290e+03 3.665231624439396546e+04 1.936963072783000580e-08
5.814416121938181326e-04 2.369315710452684471e+03 3.663324247356006526e+04 2.359454042534943585e-08
6.112527611296385451e-04 2.484048502925826142e+03 3.661380465476948302e+04 2.874040158790226540e-08
6.425923603556274889e-04 2.604201609080758317e+03 3.659342475409579492e+04 3.500672926984225066e-08
6.755387751939181127e-04 2.730114654111508571e+03 3.657270889737054677e+04 4.263850719847673425e-08
7.101743888426273075e-04 2.861863470085459085e+03 3.655039482477144338e+04 5.192950570340806888e-08
7.465858083767621441e-04 2.999909983285369435e+03 3.652772794706854620e+04 6.324375871629169397e-08
7.848640813110194670e-04 3.144269773378779064e+03 3.650306899026646715e+04 7.701466361936371289e-08
8.251049232659968648e-04 3.295439537389775069e+03 3.647766946206062858e+04 9.378019734420599607e-08
8.674089573071004124e-04 3.453508753545752825e+03 3.645034315307596989e+04 1.141832835632541376e-07
9.118819655546198935e-04 3.618866498813206817e+03 3.642156076921855129e+04 1.390140515904456270e-07
9.586351536941296880e-04 3.791784318635397995e+03 3.639108594511019328e+04 1.692286685083903921e-07
1.007785429048626679e-03 3.972440558658006012e+03 3.635823874208804773e+04 2.059832427854996068e-07
1.059455692907732439e-03 4.161401389178067802e+03 3.632410046465195046e+04 2.507022684563977202e-07
1.113775147844932919e-03 4.358501479203498093e+03 3.628645935186158022e+04 3.050703679305209342e-07
1.170879620791311689e-03 4.564739742635264520e+03 3.624807408212410519e+04 3.712128673917612853e-07
1.230911902673626282e-03 4.779458454803710993e+03 3.620488750615747995e+04 4.515749718951172005e-07
1.294022105466001958e-03 5.003984504719956021e+03 3.616069475350902212e+04 5.493021528991688307e-07
1.360368037548055848e-03 5.237759244845308785e+03 3.611207841702645237e+04 6.680132078127362101e-07
1.430115598308045934e-03 5.481747220288193603e+03 3.606119814407494414e+04 8.122742663982818503e-07
1.503439192977754080e-03 5.735854454978241847e+03 3.600647794387404429e+04 9.874747162872932951e-07
1.580522168736409397e-03 6.000446405066927582e+03 3.594796349486945837e+04 1.200205451824496935e-06
1.661557273174137529e-03 6.276157634432381201e+03 3.588643885771970963e+04 1.458512143434218305e-06
1.746747136261333697e-03 6.562429162644640201e+03 3.581926644293437130e+04 1.771842061769822428e-06
1.836304777029133936e-03 6.860971007717401335e+03 3.575016875908360089e+04 2.152237207424863137e-06
1.930454136227949345e-03 7.169885139862994038e+03 3.567322181506497145e+04 2.613129433164185010e-06
2.029430636295988157e-03 7.492003331466155032e+03 3.559476638063146675e+04 3.172421301825638572e-06
2.133481770037976965e-03 7.824782383994762313e+03 3.550783809392117837e+04 3.849544425947994037e-06
2.242867719486086112e-03 8.170956155584285625e+03 3.541811696544626466e+04 4.670400458174344758e-06
2.357862006490532136e-03 8.528768870045942094e+03 3.532101142891036579e+04 5.663850188974824210e-06
2.478752176666675511e-03 8.899506741906641764e+03 3.521874351542313525e+04 6.866501528787897197e-06
2.605840518408833982e-03 9.283059505749726668e+03 3.511053019153985952e+04 8.321562729583373492e-06
2.739444818768723561e-03 9.678561124666617616e+03 3.499436763032706222e+04 1.008019019263208188e-05
2.879899158088616417e-03 1.008829950817928875e+04 3.487407249040951865e+04 1.220731268352858874e-05
3.027554745376210416e-03 1.050837152231138316e+04 3.474260050794225390e+04 1.477344203968246165e-05
3.182780796510085389e-03 1.094432313141821942e+04 3.460907544663662702e+04 1.787637075133927307e-05
3.345965457471714814e-03 1.138838471622555699e+04 3.446097334563610639e+04 2.161208904485170836e-05
3.517516774912597243e-03 1.184826090062510957e+04 3.431031539473656449e+04 2.612362251138856459e-05
3.697863716483424691e-03 1.231705670653641027e+04 3.414694123832556215e+04 3.155221872366956631e-05
3.887457243476651579e-03 1.279932935499945233e+04 3.397761373999661009e+04 3.809380460433679343e-05
4.086771438464619106e-03 1.329165653818838291e+04 3.379790288881881133e+04 4.596110039332742940e-05
4.296304690752923532e-03 1.379404227832173819e+04 3.360832790711145935e+04 5.541751309642046222e-05
4.516580942613284376e-03 1.430804853404696041e+04 3.341121450957074558e+04 6.678517322326066471e-05
4.748150999412126434e-03 1.482738014358344481e+04 3.319977973128480517e+04 8.040966384182288390e-05
4.991593906910903912e-03 1.536046080079489911e+04 3.298420677407686890e+04 9.678147596859958330e-05
5.247518399182111472e-03 1.589255360588883013e+04 3.274927541394835862e+04 1.163391413044704290e-04
5.516564420761540903e-03 1.643874891484993714e+04 3.251173639442432250e+04 1.398122108820381323e-04
5.799404726842954938e-03 1.698074219660422023e+04 3.225410898884430208e+04 1.677942916468601179e-04
6.096746565516493986e-03 1.753246908617441295e+04 3.199110097982070874e+04 2.012833109571570680e-04
6.409333446257287764e-03 1.808084085783762930e+04 3.171158055609365329e+04 2.411723314466273336e-04
6.737946999086424568e-03 1.863084917753029004e+04 3.142142179341170049e+04 2.887258579330407833e-04
7.083408929053131541e-03 1.917918735674730124e+04 3.111899331420461749e+04 3.453245101069892442e-04
7.446583070925409317e-03 1.971868262673757272e+04 3.079997173109185314e+04 4.124955540735476497e-04
7.828377549226901017e-03 2.025932362648368871e+04 3.047367077262343446e+04 4.923914342673717465e-04
8.229747049021221908e-03 2.077783380721621143e+04 3.012405038138238160e+04 5.867187775606515698e-04
8.651695203121895217e-03 2.130125880736644467e+04 2.977260232641635957e+04 6.988422621406045537e-04
9.095277101697147801e-03 2.178701941913631163e+04 2.939097566705345889e+04 8.304545800311499562e-04
9.561601930544914862e-03 2.227277049973081012e+04 2.900702203806884063e+04 9.863623314710862153e-04
1.005183574463506743e-02 2.272170655527121562e+04 2.859811631071267402e+04 1.169088410974211461e-03
1.056720438385422289e-02 2.315491587286052891e+04 2.817990270953294385e+04 1.384183883838645702e-03
1.110899653824396448e-02 2.355414795737990062e+04 2.774294212920665814e+04 1.635920339454302683e-03
1.167856697039719623e-02 2.391815577558706354e+04 2.728874684845697993e+04 1.930041358830923270e-03
1.227733990307029038e-02 2.425364479723470868e+04 2.682311334690866352e+04 2.273841092483654819e-03
1.290681258048182248e-02 2.453026417150444468e+04 2.633132550938177155e+04 2.671957188403204474e-03
1.356855901220299469e-02 2.478718485109128233e+04 2.583664648537891117e+04 3.136885364309992177e-03
1.426423390900143431e-02 2.495723693966781138e+04 2.530589618989776864e+04 3.669544146346937884e-03
1.499557682048000690e-02 2.510957322128958549e+04 2.477673452772355085e+04 4.289425390526054559e-03
1.576441648485692182e-02 2.516482080972940821e+04 2.421153107644109332e+04 4.994566518712931745e-03
1.657267540176381518e-02 2.520258014497335898e+04 2.365095958741759023e+04 5.811565487755798731e-03
1.742237463949622076e-02 2.519574500121279925e+04 2.308292267979604367e+04 6.750244569918190628e-03
1.831563888873704443e-02 2.510799571340098919e+04 2.249231455460450161e+04 7.815351616962229464e-03
1.925470177538994923e-02 2.492799361197845064e+04 2.187624199091751871e+04 9.015046539878562512e-03
2.024191144580758314e-02 2.465886260058908374e+04 2.123814138976147660e+04 1.036090905005130139e-02
2.127973643838054069e-02 2.434387657924307496e+04 2.059803477564186687e+04 1.188389293543429433e-02
2.237077185616915750e-02 2.386577118037042601e+04 1.990763114317745567e+04 1.353594676384483990e-02
2.351774585601286785e-02 2.336217389548207939e+04 1.922602072782089817e+04 1.539467730192048411e-02
2.472352647034336062e-02 2.276744094420339025e+04 1.852639077506481772e+04 1.743073613266691788e-02
2.599112877875953478e-02 2.216387546599733469e+04 1.784257342026926199e+04 1.971475495618757456e-02
2.732372244729698585e-02 2.147836833444922013e+04 1.714494971492065451e+04 2.219683942230027060e-02
2.872463965424410307e-02 2.075814697260318280e+04 1.645245815640012734e+04 2.492427929565545208e-02
3.019738342232343442e-02 1.997187352093858135e+04 1.575240387397733321e+04 2.786101961535814020e-02
3.174563637807315680e-02 1.915657079995934328e+04 1.505903872100955596e+04 3.104846544797554633e-02
3.337326996033158216e-02 1.832955980569448366e+04 1.437855735071462550e+04 3.451585046522027272e-02
3.508435410085083278e-02 1.758004823260606281e+04 1.374517452079106442e+04 3.846190387117245923e-02
3.688316740124613496e-02 1.687547996253929523e+04 1.314526134823299981e+04 4.289542960671915983e-02
3.877420783172848273e-02 1.607528412063686665e+04 1.252337593848346478e+04 4.747420687336453837e-02
4.076220397837305304e-02 1.529693979288348964e+04 1.192464060140023503e+04 5.248652135615641118e-02
4.285212686704739649e-02 1.450752531162284504e+04 1.133549838358103989e+04 5.783366858228543989e-02
4.504920239356542677e-02 1.379340813953666657e+04 1.078898713490894625e+04 6.388562739573287741e-02
4.735892439114896407e-02 1.319809708618982950e+04 1.030152384260280269e+04 7.102104664750673313e-02
4.978706836787243073e-02 1.265907219412414815e+04 9.847991881074905905e+03 7.914469293340466172e-02
5.233970594844135349e-02 1.217594763401400996e+04 9.427554685997001798e+03 8.844369245348653041e-02
5.502322005641668845e-02 1.177154908837819494e+04 9.048267144154073321e+03 9.934405533279466738e-02
5.784432087484844831e-02 1.141257420836068741e+04 8.696436767252642312e+03 1.119015373670218666e-01
6.081006262522850592e-02 1.103905277202922116e+04 8.348652256359546300e+03 1.257559146971793940e-01
6.392786120671870020e-02 1.067150706974354944e+04 8.012430515042831757e+03 1.412428719518622755e-01
6.720551273976151097e-02 1.020890180923431035e+04 7.649654884515805861e+03 1.569871055605004395e-01
7.065121306044198912e-02 9.745597994716847097e+03 7.295541063504933845e+03 1.741155746848421504e-01
7.427357821434696361e-02 9.220405919973814889e+03 6.926745180569145305e+03 1.913918062101141737e-01
7.808166600116696332e-02 8.650610750066391120e+03 6.549053028165993055e+03 2.086239879874865477e-01
8.208499862391337165e-02 8.002724013350670248e+03 6.148582044348821000e+03 2.242329778640781701e-01
8.629358649938589920e-02 7.340572916764700494e+03 5.748068857117586958e+03 2.389658128763395006e-01
9.071795328942874881e-02 6.687500380977632631e+03 5.355374227654199785e+03 2.529378420376777736e-01
9.536916221556676621e-02 6.105704177944045114e+03 4.994899158117552361e+03 2.683057131466052292e-01
1.002588437228218304e-01 5.578811341787470155e+03 4.660479626127123993e+03 2.848262480027300980e-01
1.053992245618834284e-01 5.198926955205709419e+03 4.391547301243658694e+03 3.083871133256210761e-01
1.108031583623540345e-01 4.863796396337835176e+03 4.146191254716074582e+03 3.351984988370924068e-01
1.164841577735182265e-01 4.638443533115646460e+03 3.952289111295870043e+03 3.714010478330448950e-01
1.224564282530043596e-01 4.415671786970926405e+03 3.764106410637691624e+03 4.107823812733548130e-01
1.287349035878279091e-01 4.184692619954885231e+03 3.576812809650817144e+03 4.522960118292374543e-01
1.353352832366376823e-01 3.899962318670979130e+03 3.370509588878396698e+03 4.897379719323311509e-01
1.422740715865399574e-01 3.565199373907280460e+03 3.145634093786898575e+03 5.201533039259784719e-01
1.495686192226629019e-01 3.210358670830294159e+03 2.913694413341101153e+03 5.441833726137963456e-01
1.572371663136570008e-01 2.867083312825696794e+03 2.687746535810987552e+03 5.646459239475615233e-01
1.652988882216175348e-01 2.621256739861526512e+03 2.508556373997903393e+03 5.997767365251995830e-01
1.737739434504778357e-01 2.408825925490183636e+03 2.347322298676254832e+03 6.403680355742943364e-01
1.826835240527691917e-01 2.272227175834377704e+03 2.225342292822443142e+03 7.018109676624091353e-01
1.920499086207905493e-01 2.129805802372415656e+03 2.103012629413439299e+03 7.642801486559693824e-01
2.018965179946938526e-01 1.943662104320164872e+03 1.961025280533622663e+03 8.103590993760869665e-01
2.122479738267836202e-01 1.759819942484589319e+03 1.821410589100871221e+03 8.524504668911558891e-01
2.231301601484726449e-01 1.572405023953128875e+03 1.680571065285095074e+03 8.849312119284211686e-01
2.345702880938428103e-01 1.432609190124474026e+03 1.565811462074426117e+03 9.367355350118914403e-01
2.465969639416541459e-01 1.325753110729878244e+03 1.470306441039407673e+03 1.007154482035490517e+00
2.592402606459418002e-01 1.212723306668568966e+03 1.372645293545042932e+03 1.070383316503821680e+00
2.725317930340656614e-01 1.104759922710416959e+03 1.278828627365574903e+03 1.132895079458441145e+00
2.865047968602461026e-01 9.944533688634011241e+02 1.184326744748108013e+03 1.184814539882362627e+00
3.011942119122611450e-01 8.958280388664270504e+02 1.097217136089708220e+03 1.240037376361375454e+00
3.166367693791155569e-01 8.199663874910265804e+02 1.024658652761849225e+03 1.318713178446663692e+00
3.328710836981453314e-01 7.465730866960755066e+02 9.543733042368953647e+02 1.394989049958722305e+00
3.499377491112247163e-01 6.707044538752296603e+02 8.829754806598326695e+02 1.456041761136597668e+00
3.678794411715154977e-01 6.054594048904114061e+02 8.188917473797737330e+02 1.527115351347616556e+00
3.867410234545784475e-01 5.496064832191515279e+02 7.615717643581776883e+02 1.610581968550338194e+00
4.065696597406806001e-01 4.959321288774598884e+02 7.061500005871714620e+02 1.688485761479287417e+00
4.274149319488126375e-01 4.460393049365632692e+02 6.536922520117601607e+02 1.764381357961022134e+00
4.493289641173122684e-01 4.020736607019066469e+02 6.058156875443286253e+02 1.847860263094981415e+00
4.723665527411103904e-01 3.626016669658791329e+02 5.615695257199993193e+02 1.936143181121218193e+00
4.965853037915104462e-01 3.261465049930716873e+02 5.198714041360747160e+02 2.023320006841459406e+00
5.220457767611225153e-01 2.932607296744908467e+02 4.811909505814407453e+02 2.113732037863747415e+00
5.488116360941387439e-01 2.633288970541160552e+02 4.450826722046917325e+02 2.205152919547834767e+00
5.769498103806052214e-01 2.363747134873776190e+02 4.116165851839004972e+02 2.299775162240809134e+00
6.065306597127584354e-01 2.120632680734674125e+02 3.805625194072501927e+02 2.397143241204213737e+00
6.376281516219051149e-01 1.901194596534750190e+02 3.517284556013238443e+02 2.496889250647851277e+00
6.703200460357783275e-01 1.703511681862949274e+02 3.249882867660633678e+02 2.599333456798066599e+00
7.046880897188601001e-01 1.525038203142218265e+02 3.001486835225736627e+02 2.703595880993661549e+00
7.408182206818726412e-01 1.364834508906603503e+02 2.771641207252566801e+02 2.811157769542850460e+00
7.788007830715680813e-01 1.220160696746473690e+02 2.558034861539136955e+02 2.919889585690753186e+00
8.187307530781540166e-01 1.090600162859139317e+02 2.360650280250580693e+02 3.032208968970682594e+00
8.607079764252394405e-01 9.738408639355579055e+01 2.177427993504900599e+02 3.145761090367697133e+00
9.048374180361511421e-01 8.693349507023984302e+01 2.008141475099515390e+02 3.262639236508330320e+00
9.512294245009160765e-01 7.754856843749554685e+01 1.851350122642515998e+02 3.381425875953663507e+00
1.000000000000213163e+00 6.914448216005187930e+01 1.706402040553259383e+02 3.502900387398721893e+00
1.051271096376248826e+00 6.161799653029453339e+01 1.572379290450581379e+02 3.626786618182634925e+00
1.105170918075884856e+00 5.487645677636633934e+01 1.448429930551949951e+02 3.752707074055244618e+00
1.161834242728533306e+00 4.885579536346229901e+01 1.334023358981897900e+02 3.881672257903489687e+00
1.221402758160433644e+00 4.346391635134511233e+01 1.228204683851821812e+02 4.012137462860030368e+00
1.284025416688019838e+00 3.866089745240406472e+01 1.130689131688457536e+02 4.146322244689962133e+00
1.349858807576296504e+00 3.435819820785590650e+01 1.040455171897158948e+02 4.281201544233987022e+00
1.419067548593566874e+00 3.052949640575882739e+01 9.573460155991179477e+01 4.419764257635783622e+00
1.491824697641596753e+00 2.710926276904594445e+01 8.805801641351003184e+01 4.559753280108468587e+00
1.568312185490513100e+00 2.406496911556522633e+01 8.098482162967079034e+01 4.702763276491134903e+00
1.648721270700491237e+00 2.135179352763400473e+01 7.446103818467123858e+01 4.847818402651151715e+00
1.733253017867778301e+00 1.893627833633950175e+01 6.844790367211142268e+01 4.995175859752031045e+00
1.822118800390913007e+00 1.678819145212258590e+01 6.290942634582013682e+01 5.145223441745550907e+00
1.915540829014322100e+00 1.487582809286532104e+01 5.780365159872475544e+01 5.296947269529516333e+00
2.013752707470925607e+00 1.317879718861445504e+01 5.310721381534100516e+01 5.452107942324817103e+00
2.117000016613148627e+00 1.166754574350957441e+01 4.877601518121966251e+01 5.608056178062422070e+00
2.225540928492967474e+00 1.032828315953610598e+01 4.479520825305674947e+01 5.767733049375679322e+00
2.339646851926517890e+00 9.137214770073219583e+00 4.112683979632104325e+01 5.928366178079644833e+00
2.459603111157505406e+00 8.081978870543387927e+00 3.775532465719405195e+01 6.092325108116006582e+00
2.585709659316432152e+00 7.145196925340627558e+00 3.465192661575949984e+01 6.257829626871031614e+00
2.718281828459663263e+00 6.315151984582245248e+00 3.179897483932187185e+01 6.425952510718400568e+00
2.857651118063815776e+00 5.579653941718426324e+00 2.917600189813155964e+01 6.596372024240922727e+00
3.004166023947120401e+00 4.927859103553187126e+00 2.676407377845916713e+01 6.768623092525330343e+00
3.158192909690492378e+00 4.351259908100156615e+00 2.454887083646246637e+01 6.943864646056485235e+00
3.320116922737311960e+00 3.840256704289677803e+00 2.251153281295705000e+01 7.120174703865739474e+00
3.490342957462647444e+00 3.388903344235946413e+00 2.064217526953714099e+01 7.300183023279963379e+00
3.669296667620093988e+00 2.988940145718932850e+00 1.892280047389180098e+01 7.480591796169663965e+00
3.857425530697870641e+00 2.635903021338777297e+00 1.734572456181681943e+01 7.664650187329730358e+00
4.055199966845619564e+00 2.323532615246355792e+00 1.589655618165109985e+01 7.849750550676121819e+00
4.263114515169814212e+00 2.047777384693804326e+00 1.456702833085672211e+01 8.037740811667479335e+00
4.481689070339116121e+00 1.804154371190174189e+00 1.334649942268051248e+01 8.227523329102485405e+00
4.711470182591849465e+00 1.589071541665362464e+00 1.222652894900216047e+01 8.419436965875158663e+00
4.953032424396282885e+00 1.399317536256662775e+00 1.119929087952258406e+01 8.613904426259860969e+00
5.206979827181080545e+00 1.231775130235746918e+00 1.025649642399086936e+01 8.809664628064204805e+00
5.473947391728498424e+00 1.084152688758760918e+00 9.392462586114273648e+00 9.008709193806586413e+00
5.754602676007100293e+00 9.538069110391799166e-01 8.599345764421682858e+00 9.208242624540078580e+00
6.049647464414390718e+00 8.390614096002079192e-01 7.872868248321601037e+00 9.411399491069966317e+00
6.359819522603354258e+00 7.378158991676202483e-01 7.206278556901717813e+00 9.615074267287146981e+00
6.685894442280875261e+00 6.487067116055802440e-01 6.595719340564611954e+00 9.821938195728924015e+00
7.028687580590986528e+00 5.701802923160593783e-01 6.035941247681601673e+00 1.003009809298136545e+01
7.389056098932435646e+00 5.011595531992802943e-01 5.523671469978799209e+00 1.024266959840733193e+01
7.767901106308653603e+00 4.404938247561894227e-01 5.054877981122988473e+00 1.045974620881836969e+01
8.166169912569634093e+00 3.871717268675514134e-01 4.625870952484452125e+00 1.068142340253773703e+01
8.584858397179985445e+00 3.403043077132186234e-01 4.233273710849402960e+00 1.090779868139559916e+01
9.025013499436326470e+00 2.991102237374602679e-01 3.873996160948649514e+00 1.113897161361349752e+01
9.487735836360851494e+00 2.629027135903025392e-01 3.545210463613902352e+00 1.137504387759873836e+01
9.974182454817173138e+00 2.310781488827012564e-01 3.244328778126509327e+00 1.161611930666537518e+01
1.048556972473016025e+01 2.031059708811889797e-01 2.968982893571407988e+00 1.186230393470560252e+01
1.102317638064432792e+01 1.785198453728721601e-01 2.717005588875554878e+00 1.211370604282500274e+01
1.158834671922626214e+01 1.569098882405461359e-01 2.486413574818919781e+00 1.237043620697115820e+01
1.218249396070650370e+01 1.379158321375119622e-01 2.275391883754726674e+00 1.263260734656636153e+01
1.280710378266622662e+01 1.212210203414586934e-01 2.082279584173382325e+00 1.290033477417712326e+01
1.346373803500505772e+01 1.065471276566157394e-01 1.905556707669347594e+00 1.317373624622885409e+01
1.415403864537935341e+01 9.364952035461975022e-02 1.743832285415758188e+00 1.345293201480305356e+01
1.487973172487657614e+01 8.231317779786243016e-02 1.595833399981952061e+00 1.373804488052701167e+01
1.564263188419211659e+01 7.234910775331275523e-02 1.460395166322297600e+00 1.402920024658545906e+01
1.644464677110120832e+01 6.359119563521725693e-02 1.336451563077713178e+00 1.432652617387846128e+01
1.728778184057202338e+01 5.589343514925982498e-02 1.223027042023713040e+00 1.463015343734836726e+01
1.817414536944768244e+01 4.912749416924733215e-02 1.119228849623722155e+00 1.494021558349739642e+01
1.910595372823652127e+01 4.318057526620491804e-02 1.024240000251551930e+00 1.525684898912634146e+01
2.008553692319280515e+01 3.795353522198392782e-02 9.373128457758879151e-01 1.558019292131989175e+01
2.111534442254602695e+01 3.335923217710796279e-02 8.577631908934760796e-01 1.591038959870137681e+01
2.219795128144734164e+01 2.932107285757229106e-02 7.849649078933976787e-01 1.624758425398413664e+01
2.333606458094873304e+01 2.577173566089919696e-02 7.183450084658445922e-01 1.659192519784916797e+01
2.453253019711569394e+01 2.265204831356544199e-02 6.573791337661775147e-01 1.694356388418369974e+01
2.579033991719975205e+01 1.991000138879340381e-02 6.015874272365372422e-01 1.730265497668941066e+01
2.711263892066493852e+01 1.749988123874696849e-02 5.505307577009319608e-01 1.766935641691165415e+01
2.850273364377471097e+01 1.538150788591089412e-02 5.038072630058143542e-01 1.804382949370737066e+01
2.996410004740484823e+01 1.351956516827765818e-02 4.610491870016565352e-01 1.842623891419120952e+01
3.150039230875619012e+01 1.188301197093408028e-02 4.219199849693893722e-01 1.881675287616977599e+01
3.311545195870102276e+01 1.044456472850833345e-02 3.861116747092976920e-01 1.921554314213041792e+01
3.481331748761120082e+01 9.180242571061827950e-03 3.533424124425837975e-01 1.962278511478518794e+01
3.659823444368765877e+01 8.068967530403944530e-03 3.233542744459743101e-01 2.003865791421730691e+01
3.847466604904231957e+01 7.092213141725155906e-03 2.959112269588344279e-01 2.046334445666668955e+01
4.044730436007814234e+01 6.233695582257590267e-03 2.707972683840703110e-01 2.089703153498577493e+01
4.252108200007410943e+01 5.479102197823639865e-03 2.478147291602346425e-01 2.133990990079572470e+01
4.470118449331276622e+01 4.815852891443547258e-03 2.267827159233312684e-01 2.179217434838228229e+01
4.699306323159186860e+01 4.232890396028296531e-03 2.075356877125247856e-01 2.225402380038088168e+01
4.940244910554343960e+01 3.720495934712593229e-03 1.899221530130758562e-01 2.272566139526643880e+01
5.193536683484541783e+01 3.270127195639021319e-03 1.738034773811255873e-01 2.320729457669607854e+01
5.459815003315897997e+01 2.874275920015443089e-03 1.590527922653354742e-01 2.369913518476607805e+01
5.739745704546173499e+01 2.526342729236035270e-03 1.455539964365855088e-01 2.420139954916331249e+01
6.034028759737834946e+01 2.220527104276582512e-03 1.332008421664087061e-01 2.471430858433771505e+01
6.343400029814058882e+01 1.951730683159628521e-03 1.218960989612608153e-01 2.523808788665768787e+01
6.668633104094334385e+01 1.715472264333078867e-03 1.115507882706148618e-01 2.577296783363180310e+01
7.010541234670704114e+01 1.507813098952907925e-03 1.020834831453538427e-01 2.631918368525270679e+01
7.369979369961600923e+01 1.325291226587001908e-03 9.341966733401284306e-02 2.687697568745458909e+01
7.747846292528217305e+01 1.164863759631817874e-03 8.549114877252876610e-02 2.744658917779237584e+01
8.145086866499057976e+01 1.023856154241767650e-03 7.823552285104369564e-02 2.802827469335467825e+01
8.562694400222423496e+01 8.999176220486926900e-04 7.159568123317207322e-02 2.862228808094110377e+01
9.001713130054676526e+01 7.909819393267873136e-04 6.551936236179636830e-02 2.922889060961947294e+01
9.463240831495036787e+01 6.952330002349351888e-04 5.995874011332887055e-02 2.984834908562137912e+01
9.948431564196151555e+01 6.110745398650000056e-04 5.487004736288223633e-02 3.048093596969613728e+01
1.045849855771433994e+02 5.371035223371679141e-04 5.021323149743191216e-02 3.112692949695755473e+01
1.099471724521542768e+02 4.720867502854196552e-04 4.595163916553229866e-02 3.178661379925916464e+01
1.155842845272200918e+02 4.149403057817190998e-04 4.205172778229090275e-02 3.246027903015286853e+01
1.215104175187690743e+02 3.647114799517899930e-04 3.848280151891317336e-02 3.314822149253090799e+01
1.277403898460648861e+02 3.205628900234871862e-04 3.521676969876327140e-02 3.385074376893459913e+01
1.342897796849734675e+02 2.817585190184067117e-04 3.222792569834876525e-02 3.456815485465639881e+01
1.411749639215168770e+02 2.476514453485881848e-04 2.949274461293660901e-02 3.530077029362071528e+01
1.484131591026187778e+02 2.176730577549808527e-04 2.698969809429953987e-02 3.604891231720613831e+01
1.560224644864394463e+02 1.913235757849076788e-04 2.469908490313346347e-02 3.681290998593770070e+01
1.640219072999485945e+02 1.681637177731704720e-04 2.260287584250938661e-02 3.759309933426834505e+01
1.724314903169036768e+02 1.478073774195330344e-04 2.068457185177253674e-02 3.838982351832587625e+01
1.812722418752032070e+02 1.299151868722597781e-04 1.892907414402678415e-02 3.920343296687006074e+01
1.905662684586848457e+02 1.141888590050005385e-04 1.732256536503554850e-02 4.003428553545068524e+01
2.003368099748494728e+02 1.003662145649277903e-04 1.585240083813707970e-02 4.088274666375370714e+01
2.106082978667353416e+02 8.821681128847869548e-05 1.450700903921368391e-02 4.174918953635996388e+01
2.214064162042512862e+02 7.753810211577162397e-05 1.327580051833859853e-02 4.263399524691489262e+01
2.327581659077297047e+02 6.815205845577512647e-05 1.214908455121858737e-02 4.353755296568167665e+01
2.446919322642916654e+02 5.990220220795353692e-05 1.111799286444370254e-02 4.446026011078355822e+01
2.572375559058498879e+02 5.265099705963321980e-05 1.017440983414916525e-02 4.540252252295617552e+01
2.704264074262317763e+02 4.627755556881881860e-05 9.310908608719007176e-03 4.636475464405417313e+01
2.842914658240042627e+02 4.067562380631642948e-05 8.520692652751531496e-03 4.734737969936423951e+01
2.988674009671481713e+02 3.575180995834507399e-05 7.797542252178399878e-03 4.835082988374035295e+01
3.141906602857868620e+02 3.142402735810007492e-05 7.135765559490008653e-03 4.937554655168214879e+01
3.302995599097462787e+02 2.762012598951325897e-05 6.530153793751930849e-03 5.042198041149202936e+01
3.472343804788374655e+02 2.427668964843680022e-05 5.975940242787406396e-03 5.149059172349075197e+01
3.650374678654371792e+02 2.133797870836478145e-05 5.468762744843352203e-03 5.258185050246951420e+01
3.837533390612260860e+02 1.875500086511567343e-05 5.004629354431923936e-03 5.369623672439511353e+01
4.034287934928555046e+02 1.648469436857382227e-05 4.579886922112316218e-03 5.483424053756321115e+01
4.241130300448911044e+02 1.448921012479060022e-05 4.191192340899406628e-03 5.599636247814201795e+01
4.458577700826506316e+02 1.273528070016919117e-05 3.835486232989807932e-03 5.718311369033671099e+01
4.687173867825576963e+02 1.119366570815371677e-05 3.509968869693404995e-03 5.839501615124333966e+01
4.927490410934046849e+02 9.838664332249430161e-06 3.212078135036194187e-03 5.963260290041500156e+01
5.180128246684984106e+02 8.647686858482219024e-06 2.939469359589238270e-03 6.089641827424426879e+01
5.445719101260938260e+02 7.600878074196599967e-06 2.689996865803856180e-03 6.218701814551077689e+01
5.724927090138447738e+02 6.680786254667356884e-06 2.461697079586691941e-03 6.350497016778685122e+01
6.018450378722650385e+02 5.872072219136967121e-06 2.252773075196022601e-03 6.485085402508978802e+01
6.327022928124463306e+02 5.161253605842374456e-06 2.061580431813527566e-03 6.622526168695543447e+01
6.651416330445650829e+02 4.536480102715608719e-06 1.886614290463709291e-03 6.762879766871589027e+01
6.992441738160994191e+02 3.987335886583660626e-06 1.726497509413607665e-03 6.906207929740799045e+01
7.350951892421985576e+02 3.504665977244551772e-06 1.579969824822224271e-03 7.052573698329565843e+01
7.727843255353874383e+02 3.080423611510873491e-06 1.445877931325115912e-03 7.202041449719656896e+01
8.124058251677936369e+02 2.707536092730951286e-06 1.323166404477668342e-03 7.354676925358060657e+01
8.540587625264155349e+02 2.379786879325582112e-06 1.210869393610233867e-03 7.510547259969114009e+01
8.978472916506958654e+02 2.091711946598086734e-06 1.108103019711187149e-03 7.669721011095228391e+01
9.438809066718714575e+02 1.838508694014678701e-06 1.014058418498962454e-03 7.832268189241217726e+01
9.922747156053346771e+02 1.615955879328115158e-06 9.279953739286804807e-04 7.998260288663655615e+01
1.043149728180628472e+03 1.420343244737921062e-06 8.492364920236699201e-04 8.167770318833515830e+01
1.096633158428801380e+03 1.248409661847739566e-06 7.771618691712750548e-04 8.340872836531771384e+01
1.152858742783748994e+03 1.097288764225570344e-06 7.112042129213184917e-04 8.517643978647204506e+01
1.211967074492957408e+03 9.644611611813417846e-07 6.508443768817468713e-04 8.698161495668128396e+01
1.274105955173854682e+03 8.477124361005052842e-07 5.956072745669698052e-04 8.882504785877266329e+01
1.339430764394840480e+03 7.450962291101030076e-07 5.450581400375660275e-04 9.070754930270797445e+01
1.408104848205140797e+03 6.549017886158213237e-07 4.987991058994469462e-04 9.262994728226991015e+01
1.480299927585014302e+03 5.756254507481511008e-07 4.564660717276036099e-04 9.459308733921358225e+01
1.556196527837648091e+03 5.059455712425118080e-07 4.177258382664814323e-04 9.659783293513500269e+01
1.635984429996447261e+03 4.447004918340710529e-07 3.822734848507306133e-04 9.864506583131711182e+01
1.719863145376471039e+03 3.908691738358431356e-07 3.498299694037566095e-04 1.007356864765184667e+02
1.808042414456641382e+03 3.435541760366161063e-07 3.201399321243204843e-04 1.028706144030468721e+02
1.900742731340188357e+03 3.019666931364474966e-07 2.929696855739371045e-04 1.050507886311561094e+02
1.998195895104759757e+03 2.654134052907937255e-07 2.681053753455401125e-04 1.072771680821197009e+02
2.100645589420852957e+03 2.332849195266710955e-07 2.453512968359334266e-04 1.095507320000147331e+02
2.208347991887921125e+03 2.050456103335592552e-07 2.245283548734796849e-04 1.118724803823189262e+02
2.321572414611807289e+03 1.802246900587362834e-07 2.054726540773417953e-04 1.142434344198954506e+02
2.440601977625289692e+03 1.584083602371271453e-07 1.880342088524734922e-04 1.166646369459838297e+02
2.565734316835632853e+03 1.392329130089637945e-07 1.720757628675345457e-04 1.191371528950459719e+02
2.697282328269386653e+03 1.223786676154110433e-07 1.574717087233591173e-04 1.216620697710590662e+02
2.835574950475434889e+03 1.075646408859924941e-07 1.441070993091621657e-04 1.242404981258381440e+02
2.980957987042702825e+03 9.454386286747071914e-08 1.318767430649119379e-04 1.268735720476111482e+02
3.133794971289250043e+03 8.309925949903042208e-08 1.206843760285517735e-04 1.295624496596921347e+02
3.294468075284922634e+03 7.304003369276360237e-08 1.104419041515801659e-04 1.323083136298340605e+02
3.463379065480592999e+03 6.419848448715351530e-08 1.010687099193677193e-04 1.351123716907038670e+02
3.640950307333554974e+03 5.642721124394392450e-08 9.249101781823983669e-05 1.379758571706743169e+02
3.827625821441170956e+03 4.959665627941459664e-08 8.464131365561884375e-05 1.409000295366157900e+02
4.023872393823642142e+03 4.359294496168085580e-08 7.745781316222071888e-05 1.438861749477044896e+02
4.230180743132199495e+03 3.831598726588601411e-08 7.088397569401251434e-05 1.469356068211897650e+02
4.447066747701334862e+03 3.367780913745035994e-08 6.486805920618067837e-05 1.500496664099125326e+02
4.675072735513344924e+03 2.960108584514025756e-08 5.936271299653517674e-05 1.532297233925756359e+02
4.914768840300775992e+03 2.601785287265576430e-08 5.432460501259522265e-05 1.564771764758790198e+02
5.166754427177720572e+03 2.286837285782000398e-08 4.971408078917150073e-05 1.597934540097466254e+02
5.431659591364801599e+03 2.010013968961687279e-08 4.549485133190113564e-05 1.631800146157491724e+02
5.710146733755425885e+03 1.766700315995390320e-08 4.163370749002397598e-05 1.666383478285152933e+02
6.002912217263044113e+03 1.552839957700022997e-08 3.810025857035022139e-05 1.701699747509614724e+02
6.310688108091153481e+03 1.364867551331220087e-08 3.486669313500477009e-05 1.737764487231342798e+02
6.634244006280128815e+03 1.199649341479124548e-08 3.190756010030805718e-05 1.774593560058124240e+02
6.974388970108182548e+03 1.054430916104599133e-08 2.919956841369514004e-05 1.812203164778583471e+02
7.331973539158482708e+03 9.267912867489190718e-09 2.672140373208085868e-05 1.850609843487317789e+02
7.707891861111141225e+03 8.146025273679574883e-09 2.445356065872432262e-05 1.889830488862762081e+02
8.103083927578147268e+03 7.159942989129435699e-09 2.237818921810856671e-05 1.929882351596043577e+02
8.518537924572025076e+03 6.293226682367516115e-09 2.047895436048458032e-05 1.970783047976663056e+02
8.955292703485578386e+03 5.531427014963812746e-09 1.874090739028549872e-05 2.012550567645191961e+02
9.414440378761499232e+03 4.861843751409409668e-09 1.715036830635071924e-05 2.055203281501407844e+02
9.897129058747319505e+03 4.273314028943892152e-09 1.569481812796214839e-05 2.098759949787146013e+02
1.040456571656430970e+04 3.756026257460621479e-09 1.436280035913673068e-05 2.143239730335425008e+02
1.093801920816896018e+04 3.301356546975658934e-09 1.314383081565704083e-05 2.188662187000078347e+02
1.149882344515380282e+04 2.901724935657161027e-09 1.202831510504819506e-05 2.235047298256816646e+02
1.208838073022117533e+04 2.550469021568157798e-09 1.100747311004412040e-05 2.282415465993419161e+02
1.270816526367042752e+04 2.241732891372647210e-09 1.007326988112346107e-05 2.330787524482791468e+02
1.335972682966652428e+04 1.970369494303161561e-09 9.218352394190302480e-06 2.380184749546179432e+02
1.404469467150771925e+04 1.731854833830872953e-09 8.435991675625219342e-06 2.430628867910488680e+02
1.476478156558243427e+04 1.522212546496719133e-09 7.720029839178303951e-06 2.482142066763895798e+02
1.552178810420236550e+04 1.337947610532140198e-09 7.064831617842143366e-06 2.534747003517952635e+02
1.631760719802116000e+04 1.175988079094254101e-09 6.465240009197056420e-06 2.588466815768070433e+02
1.715422880929701932e+04 1.033633866741669134e-09 5.916535685148309305e-06 2.643325131476611887e+02
1.803374492783486858e+04 9.085117353385208467e-10 5.414399846538849182e-06 2.699346079359553414e+02
1.895835480205053682e+04 7.985357289517818578e-10 4.954880230299002051e-06 2.756554299502084291e+02
1.993037043823734348e+04 7.018723981317040365e-10 4.534360001562790935e-06 2.814974954196952126e+02
2.095222238178608313e+04 6.169102338170662787e-10 4.149529285903066792e-06 2.874633739006648625e+02
2.202646579481454319e+04 5.422328012915075527e-10 3.797359117633089879e-06 2.935556894072220189e+02
2.315578684540369068e+04 4.765951262915093352e-10 3.475077599105608212e-06 2.997771215652919636e+02
2.434300942441707230e+04 4.189029395930142526e-10 3.180148083368883576e-06 3.061304067906789896e+02
2.559110220669883711e+04 3.681944340579270554e-10 2.910249208465930685e-06 3.126183394933129875e+02
2.690318607430719567e+04 3.236242300016994832e-10 2.663256626214831673e-06 3.192437733059985021e+02
2.828254192034512744e+04 2.844492815655628001e-10 2.437226281668465355e-06 3.260096223396855635e+02
2.973261885290210193e+04 2.500164891322315568e-10 2.230379111643168206e-06 3.329188624649162875e+02
3.125704281962085952e+04 2.197518112682779975e-10 2.041087041884399522e-06 3.399745326210764347e+02
3.285962567445517197e+04 1.931506946734630026e-10 1.867860172650266651e-06 3.471797361531363890e+02
3.454437470929026313e+04 1.697696625912562402e-10 1.709335051851398210e-06 3.545376421759128789e+02
3.631550267425979837e+04 1.492189214492569322e-10 1.564263943452526044e-06 3.620514869687323198e+02
3.817743831181556016e+04 1.311558624704858487e-10 1.431505006660550095e-06 3.697245753984884686e+02
4.013483743089039490e+04 1.152793499196446004e-10 1.310013308605451684e-06 3.775602823733979108e+02
4.219259454884566367e+04 1.013247007611293919e-10 1.198832599773055048e-06 3.855620543269895393e+02
4.435585513031406299e+04 8.905927203348659156e-11 1.097087787458351026e-06 3.937334107349175838e+02
4.663002845354139572e+04 7.827858237480727986e-11 1.003978047992664729e-06 4.020779456617383971e+02
4.902080113639969204e+04 6.880290304085902550e-11 9.187705235388258271e-07 4.105993293426833475e+02
5.153415135589398415e+04 6.047426158260832422e-11 8.407945538366746862e-07 4.193013097975158985e+02
5.417636379671867326e+04 5.315380823088124997e-11 7.694363975005548542e-07 4.281877144791397427e+02
5.695404536624281900e+04 4.671950108205768433e-11 7.041344013196769272e-07 4.372624519570630923e+02
5.987414171521994285e+04 4.106407149371998621e-11 6.443745795395159742e-07 4.465295136365221538e+02
6.294395460553275188e+04 3.609323577063917427e-11 5.896865683291885812e-07 4.559929755140449288e+02
6.617116016840114025e+04 3.172412332747314990e-11 5.396399235928120674e-07 4.656569999702346649e+02
6.956382809870861820e+04 2.788389512351287181e-11 4.938407329852717835e-07 4.755258376005408536e+02
7.313044183344273188e+04 2.450852933690814500e-11 4.519285154658985718e-07 4.856038290848254064e+02
7.687991976470644295e+04 2.154175403391598703e-11 4.135733839867869844e-07 4.958954070966547079e+02
8.082163754034375597e+04 1.893410903928454871e-11 3.784734489832164040e-07 5.064050982523995117e+02
8.496545150794286747e+04 1.664212136798358683e-11 3.463524422303254558e-07 5.171375251034645544e+02
8.932172336083906703e+04 1.462758047141246480e-11 3.169575423617549385e-07 5.280974081678498351e+02
9.390134604774527543e+04 1.285690121568756045e-11 2.900573849373814299e-07 5.392895680076672988e+02
9.871577101079767453e+04 1.130056397180678793e-11 2.654402413957638103e-07 5.507189273488277195e+02
1.037770368201258680e+05 9.932622483330473703e-12 2.429123525589675815e-07 5.623905132463646623e+02
1.090977992765488161e+05 8.730271307033560431e-12 2.222964035726417329e-07 5.743094592955159214e+02
1.146913630576689611e+05 7.673465615183085837e-12 2.034301282778143165e-07 5.864810078897874064e+02
1.205717149864963576e+05 6.744587021017946817e-12 1.861650320294089939e-07 5.989105125262335605e+02
1.267535590057915979e+05 5.928149856314745115e-12 1.703652229092682846e-07 6.116034401609167617e+02
1.332523529455816897e+05 5.210543004250592629e-12 1.559063421337881821e-07 6.245653736129482922e+02
1.400843471757866791e+05 4.579802983594368229e-12 1.426745852378740646e-07 6.378020140201446111e+02
1.472666252406089625e+05 4.025414501219830166e-12 1.305658063309011140e-07 6.513191833466004255e+02
1.548171465762921434e+05 3.538135147882189162e-12 1.194846983743885666e-07 6.651228269434178628e+02
1.627547914190663723e+05 3.109841314699067287e-12 1.093440430294450226e-07 6.792190161638304744e+02
1.710994080155731353e+05 2.733392761550049616e-12 1.000640241695295511e-07 6.936139510329893483e+02
1.798718622538203781e+05 2.402513579577034356e-12 9.157159965544594865e-08 7.083139629758942419e+02
1.890940898387710622e+05 2.111687563253388739e-12 8.379992642761103639e-08 7.233255176015861707e+02
1.987891511430313694e+05 1.856066247743778085e-12 7.668783439075134488e-08 7.386552175470953898e+02
2.089812888697938761e+05 1.631388078407469032e-12 7.017934494993675632e-08 7.543098053813610022e+02
2.196959886722229712e+05 1.433907364894455419e-12 6.422323040847104358e-08 7.702961665718842141e+02
2.309600428808625729e+05 1.260331835392763037e-12 5.877261075948344416e-08 7.866213325106499497e+02
2.428016174984180834e+05 1.107767749991141683e-12 5.378458469803988618e-08 8.032924836102423569e+02
2.552503226294341730e+05 9.736716580978962217e-13 4.921989194896965835e-08 8.203169524594289896e+02
2.683372865209793090e+05 8.558079956657740464e-13 4.504260425304607157e-08 8.377022270493679343e+02
2.820952333994774381e+05 7.522118153015302952e-13 4.121984257909355990e-08 8.554559540669464468e+02
2.965585652983192704e+05 6.611560279231126080e-13 3.772151833628385624e-08 8.735859422580567752e+02
3.117634480808650260e+05 5.811226098382176528e-13 3.452009654972465233e-08 8.921001658623680441e+02
3.277479018739408348e+05 5.107772952262591250e-13 3.159037913529465892e-08 9.110067681198863738e+02
3.445518961379595567e+05 4.489473321151347880e-13 2.890930656796266237e-08 9.303140648538768573e+02
3.622174496113909991e+05 3.946019310118606984e-13 2.645577638245884464e-08 9.500305481276665205e+02
3.807887353794944938e+05 3.468350802413422036e-13 2.421047707779703103e-08 9.701648899799424726e+02
4.003121913300411543e+05 3.048504415006920094e-13 2.215573611829838684e-08 9.907259462388296924e+02
4.208366362722213962e+05 2.679480738180865196e-13 2.027538083476913103e-08 1.011722760418142457e+03
4.424133920090965694e+05 2.355127645851203279e-13 1.855461113094788380e-08 1.033164567693031131e+03
4.650964116688389913e+05 2.070037731272159732e-13 1.697988299338280617e-08 1.055060798963264915e+03
4.889424146156553179e+05 1.819458158218707326e-13 1.553880188780014717e-08 1.077421085001561778e+03
5.140110282777408138e+05 1.599211424747398229e-13 1.422002520290617405e-08 1.100255260688881435e+03
5.403649372469085502e+05 1.405625718563295977e-13 1.301317297378136833e-08 1.123573369340119143e+03
5.680700400227193022e+05 1.235473702921773883e-13 1.190874618217859831e-08 1.147385667122795667e+03
5.971956137930564582e+05 1.085918712536816929e-13 1.089805199064587874e-08 1.171702627565566218e+03
6.278144876631795196e+05 9.544674625197443383e-14 9.973135322050601409e-09 1.196534946167427279e+03
6.600032247664229944e+05 8.389284819311032351e-14 9.126716245923312459e-09 1.221893545100985193e+03
6.938423137119094608e+05 7.373755789819250927e-14 8.352132678818871007e-09 1.247789578015266898e+03
7.294163698479967425e+05 6.481157288015734108e-14 7.643287947707287933e-09 1.274234434944601162e+03
7.668143468447235646e+05 5.696608484101970097e-14 6.994602803629757742e-09 1.301239747314176384e+03
8.061297591243179049e+05 5.007029883561517477e-14 6.400971507979360283e-09 1.328817393060530776e+03
8.474609156959623797e+05 4.400925274193020268e-14 5.857721645708337196e-09 1.356979501851212490e+03
8.909111659795242595e+05 3.868190068650895835e-14 5.360577349208008575e-09 1.385738460424013965e+03
9.365891582329371013e+05 3.399942847238337345e-14 4.905625643360557890e-09 1.415106918034054615e+03
9.846091112294379855e+05 2.988377292562304817e-14 4.489285646878269764e-09 1.445097792012196351e+03
1.035091099863994634e+06 2.626632047645200767e-14 4.108280387551027245e-09 1.475724273458803054e+03
1.088161355403086869e+06 2.308676327743313326e-14 3.759611009483783213e-09 1.506999833028011153e+03
1.143952581128624268e+06 2.029209379009907586e-14 3.440533169418625377e-09 1.538938226872609221e+03
1.202604284165272489e+06 1.783572107693895152e-14 3.148535436246374240e-09 1.571553502675515347e+03
1.264263124320930336e+06 1.567669406741395263e-14 2.881319523793105009e-09 1.604860005845037676e+03
1.329083280812643003e+06 1.377901884780264276e-14 2.636782201215691988e-09 1.638872385811935146e+03
1.397226837794951163e+06 1.211105859383097231e-14 2.412998738679816033e-09 1.673605602478332003e+03
1.468864189654704416e+06 1.064500614183180493e-14 2.208207757996547998e-09 1.709074932799313729e+03
1.544174467085782439e+06 9.356420405504810056e-15 2.020797368979503515e-09 1.745295977496853084e+03
1.623345985009134281e+06 8.223818909842562874e-15 1.849292482415867022e-09 1.782284667927862529e+03
1.706576713458170416e+06 7.228319649046905301e-15 1.692343199776676493e-09 1.820057273085096085e+03
1.794074772606963990e+06 6.353326297866821616e-15 1.548714188298041740e-09 1.858630406758362369e+03
1.886058953179090517e+06 5.584251528296090907e-15 1.417274957794177702e-09 1.898021034840469838e+03
1.982759263538399944e+06 4.908273818976511039e-15 1.296990962675006170e-09 1.938246482782469911e+03
2.084417504829733167e+06 4.314123703062137256e-15 1.186915459142742183e-09 1.979324443229631015e+03
2.191287875607731752e+06 3.791895890842251698e-15 1.086182053455362443e-09 2.021272983784096368e+03
2.303637607465630397e+06 3.332884135144458062e-15 9.939978826298383092e-10 2.064110554967521239e+03
2.421747633253435604e+06 2.929436086347909712e-15 9.096373738913509850e-10 2.107855998330226157e+03
2.545913289556382690e+06 2.574825717310360653e-15 8.324365337582165538e-10 2.152528554731684835e+03
2.676445055190230254e+06 2.263141191380984745e-15 7.617877218165341096e-10 2.198147872820552948e+03
2.813669327560023405e+06 1.989186304022388504e-15 6.971348680361797876e-10 2.244734017654534455e+03
2.957929238823618274e+06 1.748393855047600945e-15 6.379690960012596571e-10 2.292307479549452182e+03
3.109585513900805730e+06 1.536749507164129122e-15 5.838247175885975893e-10 2.340889183067518843e+03
