# [1] k:    [h/Mpc] 
# [2] P:    [Mpc^3/h^3] 
# [3] T:    [Mpc^3/h^3] 
# [4] Delta_k 
3.059023205018257859e-07 1.930178417877553565e-01 3.949809060980226059e+04 2.799084624070676020e-22
3.215862678579245412e-07 2.023777084754434241e-01 3.947840899972231273e+04 3.409772624312834473e-22
3.380743483904743061e-07 2.121914560252235460e-01 3.945873719685390097e+04 4.153696979911240084e-22
3.554077908890640533e-07 2.224810941347710458e-01 3.943907519630118622e+04 5.059926423803922693e-22
3.736299379885273404e-07 2.332696998013009670e-01 3.941942299317973811e+04 6.163871735982156873e-22
3.927863545481053003e-07 2.445814690771073718e-01 3.939978058259861427e+04 7.508669414418088555e-22
4.129249415873286729e-07 2.564417713354883444e-01 3.938014795969618717e+04 9.146867227284970947e-22
4.340960560635169786e-07 2.688772061670389735e-01 3.936052511958635296e+04 1.114247750912112902e-21
4.563526367904018199e-07 2.819156630359571092e-01 3.934091205738548888e+04 1.357347843323478440e-21
4.797503368127355169e-07 2.955863838292971946e-01 3.932130876823921426e+04 1.653486099718460274e-21
5.043476625678916271e-07 3.099200284382108705e-01 3.930171524726874486e+04 2.014234078176956543e-21
5.302061201824328858e-07 3.249487435204980179e-01 3.928213148959774117e+04 2.453687952005383681e-21
5.573903692694645323e-07 3.407062345977100448e-01 3.926255749037909118e+04 2.989019315604183686e-21
5.859683846113473662e-07 3.572278416470546225e-01 3.924299324474127934e+04 3.641146161944923965e-21
6.160116261320592563e-07 3.745506183603921624e-01 3.922343874782418425e+04 4.435550250021141184e-21
6.475952175842278093e-07 3.927134152457669170e-01 3.920389399476116523e+04 5.403272800766861981e-21
6.807981343976415384e-07 4.117569667597513194e-01 3.918435898071476549e+04 6.582127428131719949e-21
7.157034011589609116e-07 4.317239826632530142e-01 3.916483370082319016e+04 8.018177700377212602e-21
7.523982992164306405e-07 4.526592438091558979e-01 3.914531815023598028e+04 9.767537067126403034e-21
7.909745849287134463e-07 4.746097025740176334e-01 3.912581232410509256e+04 1.189856148401400034e-20
8.315287191035797356e-07 4.976245881601105148e-01 3.910631621758489928e+04 1.449452041142996906e-20
8.741621082001717898e-07 5.217555170037858625e-01 3.908682982583219564e+04 1.765685055623101117e-20
9.189813578979717484e-07 5.470566085375460075e-01 3.906735314399730123e+04 2.150911949588070382e-20
9.660985396665287929e-07 5.735846065669227833e-01 3.904788616725958855e+04 2.620185406309743939e-20
1.015631471002508262e-06 6.013990065306953348e-01 3.902842889077420841e+04 3.191842215927723657e-20
1.067704010034801725e-06 6.305621889344499298e-01 3.900898130969872727e+04 3.888219782783346641e-20
1.122446365234364056e-06 6.611395592548120481e-01 3.898954341921972082e+04 4.736528956159714376e-20
1.179995421003214005e-06 6.931996946253383696e-01 3.897011521449957218e+04 5.769917290138264003e-20
1.240495079956737545e-06 7.268144976380739308e-01 3.895069669070308737e+04 7.028764279320280905e-20
1.304096622755184042e-06 7.620593576035001870e-01 3.893128784302403801e+04 8.562259181550134942e-20
1.370959086384113674e-06 7.990133196273156990e-01 3.891188866663203225e+04 1.043032308079177000e-19
1.441249661829700436e-06 8.377592618894612597e-01 3.889249915670794144e+04 1.270595029453457421e-19
1.515144112143284134e-06 8.783840815181058748e-01 3.887311930843502341e+04 1.547806061582975954e-19
1.592827211940548929e-06 9.209788894770337686e-01 3.885374911699013319e+04 1.885497384089735226e-19
1.674493209434307728e-06 9.656392149056214347e-01 3.883438857757898950e+04 2.296864234899651812e-19
1.760346312156213177e-06 1.012465219363526181e+00 3.881503768538324221e+04 2.797980712186491112e-19
1.850601197581954108e-06 1.061561921468801684e+00 3.879569643559573888e+04 3.408427867357064373e-19
1.945483549936765273e-06 1.113039432426566222e+00 3.877636482340292423e+04 4.152058831703818334e-19
2.045230624523543909e-06 1.167013202981984188e+00 3.875704284402009944e+04 5.057930873950158846e-19
2.150091840984688092e-06 1.223604282343454752e+00 3.873773049263847497e+04 6.161440808669910649e-19
2.260329406981118614e-06 1.282939589666625357e+00 3.871842776446048811e+04 7.505708121529688726e-19
2.376218973848010330e-06 1.345152198700453772e+00 3.869913465468658251e+04 9.143259856738748125e-19
2.498050325866710336e-06 1.410381636238431158e+00 3.867985115853275784e+04 1.113808310345418533e-18
2.626128104876382668e-06 1.478774195038953465e+00 3.866057727119983610e+04 1.356812528170586962e-18
2.760772572037287162e-06 1.550483261924665568e+00 3.864131298790859728e+04 1.652833992619584871e-18
2.902320408650496801e-06 1.625669661786787401e+00 3.862205830386463640e+04 2.013439698144303756e-18
3.051125558036519890e-06 1.704502018276135455e+00 3.860281321428909723e+04 2.452720258758871495e-18
3.207560110577962700e-06 1.787157131981826463e+00 3.858357771440991928e+04 2.987840496675140671e-18
3.372015234139298021e-06 1.873820376946380595e+00 3.856435179943106778e+04 3.639710155158624493e-18
3.544902152190277809e-06 1.964686116416982209e+00 3.854513546458961355e+04 4.433800943627880060e-18
3.726653172078803499e-06 2.059958138747052470e+00 3.852592870510308421e+04 5.401141840882177103e-18
3.917722766024474580e-06 2.159850114444227920e+00 3.850673151620452700e+04 6.579531547814177913e-18
4.118588707535861475e-06 2.264586075376858965e+00 3.848754389312936837e+04 8.015015465992930770e-18
4.329753266093139866e-06 2.374400917217916795e+00 3.846836583110228094e+04 9.763684914837585265e-18
4.551744463083409039e-06 2.489540926258844600e+00 3.844919732536780066e+04 1.189386889154782573e-17
4.785117392129195949e-06 2.610264331761760204e+00 3.843003837115535134e+04 1.448880401643431523e-17
5.030455607111644826e-06 2.736841885105979699e+00 3.841088896371860028e+04 1.764988699143291718e-17
5.288372581359179674e-06 2.869557467006253137e+00 3.839174909828298405e+04 2.150063666102895565e-17
5.559513241650373021e-06 3.008708724191599071e+00 3.837261877010251919e+04 2.619152049267873721e-17
5.844555580866815540e-06 3.154607736945874041e+00 3.835349797442923591e+04 3.190583407057754294e-17
6.144212353328471540e-06 3.307581719021457811e+00 3.833438670650441782e+04 3.886686334317873157e-17
6.459232857050738118e-06 3.467973751500089019e+00 3.831528496158919006e+04 4.734660948828530272e-17
6.790404807379771878e-06 3.636143552229146092e+00 3.829619273492958746e+04 5.767641731832956044e-17
7.138556306691162195e-06 3.812468282581016776e+00 3.827711002178708441e+04 7.025992252943012841e-17
7.504557915077204533e-06 3.997343393327320360e+00 3.825803681742987101e+04 8.558882370585450921e-17
7.889324827200587103e-06 4.191183511526237027e+00 3.823897311710238864e+04 1.042620953685241590e-16
8.293819160757753291e-06 4.394423370435452725e+00 3.821991891608189326e+04 1.270093928150804408e-16
8.719052362274285227e-06 4.607518784495486130e+00 3.820087420962625765e+04 1.547195632912789931e-16
9.166087736248057605e-06 4.830947671611165006e+00 3.818183899300875055e+04 1.884753775643746263e-16
9.636043103964330830e-06 5.065211124995126823e+00 3.816281326150500536e+04 2.295958390288705966e-16
1.013009359863121538e-05 5.310834536986823728e+00 3.814379701037996711e+04 2.796877235667257017e-16
1.064947460382478790e-05 5.568368777379540724e+00 3.812479023491832049e+04 3.407083640750038074e-16
1.119548484259151579e-05 5.838391428869552868e+00 3.810579293038973265e+04 4.150421329556347150e-16
1.176948962493235138e-05 6.121508082435991760e+00 3.808680509208790318e+04 5.055936111111132853e-16
1.237292426178888029e-05 6.418353695508835166e+00 3.806782671527856292e+04 6.159010840077343782e-16
1.300729765406831334e-05 6.729594016033414228e+00 3.804885779526009719e+04 7.502747996525329862e-16
1.367419606568169201e-05 7.055927075553908523e+00 3.802989832731161732e+04 9.139653908880790778e-16
1.437528709002991615e-05 7.398084754729360668e+00 3.801094830672754324e+04 1.113369043086690410e-15
1.511232381985586521e-05 7.756834424748507928e+00 3.799200772880464501e+04 1.356277424137004996e-15
1.588714923088939049e-05 8.132980668339333974e+00 3.797307658882907708e+04 1.652182142700414025e-15
1.670170079024660794e-05 8.527367084250435880e+00 3.795415488210228796e+04 2.012645631401742004e-15
1.755801530110687162e-05 8.940878179222163880e+00 3.793524260393239092e+04 2.451752947154852364e-15
1.845823399578163895e-05 9.374441351692018642e+00 3.791633974960396154e+04 2.986662142651112528e-15
1.940460788991057802e-05 9.829028971735631615e+00 3.789744631443408434e+04 3.638274714709267474e-15
2.039950341117315543e-05 1.030566056181674028e+01 3.787856229372066446e+04 4.432052327130622074e-15
2.144540831659045798e-05 1.080540508332944150e+01 3.785968768277684285e+04 5.399011721409725035e-15
2.254493791321357228e-05 1.132938333399617825e+01 3.784082247691810335e+04 6.576936691268206456e-15
2.370084159775344190e-05 1.187877046151901617e+01 3.782196667144936509e+04 8.011854478738923208e-15
2.491600973150475266e-05 1.245479859915002940e+01 3.780312026169506862e+04 9.759834281775040270e-15
2.619348086775470484e-05 1.305875962902626775e+01 3.778428324296481151e+04 1.188917814976125597e-14
2.753644934974891994e-05 1.369200807954953447e+01 3.776545561058770545e+04 1.448308987589531458e-14
2.894827329821342076e-05 1.435596416322014690e+01 3.774663735987801192e+04 1.764292617294373822e-14
3.043248300840562692e-05 1.505211696183051373e+01 3.772782848616949195e+04 2.149215717165959282e-14
3.199278977769132648e-05 1.578202776606863722e+01 3.770902898478537099e+04 2.618119099765240236e-14
3.363309518572123809e-05 1.654733357709802632e+01 3.769023885105120280e+04 3.189325094640881519e-14
3.535750085041236633e-05 1.734975077793783882e+01 3.767145808030557964e+04 3.885153490618233245e-14
3.717031868412924126e-05 1.819107898285198388e+01 3.765268666788299015e+04 4.732793678207454745e-14
3.907608167571078754e-05 1.907320507342130256e+01 3.763392460911811213e+04 5.765367070971526795e-14
4.107955522530357004e-05 1.999810743033058102e+01 3.761517189934581256e+04 7.023221319807207445e-14
4.318574906034433776e-05 2.096786037037828621e+01 3.759642853391396056e+04 8.555506891374428397e-14
4.539992976248807967e-05 2.198463879861310488e+01 3.757769450816421886e+04 1.042209761522428696e-13
4.772763393680535859e-05 2.305072308609449649e+01 3.755896981744267396e+04 1.269593024473785777e-13
5.017468205617894183e-05 2.416850418417286050e+01 3.754025445709776977e+04 1.546585444985593640e-13
5.274719301551768723e-05 2.534048898677522743e+01 3.752154842248022760e+04 1.884010460464437740e-13
5.545159943218107865e-05 2.656930595271976969e+01 3.750285170894311159e+04 2.295052902927381038e-13
5.829466373087315435e-05 2.785771100066930472e+01 3.748416431184180692e+04 2.795774194341213114e-13
6.128349505322671351e-05 2.920859368994435457e+01 3.746548622653398343e+04 3.405739944283793981e-13
6.442556703436033705e-05 3.062498370105723211e+01 3.744681744837966107e+04 4.148784473212217407e-13
6.772873649085907528e-05 3.211005763050157213e+01 3.742815797274113720e+04 5.053942134970136954e-13
7.120126306690828879e-05 3.366714611504133359e+01 3.740950779498516931e+04 6.156581829822851166e-13
7.485182988770643921e-05 3.529974130145166811e+01 3.739086691047444037e+04 7.499789038942845068e-13
7.868956527180084881e-05 3.701150467852007608e+01 3.737223531457819627e+04 9.136049383145987102e-13
8.272406555663884206e-05 3.880627528882032351e+01 3.735361300267223123e+04 1.112929949067705407e-12
8.696541909440986997e-05 4.068807833867531087e+01 3.733499997013040411e+04 1.355742531139282283e-12
9.142423147818073699e-05 4.266113422565278768e+01 3.731639621232462378e+04 1.651530549860265694e-12
9.611165206140254191e-05 4.472986800384759931e+01 3.729780172463548661e+04 2.011851877826444676e-12
1.010394018371016720e-04 4.689891930811678122e+01 3.727921650244375633e+04 2.450786017041132323e-12
1.062198027464676133e-04 4.917315275958466714e+01 3.726064054113251041e+04 2.985484253350437261e-12
1.116658084901241013e-04 5.155766887572966795e+01 3.724207383608711098e+04 3.636839840372659719e-12
1.173910369191279803e-04 5.405781550952613657e+01 3.722351638269522664e+04 4.430304400258795178e-12
1.234098040866900780e-04 5.667919984329598293e+01 3.720496817634683975e+04 5.396882442021763548e-12
1.297371600457651012e-04 5.942770096416804648e+01 3.718642921243421006e+04 6.574342858089228688e-12
1.363889264820232711e-04 6.230948304935035509e+01 3.716789948635188921e+04 8.008694738126900906e-12
1.433817362763056455e-04 6.533100919078862034e+01 3.714937899349779764e+04 9.755985167336802062e-12
1.507330750954898936e-04 6.849905589019175522e+01 3.713086772926792764e+04 1.188448925792690286e-11
1.584613251157653230e-04 7.182072825701452246e+01 3.711236568906792672e+04 1.447737798891622722e-11
1.665858109876483387e-04 7.530347594332648953e+01 3.709387286829837103e+04 1.763596809969322155e-11
1.751268481576742783e-04 7.895510985149805094e+01 3.707538926236634870e+04 2.148368102646191671e-11
1.841057936675958640e-04 8.278381965201411674e+01 3.705691486668015568e+04 2.617086557640056360e-11
1.935450995581117185e-04 8.679819215080131301e+01 3.703844967665251170e+04 3.188067278482105936e-11
2.034683690106629794e-04 9.100723054716422666e+01 3.701999368768999557e+04 3.883621251446566306e-11
2.139004153676812446e-04 9.542037462573640028e+01 3.700154689521512773e+04 4.730927144006479227e-11
2.248673241788693637e-04 1.000475219273564278e+02 3.698310929464118090e+04 5.763093307196085648e-11
2.363965184286629729e-04 1.048990499467724931e+02 3.696468088138893654e+04 7.020451479479140772e-11
2.485168271079757005e-04 1.099858394066522465e+02 3.694626165088094422e+04 8.552132743396741211e-11
2.612585573016925852e-04 1.153192986602201699e+02 3.692785159853994264e+04 1.041798731526883065e-10
2.746535699721688829e-04 1.209113892772740968e+02 3.690945071979408385e+04 1.269092318344889922e-10
2.887353596282311993e-04 1.267746528708637754e+02 3.689105901007223292e+04 1.545975497706288218e-10
3.035391380788964293e-04 1.329222392248898359e+02 3.687267646480449184e+04 1.883267438435962681e-10
3.191019224812350285e-04 1.393679357856828744e+02 3.685430307942480431e+04 2.294147772675078553e-10
3.354626279025451924e-04 1.461261985836691508e+02 3.683593884936885297e+04 2.794671588035861577e-10
3.526621646282911485e-04 1.532121846545146866e+02 3.681758377007513627e+04 3.404396777749010436e-10
3.707435404591257876e-04 1.606417860324176843e+02 3.679923783698285115e+04 4.147148262416410565e-10
3.897519682527942697e-04 1.684316653918604629e+02 3.678090104553503625e+04 5.051948945221202641e-10
4.097349789798286580e-04 1.765992934176591405e+02 3.676257339117660740e+04 6.154153777528764189e-10
4.307425405757319271e-04 1.851629879871959758e+02 3.674425486935448862e+04 7.496831248323901540e-10
4.528271828868440083e-04 1.941419552526842551e+02 3.672594547551812866e+04 9.132446278977275967e-10
4.760441290223192071e-04 2.035563327155907416e+02 3.670764520511873707e+04 1.112491028220105007e-09
5.004514334406633081e-04 2.134272343898618374e+02 3.668935405361055018e+04 1.355207849094334686e-09
5.261101271161193775e-04 2.237752154872505344e+02 3.667094233760749194e+04 1.650867538105787529e-09
5.530843701478924991e-04 2.346220537092445397e+02 3.665231624439396546e+04 2.011005452390168845e-09
5.814416121938181326e-04 2.459885208502279283e+02 3.663324247356006526e+04 2.449646568318119651e-09
6.112527611296385451e-04 2.579003778429340628e+02 3.661380465476948302e+04 2.983903261207364454e-09
6.425923603556274889e-04 2.703749859030667722e+02 3.659342475409579492e+04 3.634489703040707491e-09
6.755387751939181127e-04 2.834476058018073559e+02 3.657270889737054677e+04 4.426840741714047658e-09
7.101743888426273075e-04 2.971261106216689996e+02 3.655039482477144338e+04 5.391456377092175923e-09
7.465858083767621441e-04 3.114584587510322535e+02 3.652772794706854620e+04 6.566131558996369635e-09
7.848640813110194670e-04 3.264462677115115525e+02 3.650306899026646715e+04 7.995862731136621947e-09
8.251049232659968648e-04 3.421411058803084870e+02 3.647766946206062858e+04 9.736504058100430516e-09
8.674089573071004124e-04 3.585522631197692931e+02 3.645034315307596989e+04 1.185480554813038917e-08
9.118819655546198935e-04 3.757201344127420271e+02 3.642156076921855129e+04 1.443280048212630468e-08
9.586351536941296880e-04 3.936729123135731925e+02 3.639108594511019328e+04 1.756976061407994839e-08
1.007785429048626679e-03 4.124291131311646836e+02 3.635823874208804773e+04 2.138571613280585824e-08
1.059455692907732439e-03 4.320475181386508439e+02 3.632410046465195046e+04 2.602856171480971124e-08
1.113775147844932919e-03 4.525109622423236715e+02 3.628645935186158022e+04 3.167319924119591633e-08
1.170879620791311689e-03 4.739231552820630213e+02 3.624807408212410519e+04 3.854028560542673302e-08
1.230911902673626282e-03 4.962158105715897136e+02 3.620488750615747995e+04 4.688368835752978597e-08
1.294022105466001958e-03 5.195266891799492441e+02 3.616069475350902212e+04 5.702997852730039126e-08
1.360368037548055848e-03 5.437977908663491462e+02 3.611207841702645237e+04 6.935486907604843375e-08
1.430115598308045934e-03 5.691292572132167606e+02 3.606119814407494414e+04 8.433242747453062519e-08
1.503439192977754080e-03 5.955113313804471318e+02 3.600647794387404429e+04 1.025221939671767574e-07
1.580522168736409397e-03 6.229819559764227961e+02 3.594796349486945837e+04 1.246084523511133132e-07
1.661557273174137529e-03 6.516070130737937234e+02 3.588643885771970963e+04 1.514265250606599940e-07
1.746747136261333697e-03 6.813284678701295434e+02 3.581926644293437130e+04 1.839572523121885759e-07
1.836304777029133936e-03 7.123238588842359604e+02 3.575016875908360089e+04 2.234508659346687695e-07
1.930454136227949345e-03 7.443961277258197242e+02 3.567322181506497145e+04 2.713018958252035774e-07
2.029430636295988157e-03 7.778392763707390714e+02 3.559476638063146675e+04 3.293690326312583711e-07
2.133481770037976965e-03 8.123892633312408407e+02 3.550783809392117837e+04 3.996697169180812307e-07
2.242867719486086112e-03 8.483299248711002747e+02 3.541811696544626466e+04 4.848931256464045677e-07
2.357862006490532136e-03 8.854789717387341170e+02 3.532101142891036579e+04 5.880356611643816724e-07
2.478752176666675511e-03 9.239699420724218726e+02 3.521874351542313525e+04 7.128980519694633097e-07
2.605840518408833982e-03 9.637913878297501924e+02 3.511053019153985952e+04 8.639662911877181899e-07
2.739444818768723561e-03 1.004853394805869243e+03 3.499436763032706222e+04 1.046551569482811782e-06
2.879899158088616417e-03 1.047393499719362580e+03 3.487407249040951865e+04 1.267394960211399798e-06
3.027554745376210416e-03 1.091006469046775237e+03 3.474260050794225390e+04 1.533817185770370760e-06
3.182780796510085389e-03 1.136268099235340742e+03 3.460907544663662702e+04 1.855971316904852711e-06
3.345965457471714814e-03 1.182371728199289237e+03 3.446097334563610639e+04 2.243823308634012069e-06
3.517516774912597243e-03 1.230117270034690819e+03 3.431031539473656449e+04 2.712222449915046794e-06
3.697863716483424691e-03 1.278788870179898367e+03 3.414694123832556215e+04 3.275833431204246620e-06
3.887457243476651579e-03 1.328859671178925737e+03 3.397761373999661009e+04 3.954997895315540021e-06
4.086771438464619106e-03 1.379974360130135892e+03 3.379790288881881133e+04 4.771801010952366422e-06
4.296304690752923532e-03 1.432133354630720987e+03 3.360832790711145935e+04 5.753590378709827050e-06
4.516580942613284376e-03 1.485498821290904289e+03 3.341121450957074558e+04 6.933810426123969120e-06
4.748150999412126434e-03 1.539417180037717117e+03 3.319977973128480517e+04 8.348340486348653034e-06
4.991593906910903912e-03 1.594763000682387201e+03 3.298420677407686890e+04 1.004810461273186419e-05
5.247518399182111472e-03 1.650006259950311915e+03 3.274927541394835862e+04 1.207863230730214962e-05
5.516564420761540903e-03 1.706713677857487028e+03 3.251173639442432250e+04 1.451566745619632138e-05
5.799404726842954938e-03 1.762984830368446865e+03 3.225410898884430208e+04 1.742083987677468739e-05
6.096746565516493986e-03 1.820266551364902398e+03 3.199110097982070874e+04 2.089775698348256692e-05
6.409333446257287764e-03 1.877199935291893098e+03 3.171158055609365329e+04 2.503913886225907207e-05
6.737946999086424568e-03 1.934303229892791705e+03 3.142142179341170049e+04 2.997626969290300171e-05
7.083408929053131541e-03 1.991233126164626583e+03 3.111899331420461749e+04 3.585248900338317761e-05
7.446583070925409317e-03 2.047244928595652254e+03 3.079997173109185314e+04 4.282636153392169610e-05
7.828377549226901017e-03 2.103375683670553371e+03 3.047367077262343446e+04 5.112135966532344413e-05
8.229747049021221908e-03 2.157208759541986637e+03 3.012405038138238160e+04 6.091466983926067111e-05
8.651695203121895217e-03 2.211552104751302522e+03 2.977260232641635957e+04 7.255562169836360592e-05
9.095277101697147801e-03 2.261985035174805034e+03 2.939097566705345889e+04 8.621995493210543181e-05
9.561601930544914862e-03 2.312416976046885338e+03 2.900702203806884063e+04 1.024067032816816246e-04
1.005183574463506743e-02 2.359026685243310112e+03 2.859811631071267402e+04 1.213778002188420227e-04
1.056720438385422289e-02 2.404003603592435866e+03 2.817990270953294385e+04 1.437095717839717893e-04
1.110899653824396448e-02 2.445452917212236571e+03 2.774294212920665814e+04 1.698455055001008007e-04
1.167856697039719623e-02 2.483245155867333324e+03 2.728874684845697993e+04 2.003819148896256923e-04
1.227733990307029038e-02 2.518076498871776948e+03 2.682311334690866352e+04 2.360760976348114711e-04
1.290681258048182248e-02 2.546795841935655517e+03 2.633132550938177155e+04 2.774095464149263263e-04
1.356855901220299469e-02 2.573470015271266675e+03 2.583664648537891117e+04 3.256795991513994435e-04
1.426423390900143431e-02 2.591125265498953922e+03 2.530589618989776864e+04 3.809816196179407403e-04
1.499557682048000690e-02 2.606941214560804838e+03 2.477673452772355085e+04 4.453393030139141985e-04
1.576441648485692182e-02 2.612677162919606872e+03 2.421153107644109332e+04 5.185488893717449472e-04
1.657267540176381518e-02 2.616597435335802857e+03 2.365095958741759023e+04 6.033718477661827824e-04
1.742237463949622076e-02 2.615887792928908311e+03 2.308292267979604367e+04 7.008279520563365488e-04
1.831563888873704443e-02 2.606777433587913492e+03 2.249231455460450161e+04 8.114101365637182723e-04
1.925470177538994923e-02 2.588089147141527519e+03 2.187624199091751871e+04 9.359655844754416519e-04
2.024191144580758314e-02 2.560147265392915870e+03 2.123814138976147660e+04 1.075696531552103232e-03
2.127973643838054069e-02 2.527444597218483977e+03 2.059803477564186687e+04 1.233816680585562726e-03
2.237077185616915750e-02 2.477806450913059507e+03 1.990763114317745567e+04 1.405337206880482573e-03
2.351774585601286785e-02 2.425521670684169294e+03 1.922602072782089817e+04 1.598315446843707110e-03
2.472352647034336062e-02 2.363774948480574039e+03 1.852639077506481772e+04 1.809704371472779490e-03
2.599112877875953478e-02 2.301111210353500610e+03 1.784257342026926199e+04 2.046837147621290327e-03
2.732372244729698585e-02 2.229940076604682872e+03 1.714494971492065451e+04 2.304533614052830387e-03
2.872463965424410307e-02 2.155164821157026836e+03 1.645245815640012734e+04 2.587703517158055321e-03
3.019738342232343442e-02 2.073531865909444150e+03 1.575240387397733321e+04 2.892603537099621824e-03
3.174563637807315680e-02 1.988885016401773328e+03 1.505903872100955596e+04 3.223532455604101194e-03
3.337326996033158216e-02 1.903022583502435964e+03 1.437855735071462550e+04 3.583525388520292926e-03
3.508435410085083278e-02 1.825206342124911089e+03 1.374517452079106442e+04 3.993214918811181791e-03
3.688316740124613496e-02 1.752056231387404296e+03 1.314526134823299981e+04 4.453515094523173047e-03
3.877420783172848273e-02 1.668977817366137288e+03 1.252337593848346478e+04 4.928895662066680970e-03
4.076220397837305304e-02 1.588168084390687909e+03 1.192464060140023503e+04 5.449287191240551748e-03
4.285212686704739649e-02 1.506209019279034237e+03 1.133549838358103989e+04 6.004441926897358464e-03
4.504920239356542677e-02 1.432067516692338359e+03 1.078898713490894625e+04 6.632772035121728763e-03
4.735892439114896407e-02 1.370260774428091736e+03 1.030152384260280269e+04 7.373589824682892126e-03
4.978706836787243073e-02 1.314297807856888312e+03 9.847991881074905905e+03 8.217007915806203572e-03
5.233970594844135349e-02 1.264138559174405373e+03 9.427554685997001798e+03 9.182454237391973750e-03
5.502322005641668845e-02 1.222152850120911808e+03 9.048267144154073321e+03 1.031415826889034958e-02
5.784432087484844831e-02 1.184883144201887944e+03 8.696436767252642312e+03 1.161790872205924197e-02
6.081006262522850592e-02 1.146103176963383021e+03 8.348652256359546300e+03 1.305630621873360431e-02
6.392786120671870020e-02 1.107943625979425633e+03 8.012430515042831757e+03 1.466420241034003223e-02
6.720551273976151097e-02 1.059914744362606370e+03 7.649654884515805861e+03 1.629880970232029311e-02
7.065121306044198912e-02 1.011813337051360122e+03 7.295541063504933845e+03 1.807713192663906038e-02
7.427357821434696361e-02 9.572865295607630287e+02 6.926745180569145305e+03 1.987079522782730229e-02
7.808166600116696332e-02 8.981289126949415049e+02 6.549053028165993055e+03 2.165988516959288859e-02
8.208499862391337165e-02 8.308636262073373473e+02 6.148582044348821000e+03 2.328045110547458107e-02
8.629358649938589920e-02 7.621173767691741432e+02 5.748068857117586958e+03 2.481005236401863032e-02
9.071795328942874881e-02 6.943136871310910010e+02 5.355374227654199785e+03 2.626066477987822403e-02
9.536916221556676621e-02 6.339100917853413648e+02 4.994899158117552361e+03 2.785619713802890002e-02
1.002588437228218304e-01 5.792067068202478595e+02 4.660479626127123993e+03 2.957140204507623452e-02
1.053992245618834284e-01 5.397661215334987901e+02 4.391547301243658694e+03 3.201755237665110387e-02
1.108031583623540345e-01 5.049719950673944595e+02 4.146191254716074582e+03 3.480118017045489426e-02
1.164841577735182265e-01 4.815752745506513293e+02 3.952289111295870043e+03 3.855982298839357586e-02
1.224564282530043596e-01 4.584465323236848349e+02 3.764106410637691624e+03 4.264849547697491944e-02
1.287349035878279091e-01 4.344656743101962206e+02 3.576812809650817144e+03 4.695854859928055847e-02
1.353352832366376823e-01 4.049042337030743965e+02 3.370509588878396698e+03 5.084587030269911018e-02
1.422740715865399574e-01 3.701482738896161209e+02 3.145634093786898575e+03 5.400366919597384546e-02
1.495686192226629019e-01 3.333077889756467016e+02 2.913694413341101153e+03 5.649853344153119017e-02
1.572371663136570008e-01 2.976680482744170604e+02 2.687746535810987552e+03 5.862300875446996296e-02
1.652988882216175348e-01 2.721456939497655867e+02 2.508556373997903393e+03 6.227038110932961446e-02
1.737739434504778357e-01 2.500905741615158320e+02 2.347322298676254832e+03 6.648467537514880787e-02
1.826835240527691917e-01 2.359085366096682890e+02 2.225342292822443142e+03 7.286384042874508027e-02
1.920499086207905493e-01 2.211219791066699543e+02 2.103012629413439299e+03 7.934955331349823060e-02
2.018965179946938526e-01 2.017960561207813157e+02 1.961025280533622663e+03 8.413358985196638107e-02
2.122479738267836202e-01 1.827090846123701056e+02 1.821410589100871221e+03 8.850362512836140727e-02
2.231301601484726449e-01 1.632511802092411415e+02 1.680571065285095074e+03 9.187586057701070674e-02
2.345702880938428103e-01 1.487372130613320849e+02 1.565811462074426117e+03 9.725432016883750475e-02
2.465969639416541459e-01 1.376431369117635768e+02 1.470306441039407673e+03 1.045653984442000139e-01
2.592402606459418002e-01 1.259080886063099030e+02 1.372645293545042932e+03 1.111299805289475973e-01
2.725317930340656614e-01 1.146990492162925506e+02 1.278828627365574903e+03 1.176201143836751867e-01
2.865047968602461026e-01 1.032467358326408799e+02 1.184326744748108013e+03 1.230105278337182001e-01
3.011942119122611450e-01 9.300719749788430590e+01 1.097217136089708220e+03 1.287439063795562111e-01
3.166367693791155569e-01 8.513104349748518018e+01 1.024658652761849225e+03 1.369122328276882461e-01
3.328710836981453314e-01 7.751116007577923028e+01 9.543733042368953647e+02 1.448313922402717224e-01
3.499377491112247163e-01 6.963428124355166915e+01 8.829754806598326695e+02 1.511700435438045609e-01
3.678794411715154977e-01 6.286037052250653545e+01 8.188917473797737330e+02 1.585490885779437253e-01
3.867410234545784475e-01 5.706157489283849316e+01 7.615717643581776883e+02 1.672148099149059763e-01
4.065696597406806001e-01 5.148896379088406405e+01 7.061500005871714620e+02 1.753029843640398489e-01
4.274149319488126375e-01 4.630896101281735611e+01 6.536922520117601607e+02 1.831826626336870156e-01
4.493289641173122684e-01 4.174433345145104113e+01 6.058156875443286253e+02 1.918496597356375011e-01
4.723665527411103904e-01 3.764624837511490796e+01 5.615695257199993193e+02 2.010154219537366449e-01
4.965853037915104462e-01 3.386137862074476601e+01 5.198714041360747160e+02 2.100663467911206006e-01
5.220457767611225153e-01 3.044709187460022193e+01 4.811909505814407453e+02 2.194531590593717940e-01
5.488116360941387439e-01 2.733949114408557080e+01 4.450826722046917325e+02 2.289447128278628840e-01
5.769498103806052214e-01 2.454103768469383340e+01 4.116165851839004972e+02 2.387686402246592399e-01
6.065306597127584354e-01 2.201696017543010342e+01 3.805625194072501927e+02 2.488776474863634569e-01
6.376281516219051149e-01 1.973869689829876251e+01 3.517284556013238443e+02 2.592335376767278543e-01
6.703200460357783275e-01 1.768630145083062999e+01 3.249882867660633678e+02 2.698695616685464205e-01
7.046880897188601001e-01 1.583334336475440907e+01 3.001486835225736627e+02 2.806943577879428831e-01
7.408182206818726412e-01 1.417006693409959794e+01 2.771641207252566801e+02 2.918617128801086480e-01
7.788007830715680813e-01 1.266802577926191731e+01 2.558034861539136955e+02 3.031505328991475068e-01
8.187307530781540166e-01 1.132289461118208251e+01 2.360650280250580693e+02 3.148118234709138541e-01
8.607079764252394405e-01 1.011066919474596482e+01 2.177427993504900599e+02 3.266011001209725428e-01
9.048374180361511421e-01 9.025661616274479826e+00 2.008141475099515390e+02 3.387356933125898473e-01
9.512294245009160765e-01 8.051294118312123160e+00 1.851350122642515998e+02 3.510684312440595645e-01
1.000000000000213163e+00 7.178760017699975293e+00 1.706402040553259383e+02 3.636802310390581106e-01
1.051271096376248826e+00 6.397340699414709952e+00 1.572379290450581379e+02 3.765424218099209241e-01
1.105170918075884856e+00 5.697416504000092807e+00 1.448429930551949951e+02 3.896158111215426989e-01
1.161834242728533306e+00 5.072335773320539865e+00 1.334023358981897900e+02 4.030053120124755806e-01
1.221402758160433644e+00 4.512536867272395114e+00 1.228204683851821812e+02 4.165505489971869091e-01
1.284025416688019838e+00 4.013874950097809702e+00 1.130689131688457536e+02 4.304819621293983767e-01
1.349858807576296504e+00 3.567157521027298550e+00 1.040455171897158948e+02 4.444854818974795507e-01
1.419067548593566874e+00 3.169651739539647739e+00 9.573460155991179477e+01 4.588714232747009847e-01
1.491824697641596753e+00 2.814554185614910775e+00 8.805801641351003184e+01 4.734054477702148156e-01
1.568312185490513100e+00 2.498487698759775721e+00 8.098482162967079034e+01 4.882531176361472047e-01
1.648721270700491237e+00 2.216798750875902169e+00 7.446103818467123858e+01 5.033131181959832334e-01
1.733253017867778301e+00 1.966013679736410946e+00 6.844790367211142268e+01 5.186121527436293732e-01
1.822118800390913007e+00 1.742993711154285696e+00 6.290942634582013682e+01 5.341904830560076922e-01
1.915540829014322100e+00 1.544447172169833626e+00 5.780365159872475544e+01 5.499428455671149241e-01
2.013752707470925607e+00 1.368257008853001278e+00 5.310721381534100516e+01 5.660520302682748861e-01
2.117000016613148627e+00 1.211354952291239018e+00 4.877601518121966251e+01 5.822429818029551951e-01
2.225540928492967474e+00 1.072309226722338638e+00 4.479520825305674947e+01 5.988210499831707612e-01
2.339646851926517890e+00 9.486494079557380443e-01 4.112683979632104325e+01 6.154983992933997783e-01
2.459603111157505406e+00 8.390920716631389276e-01 3.775532465719405195e+01 6.325210419500529868e-01
2.585709659316432152e+00 7.418329330675489386e-01 3.465192661575949984e+01 6.497041516483375023e-01
2.718281828459663263e+00 6.556555079504214900e-01 3.179897483932187185e+01 6.671591068222039178e-01
2.857651118063815776e+00 5.792941877371095005e-01 2.917600189813155964e+01 6.848525040636425087e-01
3.004166023947120401e+00 5.116231519900635849e-01 2.676407377845916713e+01 7.027360580852622940e-01
3.158192909690492378e+00 4.517591234913782006e-01 2.454887083646246637e+01 7.209300920649672761e-01
3.320116922737311960e+00 3.987054414934435576e-01 2.251153281295705000e+01 7.392350609385457405e-01
3.490342957462647444e+00 3.518447614538110502e-01 2.064217526953714099e+01 7.579239929530048325e-01
3.669296667620093988e+00 3.103195416767774439e-01 1.892280047389180098e+01 7.766545010890705258e-01
3.857425530697870641e+00 2.736663089951353323e-01 1.734572456181681943e+01 7.957639220884724640e-01
4.055199966845619564e+00 2.412352008008715742e-01 1.589655618165109985e+01 8.149815233509564161e-01
4.263114515169814212e+00 2.126055753857868658e-01 1.456702833085672211e+01 8.344991613050293244e-01
4.481689070339116121e+00 1.873120003369036224e-01 1.334649942268051248e+01 8.542028759856490350e-01
4.711470182591849465e+00 1.649815414361851529e-01 1.222652894900216047e+01 8.741278490200269369e-01
4.953032424396282885e+00 1.452807869483107028e-01 1.119929087952258406e+01 8.943179666655953763e-01
5.206979827181080545e+00 1.278860984925037081e-01 1.025649642399086936e+01 9.146423000884267296e-01
5.473947391728498424e+00 1.125595525775715811e-01 9.392462586114273648e+00 9.353076247196003834e-01
5.754602676007100293e+00 9.902671483929217922e-02 8.599345764421682858e+00 9.560237045859366622e-01
6.049647464414390718e+00 8.711353836869106804e-02 7.872868248321601037e+00 9.771159789830476949e-01
6.359819522603354258e+00 7.660196608469176105e-02 7.206278556901717813e+00 9.982620241112392101e-01
6.685894442280875261e+00 6.735041841383969385e-02 6.595719340564611954e+00 1.019739175319989588e+00
7.028687580590986528e+00 5.919760127618461931e-02 6.035941247681601673e+00 1.041350877382134943e+00
7.389056098932435646e+00 5.203168858315559975e-02 5.523671469978799209e+00 1.063420604081684484e+00
7.767901106308653603e+00 4.573321483388631536e-02 5.054877981122988473e+00 1.085958062500845589e+00
8.166169912569634093e+00 4.019717591328545586e-02 4.625870952484452125e+00 1.108973165447526110e+00
8.584858397179985445e+00 3.533127853077105279e-02 4.233273710849402960e+00 1.132476035815386251e+00
9.025013499436326470e+00 3.105440156571653149e-02 3.873996160948649514e+00 1.156477011036213032e+00
9.487735836360851494e+00 2.729524366815325523e-02 3.545210463613902352e+00 1.180986647626770525e+00
9.974182454817173138e+00 2.399113456838727551e-02 3.244328778126509327e+00 1.206015725831846908e+00
1.048556972473016025e+01 2.108699027845782961e-02 2.968982893571407988e+00 1.231575254365977479e+00
1.102317638064432792e+01 1.853439476721066223e-02 2.717005588875554878e+00 1.257676475255237625e+00
1.158834671922626214e+01 1.629079279928124374e-02 2.486413574818919781e+00 1.284330868782169510e+00
1.218249396070650370e+01 1.431878048149733823e-02 2.275391883754726674e+00 1.311550158534956712e+00
1.280710378266622662e+01 1.258548168916398535e-02 2.082279584173382325e+00 1.339346316564240524e+00
1.346373803500505772e+01 1.106199997639137865e-02 1.905556707669347594e+00 1.367731568648451468e+00
1.415403864537935341e+01 9.722936833084521238e-03 1.743832285415758188e+00 1.396718399671526889e+00
1.487973172487657614e+01 8.545968257269257254e-03 1.595833399981952061e+00 1.426319559114058944e+00
1.564263188419211659e+01 7.511472583647721239e-03 1.460395166322297600e+00 1.456548066660923624e+00
1.644464677110120832e+01 6.602203363778755447e-03 1.336451563077713178e+00 1.487417217927917035e+00
1.728778184057202338e+01 5.803001844350086716e-03 1.223027042023713040e+00 1.518940590309765692e+00
1.817414536944768244e+01 5.100544250163441436e-03 1.119228849623722155e+00 1.551132048951752607e+00
1.910595372823652127e+01 4.483119658699366572e-03 1.024240000251551930e+00 1.584005752848120618e+00
2.008553692319280515e+01 3.940434763127907691e-03 9.373128457758879151e-01 1.617576161069906648e+00
2.111534442254602695e+01 3.463442268898081922e-03 8.577631908934760796e-01 1.651858039124567856e+00
2.219795128144734164e+01 3.044190063044792047e-03 7.849649078933976787e-01 1.686866465450226338e+00
2.333606458094873304e+01 2.675688641661191913e-03 7.183450084658445922e-01 1.722616838047615451e+00
2.453253019711569394e+01 2.351794585373024292e-03 6.573791337661775147e-01 1.759124881253314454e+00
2.579033991719975205e+01 2.067108140189356878e-03 6.015874272365372422e-01 1.796406652655191394e+00
2.711263892066493852e+01 1.816883196267477137e-03 5.505307577009319608e-01 1.834478550155370202e+00
2.850273364377471097e+01 1.596948163813265631e-03 5.038072630058143542e-01 1.873357319182572533e+00
2.996410004740484823e+01 1.403636427011864876e-03 4.610491870016565352e-01 1.913060060057928391e+00
3.150039230875619012e+01 1.233725216559315371e-03 4.219199849693893722e-01 1.953604235515286947e+00
3.311545195870102276e+01 1.084381881720332093e-03 3.861116747092976920e-01 1.995007678382925809e+00
3.481331748761120082e+01 9.531166661914935176e-04 3.533424124425837975e-01 2.037288599426722246e+00
3.659823444368765877e+01 8.377412004807711183e-04 3.233542744459743101e-01 2.080465595359697772e+00
3.847466604904231957e+01 7.363320188149147108e-04 2.959112269588344279e-01 2.124557657021738155e+00
4.044730436007814234e+01 6.471984923516876107e-04 2.707972683840703110e-01 2.169584177732727159e+00
4.252108200007410943e+01 5.688546440999027931e-04 2.478147291602346425e-01 2.215564961822214407e+00
4.470118449331276622e+01 4.999943756639134125e-04 2.267827159233312684e-01 2.262520233339705644e+00
4.699306323159186860e+01 4.394696928089820076e-04 2.075356877125247856e-01 2.310470644950708863e+00
4.940244910554343960e+01 3.862715668374890987e-04 1.899221530130758562e-01 2.359437287020157203e+00
5.193536683484541783e+01 3.395131127095150068e-04 1.738034773811255873e-01 2.409441696888198869e+00
5.459815003315897997e+01 2.984148034644733315e-04 1.590527922653354742e-01 2.460505868344733393e+00
5.739745704546173499e+01 2.622914744471790808e-04 1.455539964365855088e-01 2.512652261300634127e+00
6.034028759737834946e+01 2.305409006824481373e-04 1.332008421664087061e-01 2.565903811668804657e+00
6.343400029814058882e+01 2.026337569663574846e-04 1.218960989612608153e-01 2.620283941451102994e+00
6.668633104094334385e+01 1.781047932958921935e-04 1.115507882706148618e-01 2.675816569039796811e+00
7.010541234670704114e+01 1.565450785193834183e-04 1.020834831453538427e-01 2.732526119739353998e+00
7.369979369961600923e+01 1.375951828984554003e-04 9.341966733401284306e-02 2.790437536507663019e+00
7.747846292528217305e+01 1.209391859260153354e-04 8.549114877252876610e-02 2.849576290927924305e+00
8.145086866499057976e+01 1.062994095021702171e-04 7.823552285104369564e-02 2.909968394412450809e+00
8.562694400222423496e+01 9.343178866294574809e-05 7.159568123317207322e-02 2.971640409641565395e+00
9.001713130054676526e+01 8.212180268583366236e-05 6.551936236179636830e-02 3.034619462249581900e+00
9.463240831495036787e+01 7.218089873779747086e-05 5.995874011332887055e-02 3.098933252753563128e+00
9.948431564196151555e+01 6.344334844338038644e-05 5.487004736288223633e-02 3.164610068737311099e+00
1.045849855771433994e+02 5.576348496753269311e-05 5.021323149743191216e-02 3.231678797294172512e+00
1.099471724521542768e+02 4.901327455154288391e-05 4.595163916553229866e-02 3.300168937732351093e+00
1.155842845272200918e+02 4.308018201630234718e-05 4.205172778229090275e-02 3.370110614548442740e+00
1.215104175187690743e+02 3.786529464800508207e-05 3.848280151891317336e-02 3.441534590679553141e+00
1.277403898460648861e+02 3.328167318878994538e-05 3.521676969876327140e-02 3.514472281032292145e+00
1.342897796849734675e+02 2.925290244120584316e-05 3.222792569834876525e-02 3.588955766301777039e+00
1.411749639215168770e+02 2.571181732301978869e-05 2.949274461293660901e-02 3.665017807079129053e+00
1.484131591026187778e+02 2.259938313407105421e-05 2.698969809429953987e-02 3.742691858264360238e+00
1.560224644864394463e+02 1.986371136758044491e-05 2.469908490313346347e-02 3.822012083777233560e+00
1.640219072999485945e+02 1.745919465827282461e-05 2.260287584250938661e-02 3.903013371588848202e+00
1.724314903169036768e+02 1.534574644559949023e-05 2.068457185177253674e-02 3.985731349061116369e+00
1.812722418752032070e+02 1.348813267632546397e-05 1.892907414402678415e-02 4.070202398619520601e+00
1.905662684586848457e+02 1.185538440499707191e-05 1.732256536503554850e-02 4.156463673758202582e+00
2.003368099748494728e+02 1.042028149952464195e-05 1.585240083813707970e-02 4.244553115376051622e+00
2.106082978667353416e+02 9.158898844607953800e-06 1.450700903921368391e-02 4.334509468467094173e+00
2.214064162042512862e+02 8.050207477562536113e-06 1.327580051833859853e-02 4.426372299165016955e+00
2.327581659077297047e+02 7.075724006924903988e-06 1.214908455121858737e-02 4.520182012138970862e+00
2.446919322642916654e+02 6.219202469218596393e-06 1.111799286444370254e-02 4.615979868372398265e+00
2.572375559058498879e+02 5.466363486660179789e-06 1.017440983414916525e-02 4.713808003306271033e+00
2.704264074262317763e+02 4.804656210532185825e-06 9.310908608719007176e-03 4.813709445372111873e+00
2.842914658240042627e+02 4.223049081485383450e-06 8.520692652751531496e-03 4.915728134920207104e+00
2.988674009671481713e+02 3.711845918453585399e-06 7.797542252178399878e-03 5.019908943544654889e+00
3.141906602857868620e+02 3.262524270140107136e-06 7.135765559490008653e-03 5.126297693817794432e+00
3.302995599097462787e+02 2.867593334177989192e-06 6.530153793751930849e-03 5.234941179448101778e+00
3.472343804788374655e+02 2.520469075274916398e-06 5.975940242787406396e-03 5.345887185859447222e+00
3.650374678654371792e+02 2.215364460400023418e-06 5.468762744843352203e-03 5.459184511210201762e+00
3.837533390612260860e+02 1.947192981079370820e-06 5.004629354431923936e-03 5.574882987853897909e+00
4.034287934928555046e+02 1.711483854390513027e-06 4.579886922112316218e-03 5.693033504261713063e+00
4.241130300448911044e+02 1.504307488935026537e-06 4.191192340899406628e-03 5.813688027400783831e+00
4.458577700826506316e+02 1.322209973211434340e-06 3.835486232989807932e-03 5.936899625592234386e+00
4.687173867825576963e+02 1.162155494218439194e-06 3.509968869693404995e-03 6.062722491856103346e+00
4.927490410934046849e+02 1.021475726326706662e-06 3.212078135036194187e-03 6.191211967745499756e+00
5.180128246684984106e+02 8.978253466641487323e-07 2.939469359589238270e-03 6.322424567680795526e+00
5.445719101260938260e+02 7.891429353994018593e-07 2.689996865803856180e-03 6.456418003820079576e+00
5.724927090138447738e+02 6.936166090707125546e-07 2.461697079586691941e-03 6.593251211433983627e+00
6.018450378722650385e+02 6.096538140268513956e-07 2.252773075196022601e-03 6.732984374825237595e+00
6.327022928124463306e+02 5.358547763951212668e-07 2.061580431813527566e-03 6.875678953811064531e+00
6.651416330445650829e+02 4.709891659479577164e-07 1.886614290463709291e-03 7.021397710745892695e+00
6.992441738160994191e+02 4.139755848267036540e-07 1.726497509413607665e-03 7.170204738128669320e+00
7.350951892421985576e+02 3.638635391700461029e-07 1.579969824822224271e-03 7.322165486793011269e+00
7.727843255353874383e+02 3.198175930901586814e-07 1.445877931325115912e-03 7.477346794699981203e+00
8.124058251677936369e+02 2.811034408209960351e-07 1.323166404477668342e-03 7.635816916330113280e+00
8.540587625264155349e+02 2.470756648434296232e-07 1.210869393610233867e-03 7.797645552700727123e+00
8.978472916506958654e+02 2.171669758987527165e-07 1.108103019711187149e-03 7.962903882035884173e+00
9.438809066718714575e+02 1.908787555055494534e-07 1.014058418498962454e-03 8.131664591063010761e+00
9.922747156053346771e+02 1.677727433121204414e-07 9.279953739286804807e-04 8.304001906979207703e+00
1.043149728180628472e+03 1.474637307013593238e-07 8.492364920236699201e-04 8.479991630116588297e+00
1.096633158428801380e+03 1.296131388393085179e-07 7.771618691712750548e-04 8.659711167264758203e+00
1.152858742783748994e+03 1.139233741061258702e-07 7.112042129213184917e-04 8.843239565722356588e+00
1.211967074492957408e+03 1.001328668061561871e-07 6.508443768817468713e-04 9.030657548069051188e+00
1.274105955173854682e+03 8.801171044565669835e-08 5.956072745669698052e-04 9.222047547667484579e+00
1.339430764394840480e+03 7.735782887914858031e-08 5.450581400375660275e-04 9.417493744917234011e+00
1.408104848205140797e+03 6.799360742557812241e-08 4.987991058994469462e-04 9.617082104286833300e+00
1.480299927585014302e+03 5.976293179022138045e-08 4.564660717276036099e-04 9.820900412121030598e+00
1.556196527837648091e+03 5.252858542726255968e-08 4.177258382664814323e-04 1.002903831524895928e+01
1.635984429996447261e+03 4.616996195358523184e-08 3.822734848507306133e-04 1.024158736042098994e+01
1.719863145376471039e+03 4.058105447646714540e-08 3.498299694037566095e-04 1.045864103456970540e+01
1.808042414456641382e+03 3.566868831466084813e-08 3.201399321243204843e-04 1.068029480593147262e+01
1.900742731340188357e+03 3.135096764984411391e-08 2.929696855739371045e-04 1.090664616603196357e+01
1.998195895104759757e+03 2.755591021207987092e-08 2.681053753455401125e-04 1.113779467257235645e+01
2.100645589420852957e+03 2.422024723757318432e-08 2.453512968359334266e-04 1.137384199322032607e+01
2.208347991887921125e+03 2.128836869238824613e-08 2.245283548734796849e-04 1.161489195031544952e+01
2.321572414611807289e+03 1.871139617766221437e-08 2.054726540773417953e-04 1.186105056654979251e+01
2.440601977625289692e+03 1.644636806025146393e-08 1.880342088524734922e-04 1.211242611158322546e+01
2.565734316835632853e+03 1.445552324396636422e-08 1.720757628675345457e-04 1.236912914968199217e+01
2.697282328269386653e+03 1.270567164077304194e-08 1.574717087233591173e-04 1.263127258833821998e+01
2.835574950475434889e+03 1.116764084693292180e-08 1.441070993091621657e-04 1.289897172793038926e+01
2.980957987042702825e+03 9.815789799406890835e-09 1.318767430649119379e-04 1.317234431244868453e+01
3.133794971289250043e+03 8.627581304481457868e-09 1.206843760285517735e-04 1.345151058126843679e+01
3.294468075284922634e+03 7.583206312130079640e-09 1.104419041515801659e-04 1.373659332203247629e+01
3.463379065480592999e+03 6.665253672252892496e-09 1.010687099193677193e-04 1.402771792468820955e+01
3.640950307333554974e+03 5.858419867122362478e-09 9.249101781823983669e-05 1.432501243659580759e+01
3.827625821441170956e+03 5.149253880969455361e-09 8.464131365561884375e-05 1.462860761888226691e+01
4.023872393823642142e+03 4.525932953266270314e-09 7.745781316222071888e-05 1.493863700393921157e+01
4.230180743132199495e+03 3.978065477247300729e-09 7.088397569401251434e-05 1.525523695416233494e+01
4.447066747701334862e+03 3.496517757700977827e-09 6.486805920618067837e-05 1.557854672191085932e+01
4.675072735513344924e+03 3.073261739869806828e-09 5.936271299653517674e-05 1.590870851079093917e+01
4.914768840300775992e+03 2.701241170861373479e-09 5.432460501259522265e-05 1.624586753817090923e+01
5.166754427177720572e+03 2.374253962327318982e-09 4.971408078917150073e-05 1.659017209905573864e+01
5.431659591364801599e+03 2.086848793226943934e-09 4.549485133190113564e-05 1.694177363133151104e+01
5.710146733755425885e+03 1.834234228896005678e-09 4.163370749002397598e-05 1.730082678235840277e+01
6.002912217263044113e+03 1.612198841321902735e-09 3.810025857035022139e-05 1.766748947699836592e+01
6.310688108091153481e+03 1.417040998914799428e-09 3.486669313500477009e-05 1.804192298705605779e+01
6.634244006280128815e+03 1.245507155283320957e-09 3.190756010030805718e-05 1.842429200225219432e+01
6.974388970108182548e+03 1.094737608192217233e-09 2.919956841369514004e-05 1.881476470262440159e+01
7.331973539158482708e+03 9.622188244414599917e-10 2.672140373208085868e-05 1.921351283250222508e+01
7.707891861111141225e+03 8.457415358538948557e-10 2.445356065872432262e-05 1.962071177606781447e+01
8.103083927578147268e+03 7.433639077720897818e-10 2.237818921810856671e-05 2.003654063448423273e+01
8.518537924572025076e+03 6.533791660356654625e-10 2.047895436048458032e-05 2.046118230465197030e+01
8.955292703485578386e+03 5.742871427387663332e-10 1.874090739028549872e-05 2.089482355969945360e+01
9.414440378761499232e+03 5.047692663911071060e-10 1.715036830635071924e-05 2.133765513108737721e+01
9.897129058747319505e+03 4.436665795406374941e-10 1.569481812796214839e-05 2.178987179252696649e+01
1.040456571656430970e+04 3.899604173775677199e-10 1.436280035913673068e-05 2.225167244562453917e+01
1.093801920816896018e+04 3.427554252086564675e-10 1.314383081565704083e-05 2.272326020740014840e+01
1.149882344515380282e+04 3.012646316771990607e-10 1.202831510504819506e-05 2.320484249958603584e+01
1.208838073022117533e+04 2.647963288818150706e-10 1.100747311004412040e-05 2.369663113988868375e+01
1.270816526367042752e+04 2.327425406657622177e-10 1.007326988112346107e-05 2.419884243514945865e+01
1.335972682966652428e+04 2.045688868282741591e-10 9.218352394190302480e-06 2.471169727647944825e+01
1.404469467150771925e+04 1.798056742805201272e-10 8.435991675625219342e-06 2.523542123640961066e+01
1.476478156558243427e+04 1.580400666236434949e-10 7.720029839178303951e-06 2.577024466809960757e+01
1.552178810420236550e+04 1.389092016053093294e-10 7.064831617842143366e-06 2.631640280669051535e+01
1.631760719802116000e+04 1.220941417125988767e-10 6.465240009197056420e-06 2.687413587271714377e+01
1.715422880929701932e+04 1.073145570506961317e-10 5.916535685148309305e-06 2.744368917783158679e+01
1.803374492783486858e+04 9.432405186234039898e-11 5.414399846538849182e-06 2.802531323264020457e+01
1.895835480205053682e+04 8.290605677593612652e-11 4.954880230299002051e-06 2.861926385691756636e+01
1.993037043823734348e+04 7.287021829987918265e-11 4.534360001562790935e-06 2.922580229213297542e+01
2.095222238178608313e+04 6.404922537108175274e-11 4.149529285903066792e-06 2.984519531630092715e+01
2.202646579481454319e+04 5.629602005242662187e-11 3.797359117633089879e-06 3.047771536139216408e+01
2.315578684540369068e+04 4.948134587706622834e-11 3.475077599105608212e-06 3.112364063314131002e+01
2.434300942441707230e+04 4.349159296741006472e-11 3.180148083368883576e-06 3.178325523335596969e+01
2.559110220669883711e+04 3.822690400423322896e-11 2.910249208465930685e-06 3.245684928494474519e+01
2.690318607430719567e+04 3.359950946942490060e-11 2.663256626214831673e-06 3.314471905948914809e+01
2.828254192034512744e+04 2.953226440888881393e-11 2.437226281668465355e-06 3.384716710756908498e+01
2.973261885290210193e+04 2.595736232131527398e-11 2.230379111643168206e-06 3.456450239180599482e+01
3.125704281962085952e+04 2.281520473171309277e-11 2.041087041884399522e-06 3.529704042279272613e+01
3.285962567445517197e+04 2.005340760385258452e-11 1.867860172650266651e-06 3.604510339787747597e+01
3.454437470929026313e+04 1.762592802716295358e-11 1.709335051851398210e-06 3.680902034280498469e+01
3.631550267425979837e+04 1.549229661890690340e-11 1.564263943452526044e-06 3.758912725651413922e+01
3.817743831181556016e+04 1.361694284455937620e-11 1.431505006660550095e-06 3.838576725888346175e+01
4.013483743089039490e+04 1.196860200867501392e-11 1.310013308605451684e-06 3.919929074166386584e+01
4.219259454884566367e+04 1.051979402992270798e-11 1.198832599773055048e-06 4.003005552255023503e+01
4.435585513031406299e+04 9.246365310822082333e-12 1.097087787458351026e-06 4.087842700266092777e+01
4.663002845354139572e+04 8.127086064420090984e-12 1.003978047992664729e-06 4.174477832712816650e+01
4.902080113639969204e+04 7.143296384924968174e-12 9.187705235388258271e-07 4.262949054932180815e+01
5.153415135589398415e+04 6.278595161711644732e-12 8.407945538366746862e-07 4.353295279840421728e+01
5.417636379671867326e+04 5.518566650525861158e-12 7.694363975005548542e-07 4.445556245049297672e+01
5.695404536624281900e+04 4.850540143440930842e-12 7.041344013196769272e-07 4.539772530344261980e+01
5.987414171521994285e+04 4.263378730940944068e-12 6.443745795395159742e-07 4.635985575532841807e+01
6.294395460553275188e+04 3.747293634507552520e-12 5.896865683291885812e-07 4.734237698671365280e+01
6.617116016840114025e+04 3.293681014382142790e-12 5.396399235928120674e-07 4.834572114678100974e+01
6.956382809870861820e+04 2.894978531867040800e-12 4.938407329852717835e-07 4.937032954340801183e+01
7.313044183344273188e+04 2.544539274864551160e-12 4.519285154658985718e-07 5.041665283727022739e+01
7.687991976470644295e+04 2.236520944821657504e-12 4.135733839867869844e-07 5.148515124006895149e+01
8.082163754034375597e+04 1.965788457672727192e-12 3.784734489832164040e-07 5.257629471689182310e+01
8.496545150794286747e+04 1.727828335016653722e-12 3.463524422303254558e-07 5.369056319305127545e+01
8.932172336083906703e+04 1.518673458292714855e-12 3.169575423617549385e-07 5.482844676500655368e+01
9.390134604774527543e+04 1.334836931529156938e-12 2.900573849373814299e-07 5.599044591605679244e+01
9.871577101079767453e+04 1.173253950047467497e-12 2.654402413957638103e-07 5.717707173641259288e+01
1.037770368201258680e+05 1.031230706004715344e-12 2.429123525589675815e-07 5.838884614800544881e+01
1.090977992765488161e+05 9.063994789567586379e-13 2.222964035726417329e-07 5.962630213404801793e+01
1.146913630576689611e+05 7.966791627416047099e-13 2.034301282778143165e-07 6.088998397347223346e+01
1.205717149864963576e+05 7.002405706113622426e-13 1.861650320294089939e-07 6.218044748026942159e+01
1.267535590057915979e+05 6.154759402050062111e-13 1.703652229092682846e-07 6.349826024804031022e+01
1.332523529455816897e+05 5.409721299645706021e-13 1.559063421337881821e-07 6.484400189958878968e+01
1.400843471757866791e+05 4.754870601455623062e-13 1.426745852378740646e-07 6.621826434187448740e+01
1.472666252406089625e+05 4.179290056600079747e-13 1.305658063309011140e-07 6.762165202635560490e+01
1.548171465762921434e+05 3.673383955359226350e-13 1.194846983743885666e-07 6.905478221485044799e+01
1.627547914190663723e+05 3.228718155655136824e-13 1.093440430294450226e-07 7.051828525104637890e+01
1.710994080155731353e+05 2.837879474440961434e-13 1.000640241695295511e-07 7.201280483768400131e+01
1.798718622538203781e+05 2.494352099872020124e-13 9.157159965544594865e-08 7.353899831977803103e+01
1.890940898387710622e+05 2.192408963866099739e-13 8.379992642761103639e-08 7.509753697367942493e+01
1.987891511430313694e+05 1.927016264098010218e-13 7.668783439075134488e-08 7.668910630234148584e+01
2.089812888697938761e+05 1.693749543675107254e-13 7.017934494993675632e-08 7.831440633681229713e+01
2.196959886722229712e+05 1.488719929431623715e-13 6.422323040847104358e-08 7.997415194424041829e+01
2.309600428808625729e+05 1.308509299123691296e-13 5.877261075948344416e-08 8.166907314203396595e+01
2.428016174984180834e+05 1.150113296694608507e-13 5.378458469803988618e-08 8.339991541930729113e+01
2.552503226294341730e+05 1.010891245572036156e-13 4.921989194896965835e-08 8.516744006450203130e+01
2.683372865209793090e+05 8.885221250037649232e-14 4.504260425304607157e-08 8.697242450034028138e+01
2.820952333994774381e+05 7.809658754878872661e-14 4.121984257909355990e-08 8.881566262574757786e+01
2.965585652983192704e+05 6.864293882090756487e-14 3.772151833628385624e-08 9.069796516503697603e+01
3.117634480808650260e+05 6.033366114784906553e-14 3.452009654972465233e-08 9.262016002451593977e+01
3.277479018739408348e+05 5.303022758101829550e-14 3.159037913529465892e-08 9.458309265654661147e+01
3.445518961379595567e+05 4.661087995974930850e-14 2.890930656796266237e-08 9.658762643153406202e+01
3.622174496113909991e+05 4.096859903727461902e-14 2.645577638245884464e-08 9.863464301758503439e+01
3.807887353794944938e+05 3.600932032449030228e-14 2.421047707779703103e-08 1.007250427683163991e+02
4.003121913300411543e+05 3.165036590711107929e-14 2.215573611829838684e-08 1.028597451188425964e+02
4.208366362722213962e+05 2.781906609254097556e-14 2.027538083476913103e-08 1.050396889902945929e+02
4.424133920090965694e+05 2.445154790729554804e-14 1.855461113094788380e-08 1.072658332025818595e+02
4.650964116688389913e+05 2.149167024779959159e-14 1.697988299338280617e-08 1.095391568962529902e+02
4.889424146156553179e+05 1.889008793191128102e-14 1.553880188780014717e-08 1.118606599631860661e+02
5.140110282777408138e+05 1.660342904767375279e-14 1.422002520290617405e-08 1.142313634863078562e+02
5.403649372469085502e+05 1.459357188461649750e-14 1.301317297378136833e-08 1.166523101886985643e+02
5.680700400227193022e+05 1.282700939306293495e-14 1.190874618217859831e-08 1.191245648923516285e+02
5.971956137930564582e+05 1.127429057605320221e-14 1.089805199064587874e-08 1.216492149862585990e+02
6.278144876631795196e+05 9.909529501243334727e-15 9.973135322050601409e-09 1.242273709049505328e+02
6.600032247664229944e+05 8.709973747227250083e-15 9.126716245923312459e-09 1.268601666168015782e+02
6.938423137119094608e+05 7.655625089751675476e-15 8.352132678818871007e-09 1.295487601226686536e+02
7.294163698479967425e+05 6.728906104168175195e-15 7.643287947707287933e-09 1.322943339655483328e+02
7.668143468447235646e+05 5.914367125854097754e-15 6.994602803629757742e-09 1.350980957502625301e+02
8.061297591243179049e+05 5.198428683338530927e-15 6.400971507979360283e-09 1.379612786750831219e+02
8.474609156959623797e+05 4.569155110039295894e-15 5.857721645708337196e-09 1.408851420736508828e+02
8.909111659795242595e+05 4.016055560502628282e-15 5.360577349208008575e-09 1.438709719693060833e+02
9.365891582329371013e+05 3.529909113748610584e-15 4.905625643360557890e-09 1.469200816406238914e+02
9.846091112294379855e+05 3.102611047977893070e-15 4.489285646878269764e-09 1.500338121984983957e+02
1.035091099863994634e+06 2.727037723877670876e-15 4.108280387551027245e-09 1.532135331772866493e+02
1.088161355403086869e+06 2.396927823835724605e-15 3.759611009483783213e-09 1.564606431353440428e+02
1.143952581128624268e+06 2.106777967308904224e-15 3.440533169418625377e-09 1.597765702722397521e+02
1.202604284165272489e+06 1.851750961958202036e-15 3.148535436246374240e-09 1.631627730549606099e+02
1.264263124320930336e+06 1.627595161105780789e-15 2.881319523793105009e-09 1.666207408611162464e+02
1.329083280812643003e+06 1.430573582990673493e-15 2.636782201215691988e-09 1.701519946327193225e+02
1.397226837794951163e+06 1.257401610213318231e-15 2.412998738679816033e-09 1.737580875457248055e+02
1.468864189654704416e+06 1.105192230701281085e-15 2.208207757996547998e-09 1.774406056933546267e+02
1.544174467085782439e+06 9.714079072912038260e-16 2.020797368979503515e-09 1.812011687831487166e+02
1.623345985009134281e+06 8.538182735410098938e-16 1.849292482415867022e-09 1.850414308500273535e+02
1.706576713458170416e+06 7.504629504870674064e-16 1.692343199776676493e-09 1.889630809831420493e+02
1.794074772606963990e+06 6.596188644663619899e-16 1.548714188298041740e-09 1.929678440693717221e+02
1.886058953179090517e+06 5.797715211362542192e-16 1.417274957794177702e-09 1.970574815518445178e+02
1.982759263538399944e+06 5.095897567940601178e-16 1.296990962675006170e-09 2.012337922039610021e+02
2.084417504829733167e+06 4.479035460742385297e-16 1.186915459142742183e-09 2.054986129221803992e+02
2.191287875607731752e+06 3.936844960303438981e-16 1.086182053455362443e-09 2.098538195319602266e+02
2.303637607465630397e+06 3.460287014315763165e-16 9.939978826298383092e-10 2.143013276144578469e+02
2.421747633253435604e+06 3.041416754326595810e-16 9.096373738913509850e-10 2.188430933484441141e+02
2.545913289556382690e+06 2.673251043978802116e-16 8.324365337582165538e-10 2.234811143700046330e+02
2.676445055190230254e+06 2.349652060664659147e-16 7.617877218165341096e-10 2.282174306529589956e+02
2.813669327560023405e+06 2.065224969653827968e-16 6.971348680361797876e-10 2.330541254037974852e+02
2.957929238823618274e+06 1.815227984896170357e-16 6.379690960012596571e-10 2.379933259804143972e+02
3.109585513900805730e+06 1.595493316981360501e-16 5.838247175885975893e-10 2.430372048252941681e+02
