# [1] k:    [h/Mpc] 
# [2] P:    [Mpc^3/h^3] 
# [3] T:    [Mpc^3/h^3] 
# [4] Delta_k 
3.059023205018257859e-07 1.315880546360605141e+00 3.949809060980226059e+04 1.908248983781440432e-21
3.215862678579245412e-07 1.379690536031926706e+00 3.947840899972231273e+04 2.324579646258813213e-21
3.380743483904743061e-07 1.446594814766168025e+00 3.945873719685390097e+04 2.831742910767913101e-21
3.554077908890640533e-07 1.516743431557422639e+00 3.943907519630118622e+04 3.449556106021046192e-21
3.736299379885273404e-07 1.590293711611601157e+00 3.941942299317973811e+04 4.202160190227253502e-21
3.927863545481053003e-07 1.667410609184836412e+00 3.939978058259861427e+04 5.118963055420761466e-21
4.129249415873286729e-07 1.748267077536200809e+00 3.938014795969618717e+04 6.235788636452980754e-21
4.340960560635169786e-07 1.833044456812703338e+00 3.936052511958635296e+04 7.596276725876839378e-21
4.563526367904018199e-07 1.921932880750409911e+00 3.934091205738548888e+04 9.253588192318042283e-21
4.797503368127355169e-07 2.015131703097955196e+00 3.932130876823921426e+04 1.127248223348033365e-20
5.043476625678916271e-07 2.112849944710335937e+00 3.930171524726874486e+04 1.373184683208803427e-20
5.302061201824328858e-07 2.215306762330977453e+00 3.928213148959774117e+04 1.672778129201991036e-20
5.573903692694645323e-07 2.322731940106794291e+00 3.926255749037909118e+04 2.037735130426239444e-20
5.859683846113473662e-07 2.435366404928719142e+00 3.924299324474127934e+04 2.482316327123521735e-20
6.160116261320592563e-07 2.553462766772276904e+00 3.922343874782418425e+04 3.023893663066536502e-20
6.475952175842278093e-07 2.677285885234271134e+00 3.920389399476116523e+04 3.683629191661379790e-20
6.807981343976415384e-07 2.807113463549146815e+00 3.918435898071476549e+04 4.487301980025834055e-20
7.157034011589609116e-07 2.943236671398409054e+00 3.916483370082319016e+04 5.466315422172594747e-20
7.523982992164306405e-07 3.085960797933639643e+00 3.914531815023598028e+04 6.658924321939596678e-20
7.909745849287134463e-07 3.235605936459919008e+00 3.912581232410509256e+04 8.111729693727630681e-20
8.315287191035797356e-07 3.392507702322353325e+00 3.910631621758489928e+04 9.881499690168781651e-20
8.741621082001717898e-07 3.557017985604459476e+00 3.908682982583219564e+04 1.203738780920029542e-19
9.189813578979717484e-07 3.729505740324945862e+00 3.906735314399730123e+04 1.466363505664817245e-19
9.660985396665287929e-07 3.910357811912889225e+00 3.904788616725958855e+04 1.786286165095681208e-19
1.015631471002508262e-06 4.099979804792011961e+00 3.902842889077420841e+04 2.176007689284118444e-19
1.067704010034801725e-06 4.298796992051127752e+00 3.900898130969872727e+04 2.650756388502768508e-19
1.122446365234364056e-06 4.507255269227766981e+00 3.898954341921972082e+04 3.229082997175886760e-19
1.179995421003214005e-06 4.725822154325118873e+00 3.897011521449957218e+04 3.933585541046227537e-19
1.240495079956737545e-06 4.954987836339332929e+00 3.895069669070308737e+04 4.791792351653265596e-19
1.304096622755184042e-06 5.195266274633683956e+00 3.893128784302403801e+04 5.837237731778487806e-19
1.370959086384113674e-06 5.447196351603244224e+00 3.891188866663203225e+04 7.110772303299408639e-19
1.441249661829700436e-06 5.711343081257553855e+00 3.889249915670794144e+04 8.662159239138000941e-19
1.515144112143284134e-06 5.988298876398627790e+00 3.887311930843502341e+04 1.055201875179844327e-18
1.592827211940548929e-06 6.278684877246943685e+00 3.885374911699013319e+04 1.285419681909884175e-18
1.674493209434307728e-06 6.583152344509549891e+00 3.883438857757898950e+04 1.565865070473313276e-18
1.760346312156213177e-06 6.902384119972602150e+00 3.881503768538324221e+04 1.907496402486447015e-18
1.850601197581954108e-06 7.237096157950079878e+00 3.879569643559573888e+04 2.323662871155905104e-18
1.945483549936765273e-06 7.588039130977790592e+00 3.877636482340292423e+04 2.830626119004915136e-18
2.045230624523543909e-06 7.956000113391547224e+00 3.875704284402009944e+04 3.448195659127878719e-18
2.150091840984688092e-06 8.341804346511059620e+00 3.873773049263847497e+04 4.200502928945023540e-18
2.260329406981118614e-06 8.746317089456054461e+00 3.871842776446048811e+04 5.116944222515005681e-18
2.376218973848010330e-06 9.170445559693391147e+00 3.869913465468658251e+04 6.233329346326573851e-18
2.498050325866710336e-06 9.615140967699520758e+00 3.867985115853275784e+04 7.593280882137012743e-18
2.626128104876382668e-06 1.008140065026499244e+01 3.866057727119983610e+04 9.249938732820735267e-18
2.760772572037287162e-06 1.057027030728011852e+01 3.864131298790859728e+04 1.126803655613988293e-17
2.902320408650496801e-06 1.108284634695135118e+01 3.862205830386463640e+04 1.372643122272403889e-17
3.051125558036519890e-06 1.162027834477756549e+01 3.860281321428909723e+04 1.672118413651275421e-17
3.207560110577962700e-06 1.218377162174695982e+01 3.858357771440991928e+04 2.036931481974861609e-17
3.372015234139298021e-06 1.277458994754058530e+01 3.856435179943106778e+04 2.481337343327499907e-17
3.544902152190277809e-06 1.339405837487651318e+01 3.854513546458961355e+04 3.022701090280956649e-17
3.726653172078803499e-06 1.404356621122682824e+01 3.852592870510308421e+04 3.682176430283773716e-17
3.917722766024474580e-06 1.472457013469820986e+01 3.850673151620452700e+04 4.485532263620917457e-17
4.118588707535861475e-06 1.543859746097606589e+01 3.848754389312936837e+04 5.464159599337374959e-17
4.329753266093139866e-06 1.618724956868749842e+01 3.846836583110228094e+04 6.656298154217730022e-17
4.551744463083409039e-06 1.697220549090397057e+01 3.844919732536780066e+04 8.108530564009396288e-17
4.785117392129195949e-06 1.779522568074927946e+01 3.843003837115535134e+04 9.877602592936444088e-17
5.030455607111644826e-06 1.865815595967516316e+01 3.841088896371860028e+04 1.203264046596701768e-16
5.288372581359179674e-06 1.956293165711318238e+01 3.839174909828298405e+04 1.465785196568828072e-16
5.559513241650373021e-06 2.051158195097132264e+01 3.837261877010251919e+04 1.785581683884904345e-16
5.844555580866815540e-06 2.150623441852755136e+01 3.835349797442923591e+04 2.175149508460932860e-16
6.144212353328471540e-06 2.254911980802394211e+01 3.833438670650441782e+04 2.649710974780435792e-16
6.459232857050738118e-06 2.364257704169226670e+01 3.831528496158919006e+04 3.227809501169094007e-16
6.790404807379771878e-06 2.478905846131170421e+01 3.829619273492958746e+04 3.932034201088051047e-16
7.138556306691162195e-06 2.599113532821316142e+01 3.827711002178708441e+04 4.789902549368635891e-16
7.504557915077204533e-06 2.725150358994530464e+01 3.825803681742987101e+04 5.834935623426218459e-16
7.889324827200587103e-06 2.857298992654352077e+01 3.823897311710238864e+04 7.107967934337265515e-16
8.293819160757753291e-06 2.995855809012184068e+01 3.821991891608189326e+04 8.658743029269474184e-16
8.719052362274285227e-06 3.141131555172788481e+01 3.820087420962625765e+04 1.054785721313134815e-15
9.166087736248057605e-06 3.293452047064835142e+01 3.818183899300875055e+04 1.284912734013717885e-15
9.636043103964330830e-06 3.453158900159886713e+01 3.816281326150500536e+04 1.565247519634215055e-15
1.013009359863121538e-05 3.620610295625181152e+01 3.814379701037996711e+04 1.906744117997301805e-15
1.064947460382478790e-05 3.796181783636725982e+01 3.812479023491832049e+04 2.322746457613145110e-15
1.119548484259151579e-05 3.980267125634865266e+01 3.810579293038973265e+04 2.829509767687066278e-15
1.176948962493235138e-05 4.173279177437024856e+01 3.808680509208790318e+04 3.446835748774453497e-15
1.237292426178888029e-05 4.375650815155658080e+01 3.806782671527856292e+04 4.198846321260671369e-15
1.300729765406831334e-05 4.587835906040512413e+01 3.804885779526009719e+04 5.114926185802982666e-15
1.367419606568169201e-05 4.810310326373916467e+01 3.802989832731161732e+04 6.230871026104189936e-15
1.437528709002991615e-05 5.043573028746249065e+01 3.801094830672754324e+04 7.590286219907554589e-15
1.511232381985586521e-05 5.288147161074687830e+01 3.799200772880464501e+04 9.246290712608987527e-15
1.588714923088939049e-05 5.544581239884899304e+01 3.797307658882907708e+04 1.126359263209713859e-14
1.670170079024660794e-05 5.813450380498832715e+01 3.795415488210228796e+04 1.372101774918521265e-14
1.755801530110687162e-05 6.095357586867818611e+01 3.793524260393239092e+04 1.671458958281659570e-14
1.845823399578163895e-05 6.390935103944616458e+01 3.791633974960396154e+04 2.036128150468008212e-14
1.940460788991057802e-05 6.700845835663152172e+01 3.789744631443408434e+04 2.480358745626234238e-14
2.039950341117315543e-05 7.025784831643801454e+01 3.787856229372066446e+04 3.021508987825299820e-14
2.144540831659045798e-05 7.366480846021561035e+01 3.785968768277684285e+04 3.680724241849151895e-14
2.254493791321357228e-05 7.723697971849024668e+01 3.784082247691810335e+04 4.483763245162424881e-14
2.370084159775344190e-05 8.098237354753935335e+01 3.782196667144936509e+04 5.462004626721208157e-14
2.491600973150475266e-05 8.490938989713913543e+01 3.780312026169506862e+04 6.653673022213743273e-14
2.619348086775470484e-05 8.902683604933454831e+01 3.778428324296481151e+04 8.105332695974042035e-14
2.753644934974891994e-05 9.334394637104692549e+01 3.776545561058770545e+04 9.873707032658284983e-14
2.894827329821342076e-05 9.787040302421294768e+01 3.774663735987801192e+04 1.202789499500338968e-13
3.043248300840562692e-05 1.026163576805352164e+02 3.772782848616949195e+04 1.465207115547878459e-13
3.199278977769132648e-05 1.075924542889074189e+02 3.770902898478537099e+04 1.784877480510077020e-13
3.363309518572123809e-05 1.128098529470981077e+02 3.769023885105120280e+04 2.174291666089833519e-13
3.535750085041236633e-05 1.182802549310312941e+02 3.767145808030557964e+04 2.648665973351404362e-13
3.717031868412924126e-05 1.240159289376258727e+02 3.765268666788299015e+04 3.226536507407322415e-13
3.907608167571078754e-05 1.300297386003289546e+02 3.763392460911811213e+04 3.930483472953594965e-13
4.107955522530357004e-05 1.363351713389163251e+02 3.761517189934581256e+04 4.788013492390846237e-13
4.318574906034433776e-05 1.429463686083789753e+02 3.759642853391396056e+04 5.832634422984139933e-13
4.539992976248807967e-05 1.498781576144157555e+02 3.757769450816421886e+04 7.105164671370226117e-13
4.772763393680535859e-05 1.571460845670963806e+02 3.755896981744267396e+04 8.655328166694675483e-13
5.017468205617894183e-05 1.647664495469736892e+02 3.754025445709776977e+04 1.054369731570640253e-12
5.274719301551768723e-05 1.727563430619501048e+02 3.752154842248022760e+04 1.284405986049268067e-12
5.545159943218107865e-05 1.811336843768650624e+02 3.750285170894311159e+04 1.564630212346594438e-12
5.829466373087315435e-05 1.899172617017730147e+02 3.748416431184180692e+04 1.905992130196935929e-12
6.128349505322671351e-05 1.991267743290409271e+02 3.746548622653398343e+04 2.321830405488757199e-12
6.442556703436033705e-05 2.087828768137654833e+02 3.744681744837966107e+04 2.828393856639425800e-12
6.772873649085907528e-05 2.189072252965961525e+02 3.742815797274113720e+04 3.445476374744783988e-12
7.120126306690828879e-05 2.295225260728892636e+02 3.740950779498516931e+04 4.197190366914041351e-12
7.485182988770643921e-05 2.406525865169472240e+02 3.739086691047444037e+04 5.112908944969578320e-12
7.868956527180084881e-05 2.523223684759315972e+02 3.737223531457819627e+04 6.228413675400570506e-12
8.272406555663884206e-05 2.645580442528413982e+02 3.735361300267223123e+04 7.587292738723359373e-12
8.696541909440986997e-05 2.773870553041053313e+02 3.733499997013040411e+04 9.242644131113884812e-12
9.142423147818073699e-05 2.908381737836646721e+02 3.731639621232462378e+04 1.125915046066595197e-11
9.611165206140254191e-05 3.049415670716229556e+02 3.729780172463548661e+04 1.371560641063395032e-11
1.010394018371016720e-04 3.197288654317633245e+02 3.727921650244375633e+04 1.670799762989368748e-11
1.062198027464676133e-04 3.352332329500772516e+02 3.726064054113251041e+04 2.035325135781809504e-11
1.116658084901241013e-04 3.514894419132302232e+02 3.724207383608711098e+04 2.479380533866882467e-11
1.173910369191279803e-04 3.685339507938099359e+02 3.722351638269522664e+04 3.020317355515138486e-11
1.234098040866900780e-04 3.864049860172544868e+02 3.720496817634683975e+04 3.679272626134014692e-11
1.297371600457651012e-04 4.051426276938350384e+02 3.718642921243421006e+04 4.481994924374508139e-11
1.363889264820232711e-04 4.247888995079801475e+02 3.716789948635188921e+04 5.459850503991226640e-11
1.433817362763056455e-04 4.453878629665533140e+02 3.714937899349779764e+04 6.651048925517273643e-11
1.507330750954898936e-04 4.669857162172934864e+02 3.713086772926792764e+04 8.102136089125853838e-11
1.584613251157653230e-04 4.896308976595975651e+02 3.711236568906792672e+04 9.869813008722928341e-11
1.665858109876483387e-04 5.133741945789554393e+02 3.709387286829837103e+04 1.202315139557978102e-10
1.751268481576742783e-04 5.382688570499899470e+02 3.707538926236634870e+04 1.464629262512612550e-10
1.841057936675958640e-04 5.643707173624643474e+02 3.705691486668015568e+04 1.784173554860902258e-10
1.935450995581117185e-04 5.917383152387669725e+02 3.703844967665251170e+04 2.173434162037935507e-10
2.034683690106629794e-04 6.204330291230362491e+02 3.701999368768999557e+04 2.647621384053496279e-10
2.139004153676812446e-04 6.505192138378423579e+02 3.700154689521512773e+04 3.225264015692873141e-10
2.248673241788693637e-04 6.820643449145956083e+02 3.698310929464118090e+04 3.928933356398885099e-10
2.363965184286629729e-04 7.151391699242594768e+02 3.696468088138893654e+04 4.786125180424223019e-10
2.485168271079757005e-04 7.498178671456712436e+02 3.694626165088094422e+04 5.830334130097608615e-10
2.612585573016925852e-04 7.861782119281721180e+02 3.692785159853994264e+04 7.102362513962938647e-10
2.746535699721688829e-04 8.243017511218102982e+02 3.690945071979408385e+04 8.651914650885208357e-10
2.887353596282311993e-04 8.642739859656384169e+02 3.689105901007223292e+04 1.053953905887527563e-09
3.035391380788964293e-04 9.061845638449109401e+02 3.687267646480449184e+04 1.283899437937584860e-09
3.191019224812350285e-04 9.501274793470834084e+02 3.685430307942480431e+04 1.564013148514626636e-09
3.354626279025451924e-04 9.962012850672905415e+02 3.683593884936885297e+04 1.905240438967737558e-09
3.526621646282911485e-04 1.044509312636374034e+03 3.681758377007513627e+04 2.320914714640039137e-09
3.707435404591257876e-04 1.095159904466878515e+03 3.679923783698285115e+04 2.827278385688146775e-09
3.897519682527942697e-04 1.148266656737263929e+03 3.678090104553503625e+04 3.444117536830365173e-09
4.097349789798286580e-04 1.203948674158619042e+03 3.676257339117660740e+04 4.195535065647722547e-09
4.307425405757319271e-04 1.262330837095757033e+03 3.674425486935448862e+04 5.110892499702347213e-09
4.528271828868440083e-04 1.323544081641600314e+03 3.672594547551812866e+04 6.225957293835964477e-09
4.760441290223192071e-04 1.387725693272904891e+03 3.670764520511873707e+04 7.584300438118398463e-09
5.004514334406633081e-04 1.455019614746208163e+03 3.668935405361055018e+04 9.238998987769010232e-09
5.261101271161193775e-04 1.525565979237912188e+03 3.667094233760749194e+04 1.125463044188614503e-08
5.530843701478924991e-04 1.599513254130445148e+03 3.665231624439396546e+04 1.370983598674347514e-08
5.814416121938181326e-04 1.677003049131437137e+03 3.663324247356006526e+04 1.670022954796768361e-08
6.112527611296385451e-04 1.758210986918698836e+03 3.661380465476948302e+04 2.034247309615204649e-08
6.425923603556274889e-04 1.843255425908189181e+03 3.659342475409579492e+04 2.477778350375588709e-08
6.755387751939181127e-04 1.932376753011384153e+03 3.657270889737054677e+04 3.017956039661611835e-08
7.101743888426273075e-04 2.025628642210041335e+03 3.655039482477144338e+04 3.675573458628058732e-08
7.465858083767621441e-04 2.123338045197953761e+03 3.652772794706854620e+04 4.476396950303011302e-08
7.848640813110194670e-04 2.225515989272940715e+03 3.650306899026646715e+04 5.451102406813848540e-08
8.251049232659968648e-04 2.332514036879894320e+03 3.647766946206062858e+04 6.637767866922775858e-08
8.674089573071004124e-04 2.444395520760632280e+03 3.645034315307596989e+04 8.081899505863286370e-08
9.118819655546198935e-04 2.561435829820178242e+03 3.642156076921855129e+04 9.839422722805931017e-08
9.586351536941296880e-04 2.683827164082495983e+03 3.639108594511019328e+04 1.197801507992370149e-07
1.007785429048626679e-03 2.811695756700171842e+03 3.635823874208804773e+04 1.457950600240036652e-07
1.059455692907732439e-03 2.945442343341429478e+03 3.632410046465195046e+04 1.774472126153333467e-07
1.113775147844932919e-03 3.084949902633126840e+03 3.628645935186158022e+04 2.159289853024210958e-07
1.170879620791311689e-03 3.230925466420092107e+03 3.624807408212410519e+04 2.627446852044327618e-07
1.230911902673626282e-03 3.382903496795478986e+03 3.620488750615747995e+04 3.196250298930678952e-07
1.294022105466001958e-03 3.541823166579393273e+03 3.616069475350902212e+04 3.887963859110895523e-07
1.360368037548055848e-03 3.707289064716379471e+03 3.611207841702645237e+04 4.728201401863801235e-07
1.430115598308045934e-03 3.879983896799752529e+03 3.606119814407494414e+04 5.749282020422086210e-07
1.503439192977754080e-03 4.059841146511801526e+03 3.600647794387404429e+04 6.989351832042656285e-07
1.580522168736409397e-03 4.247119483930828210e+03 3.594796349486945837e+04 8.495061225543883077e-07
1.661557273174137529e-03 4.442268053741857329e+03 3.588643885771970963e+04 1.032335750336577151e-06
1.746747136261333697e-03 4.644891209268796047e+03 3.581926644293437130e+04 1.254110850258789699e-06
1.836304777029133936e-03 4.856199302264427388e+03 3.575016875908360089e+04 1.523354757402096483e-06
1.930454136227949345e-03 5.074848906132107913e+03 3.567322181506497145e+04 1.849574545029361690e-06
2.029430636295988157e-03 5.302844351026193181e+03 3.559476638063146675e+04 2.245441657614570628e-06
2.133481770037976965e-03 5.538385559534415734e+03 3.550783809392117837e+04 2.724709801906593992e-06
2.242867719486086112e-03 5.783407558048089413e+03 3.541811696544626466e+04 3.305712182833917383e-06
2.357862006490532136e-03 6.036667607151274751e+03 3.532101142891036579e+04 4.008876484814128780e-06
2.478752176666675511e-03 6.299076090240302619e+03 3.521874351542313525e+04 4.860113808321003005e-06
2.605840518408833982e-03 6.570554961388609627e+03 3.511053019153985952e+04 5.890006979434382582e-06
2.739444818768723561e-03 6.850491239164492981e+03 3.499436763032706222e+04 7.134764528969850116e-06
2.879899158088616417e-03 7.140504307269144192e+03 3.487407249040951865e+04 8.640343075286899133e-06
3.027554745376210416e-03 7.437831525185456485e+03 3.474260050794225390e+04 1.045665093824937570e-05
3.182780796510085389e-03 7.746398329736057349e+03 3.460907544663662702e+04 1.265290569979474395e-05
3.345965457471714814e-03 8.060705379842840557e+03 3.446097334563610639e+04 1.529704929842030551e-05
3.517516774912597243e-03 8.386206012814051064e+03 3.431031539473656449e+04 1.849031533141988826e-05
3.697863716483424691e-03 8.718019959121389547e+03 3.414694123832556215e+04 2.233267891358650480e-05
3.887457243476651579e-03 9.059372822489138343e+03 3.397761373999661009e+04 2.696281723565000922e-05
4.086771438464619106e-03 9.407842291431452395e+03 3.379790288881881133e+04 3.253129380816868928e-05
4.296304690752923532e-03 9.763431212876970676e+03 3.360832790711145935e+04 3.922454826428434390e-05
4.516580942613284376e-03 1.012724514207222273e+04 3.341121450957074558e+04 4.727058476760815579e-05
4.748150999412126434e-03 1.049482835981766220e+04 3.319977973128480517e+04 5.691400721628894494e-05
4.991593906910903912e-03 1.087214316156934365e+04 3.298420677407686890e+04 6.850198543940463794e-05
5.247518399182111472e-03 1.124875876101300491e+04 3.274927541394835862e+04 8.234491243197547094e-05
5.516564420761540903e-03 1.163535612096300429e+04 3.251173639442432250e+04 9.895916484265753518e-05
5.799404726842954938e-03 1.201897928359210891e+04 3.225410898884430208e+04 1.187648980155840169e-04
6.096746565516493986e-03 1.240949189954072062e+04 3.199110097982070874e+04 1.424684455200486742e-04
6.409333446257287764e-03 1.279762976106746464e+04 3.171158055609365329e+04 1.707019176118397205e-04
6.737946999086424568e-03 1.318692597224905512e+04 3.142142179341170049e+04 2.043603315424303657e-04
7.083408929053131541e-03 1.357504005702267750e+04 3.111899331420461749e+04 2.444208907383622681e-04
7.446583070925409317e-03 1.395689512546048172e+04 3.079997173109185314e+04 2.919645950443359333e-04
7.828377549226901017e-03 1.433956114209128282e+04 3.047367077262343446e+04 3.485149458933089551e-04
8.229747049021221908e-03 1.470656295204762682e+04 3.012405038138238160e+04 4.152798947861159216e-04
8.651695203121895217e-03 1.507704347406968009e+04 2.977260232641635957e+04 4.946409629165835669e-04
9.095277101697147801e-03 1.542086511991120278e+04 2.939097566705345889e+04 5.877962386917694963e-04
9.561601930544914862e-03 1.576468001958121022e+04 2.900702203806884063e+04 6.981478365790958016e-04
1.005183574463506743e-02 1.608243722293105566e+04 2.859811631071267402e+04 8.274814627947541532e-04
1.056720438385422289e-02 1.638906303193758140e+04 2.817990270953294385e+04 9.797261646116790963e-04
1.110899653824396448e-02 1.667163973545430053e+04 2.774294212920665814e+04 1.157905375504742623e-03
1.167856697039719623e-02 1.692928468262111710e+04 2.728874684845697993e+04 1.366084405480448094e-03
1.227733990307029038e-02 1.716674400886081639e+04 2.682311334690866352e+04 1.609426058550418375e-03
1.290681258048182248e-02 1.736253536416759380e+04 2.633132550938177155e+04 1.891212864681808548e-03
1.356855901220299469e-02 1.754438397182728659e+04 2.583664648537891117e+04 2.220289300204127906e-03
1.426423390900143431e-02 1.766474693983357065e+04 2.530589618989776864e+04 2.597305498459921182e-03
1.499557682048000690e-02 1.777257064928943146e+04 2.477673452772355085e+04 3.036057806563745472e-03
1.576441648485692182e-02 1.781167492478214263e+04 2.421153107644109332e+04 3.535157110561286831e-03
1.657267540176381518e-02 1.783840100440838796e+04 2.365095958741759023e+04 4.113429459905711648e-03
1.742237463949622076e-02 1.783356308564680876e+04 2.308292267979604367e+04 4.777827064664542066e-03
1.831563888873704443e-02 1.777145408828089785e+04 2.249231455460450161e+04 5.531710457098959824e-03
1.925470177538994923e-02 1.764404849534790992e+04 2.187624199091751871e+04 6.380855226992796468e-03
2.024191144580758314e-02 1.745355740767873431e+04 2.123814138976147660e+04 7.333457500853608410e-03
2.127973643838054069e-02 1.723061011707468424e+04 2.059803477564186687e+04 8.411426387945208569e-03
2.237077185616915750e-02 1.689220683541052858e+04 1.990763114317745567e+04 9.580751056393218418e-03
2.351774585601286785e-02 1.653576038187702579e+04 1.922602072782089817e+04 1.089636162112923683e-02
2.472352647034336062e-02 1.611480805023408539e+04 1.852639077506481772e+04 1.233748525539593403e-02
2.599112877875953478e-02 1.568760405085291495e+04 1.784257342026926199e+04 1.395411511794216776e-02
2.732372244729698585e-02 1.520240170118888818e+04 1.714494971492065451e+04 1.571093595845290264e-02
2.872463965424410307e-02 1.469262859896494228e+04 1.645245815640012734e+04 1.764141950007657236e-02
3.019738342232343442e-02 1.413610378883708108e+04 1.575240387397733321e+04 1.972004602035050055e-02
3.174563637807315680e-02 1.355903204486670620e+04 1.505903872100955596e+04 2.197612204966927635e-02
3.337326996033158216e-02 1.297367317819949858e+04 1.437855735071462550e+04 2.443033919801253576e-02
3.508435410085083278e-02 1.244316844728357137e+04 1.374517452079106442e+04 2.722335811255514534e-02
3.688316740124613496e-02 1.194447461259934425e+04 1.314526134823299981e+04 3.036141022781925145e-02
3.877420783172848273e-02 1.137809552649761281e+04 1.252337593848346478e+04 3.360227146196474723e-02
4.076220397837305304e-02 1.082718295492344078e+04 1.192464060140023503e+04 3.714999059190781522e-02
4.285212686704739649e-02 1.026843492220572625e+04 1.133549838358103989e+04 4.093470453391759994e-02
4.504920239356542677e-02 9.762982369073062728e+03 1.078898713490894625e+04 4.521828453070498438e-02
4.735892439114896407e-02 9.341620856447314509e+03 1.030152384260280269e+04 5.026873846103817323e-02
4.978706836787243073e-02 8.960098721780346750e+03 9.847991881074905905e+03 5.601866006558161443e-02
5.233970594844135349e-02 8.618142874849256259e+03 9.427554685997001798e+03 6.260049737846111462e-02
5.502322005641668845e-02 8.331909347124912529e+03 9.048267144154073321e+03 7.031578061597709706e-02
5.784432087484844831e-02 8.077826716559848137e+03 8.696436767252642312e+03 7.920397376301392678e-02
6.081006262522850592e-02 7.813448024906238061e+03 8.348652256359546300e+03 8.901011016095836115e-02
6.392786120671870020e-02 7.553298961314176267e+03 8.012430515042831757e+03 9.997178758676213139e-02
6.720551273976151097e-02 7.225866686672308788e+03 7.649654884515805861e+03 1.111155653667521420e-01
7.065121306044198912e-02 6.897939975093814610e+03 7.295541063504933845e+03 1.232391058564180769e-01
7.427357821434696361e-02 6.526208716638834630e+03 6.926745180569145305e+03 1.354672326601045196e-01
7.808166600116696332e-02 6.122907361273007155e+03 6.549053028165993055e+03 1.476641810263985555e-01
8.208499862391337165e-02 5.664332749130461707e+03 6.148582044348821000e+03 1.587122332135444125e-01
8.629358649938589920e-02 5.195661814707696976e+03 5.748068857117586958e+03 1.691401424739747694e-01
9.071795328942874881e-02 4.733416690941704474e+03 5.355374227654199785e+03 1.790295529070153324e-01
9.536916221556676621e-02 4.321620997292247012e+03 4.994899158117552361e+03 1.899069410890260046e-01
1.002588437228218304e-01 3.948685938911502944e+03 4.660479626127123993e+03 2.016001853471794114e-01
1.053992245618834284e-01 3.679803547339752640e+03 4.391547301243658694e+03 2.182765796378812739e-01
1.108031583623540345e-01 3.442597941265765712e+03 4.146191254716074582e+03 2.372536940240367875e-01
1.164841577735182265e-01 3.283093052539093605e+03 3.952289111295870043e+03 2.628778794311149025e-01
1.224564282530043596e-01 3.125415079993319523e+03 3.764106410637691624e+03 2.907520103318226856e-01
1.287349035878279091e-01 2.961927890142317210e+03 3.576812809650817144e+03 3.201353823812275179e-01
1.353352832366376823e-01 2.760395615938980882e+03 3.370509588878396698e+03 3.466368236966818062e-01
1.422740715865399574e-01 2.523450207343484180e+03 3.145634093786898575e+03 3.681648135161331714e-01
1.495686192226629019e-01 2.272293749641038630e+03 2.913694413341101153e+03 3.851733102236525874e-01
1.572371663136570008e-01 2.029323249962290902e+03 2.687746535810987552e+03 3.996567160561222964e-01
1.652988882216175348e-01 1.855327057475271204e+03 2.508556373997903393e+03 4.245223257978936182e-01
1.737739434504778357e-01 1.704968402502206800e+03 2.347322298676254832e+03 4.532528710659753379e-01
1.826835240527691917e-01 1.608283727399722693e+03 2.225342292822443142e+03 4.967422144256483096e-01
1.920499086207905493e-01 1.507477795753085275e+03 2.103012629413439299e+03 5.409579373623473186e-01
2.018965179946938526e-01 1.375725177124399806e+03 1.961025280533622663e+03 5.735726457009209245e-01
2.122479738267836202e-01 1.245601587179406579e+03 1.821410589100871221e+03 6.033649403087999463e-01
2.231301601484726449e-01 1.112949197950142661e+03 1.680571065285095074e+03 6.263548306916005837e-01
2.345702880938428103e-01 1.014001624795472708e+03 1.565811462074426117e+03 6.630219609460870078e-01
2.465969639416541459e-01 9.383688291437990756e+02 1.470306441039407673e+03 7.128645329402759634e-01
2.592402606459418002e-01 8.583662675529975559e+02 1.372645293545042932e+03 7.576179390518485990e-01
2.725317930340656614e-01 7.819497210819589554e+02 1.278828627365574903e+03 8.018638015255538098e-01
2.865047968602461026e-01 7.038746775896406689e+02 1.184326744748108013e+03 8.386124260571234945e-01
3.011942119122611450e-01 6.340676111877894527e+02 1.097217136089708220e+03 8.776991820974560099e-01
3.166367693791155569e-01 5.803726898620089969e+02 1.024658652761849225e+03 9.333859609458019513e-01
3.328710836981453314e-01 5.284248685244136823e+02 9.543733042368953647e+02 9.873740675271913680e-01
3.499377491112247163e-01 4.747250057274532082e+02 8.829754806598326695e+02 1.030587212297786825e+00
3.678794411715154977e-01 4.285445217988825561e+02 8.188917473797737330e+02 1.080893141123888235e+00
3.867410234545784475e-01 3.890117910900204947e+02 7.615717643581776883e+02 1.139970861721497863e+00
4.065696597406806001e-01 3.510210516144525741e+02 7.061500005871714620e+02 1.195111212036311432e+00
4.274149319488126375e-01 3.157068815739072534e+02 6.536922520117601607e+02 1.248830159728259170e+00
4.493289641173122684e-01 2.845879728049023356e+02 6.058156875443286253e+02 1.307916577730804164e+00
4.723665527411103904e-01 2.566496724937260296e+02 5.615695257199993193e+02 1.370403278875386155e+00
4.965853037915104462e-01 2.308466874735077283e+02 5.198714041360747160e+02 1.432107087237215470e+00
5.220457767611225153e-01 2.075701164200981736e+02 4.811909505814407453e+02 1.496100775808830274e+00
5.488116360941387439e-01 1.863843477405540057e+02 4.450826722046917325e+02 1.560808529470416595e+00
5.769498103806052214e-01 1.673061608071493538e+02 4.116165851839004972e+02 1.627782208331244762e+00
6.065306597127584354e-01 1.500985054879136271e+02 3.805625194072501927e+02 1.696699391714333149e+00
6.376281516219051149e-01 1.345666650212616275e+02 3.517284556013238443e+02 1.767299675685654714e+00
6.703200460357783275e-01 1.205746567294472698e+02 3.249882867660633678e+02 1.839809744868008190e+00
7.046880897188601001e-01 1.079422934406149892e+02 3.001486835225736627e+02 1.913606749849012134e+00
7.408182206818726412e-01 9.660306656890715260e+01 2.771641207252566801e+02 1.989739117634165666e+00
7.788007830715680813e-01 8.636304566111297731e+01 2.558034861539136955e+02 2.066699560859687868e+00
8.187307530781540166e-01 7.719274347565016114e+01 2.360650280250580693e+02 2.146199286204866219e+00
8.607079764252394405e-01 6.892851345153555087e+01 2.177427993504900599e+02 2.226571544312145878e+00
9.048374180361511421e-01 6.153157878507909118e+01 2.008141475099515390e+02 2.309297964683208360e+00
9.512294245009160765e-01 5.488892221147286676e+01 1.851350122642515998e+02 2.393375217734402760e+00
1.000000000000213163e+00 4.894050501647444662e+01 1.706402040553259383e+02 2.479354948163065675e+00
1.051271096376248826e+00 4.361325407449869118e+01 1.572379290450581379e+02 2.567041694953905218e+00
1.105170918075884856e+00 3.884158828369602645e+01 1.448429930551949951e+02 2.656168267455313980e+00
1.161834242728533306e+00 3.458016060536481007e+01 1.334023358981897900e+02 2.747449900203184914e+00
1.221402758160433644e+00 3.076378547900365490e+01 1.228204683851821812e+02 2.839793248771059542e+00
1.284025416688019838e+00 2.736420588603285253e+01 1.130689131688457536e+02 2.934769316030934494e+00
1.349858807576296504e+00 2.431875283780899721e+01 1.040455171897158948e+02 3.030236963336081946e+00
1.419067548593566874e+00 2.160879545728537110e+01 9.573460155991179477e+01 3.128311733129568672e+00
1.491824697641596753e+00 1.918795208373025574e+01 8.805801641351003184e+01 3.227396045319761431e+00
1.568312185490513100e+00 1.703319925074320551e+01 8.098482162967079034e+01 3.328618604614818288e+00
1.648721270700491237e+00 1.511281197870662574e+01 7.446103818467123858e+01 3.431288707965467033e+00
1.733253017867778301e+00 1.340310890994580006e+01 6.844790367211142268e+01 3.535588402506054440e+00
1.822118800390913007e+00 1.188269175374387565e+01 6.290942634582013682e+01 3.641792169023035708e+00
1.915540829014322100e+00 1.052911984672734036e+01 5.780365159872475544e+01 3.749182383293378606e+00
2.013752707470925607e+00 9.327960377626771660e+00 5.310721381534100516e+01 3.859005198477974741e+00
2.117000016613148627e+00 8.258295718643458017e+00 4.877601518121966251e+01 3.969385451174928914e+00
2.225540928492967474e+00 7.310364876416424629e+00 4.479520825305674947e+01 4.082404834318654530e+00
2.339646851926517890e+00 6.467325971959196451e+00 4.112683979632104325e+01 4.196101057004235635e+00
2.459603111157505406e+00 5.720429383523383926e+00 3.775532465719405195e+01 4.312151283823004277e+00
2.585709659316432152e+00 5.057374573416986152e+00 3.465192661575949984e+01 4.429295479243115174e+00
2.718281828459663263e+00 4.469868277642677690e+00 3.179897483932187185e+01 4.548292955010892591e+00
2.857651118063815776e+00 3.949282331636702725e+00 2.917600189813155964e+01 4.668915986609396107e+00
3.004166023947120401e+00 3.487941562996631273e+00 2.676407377845916713e+01 4.790835393742313819e+00
3.158192909690492378e+00 3.079824314360012139e+00 2.454887083646246637e+01 4.914871468086381867e+00
3.320116922737311960e+00 2.718135947070885905e+00 2.251153281295705000e+01 5.039663830385017640e+00
3.490342957462647444e+00 2.398667774169095157e+00 2.064217526953714099e+01 5.167073824416164030e+00
3.669296667620093988e+00 2.115573587736152117e+00 1.892280047389180098e+01 5.294767259652063629e+00
3.857425530697870641e+00 1.865693704092870275e+00 1.734572456181681943e+01 5.425043896839719437e+00
4.055199966845619564e+00 1.644597747499002116e+00 1.589655618165109985e+01 5.556058042551828002e+00
4.263114515169814212e+00 1.449418033621944879e+00 1.456702833085672211e+01 5.689117659511564895e+00
4.481689070339116121e+00 1.276981521813175702e+00 1.334649942268051248e+01 5.823445836633024619e+00
4.711470182591849465e+00 1.124745768959448888e+00 1.222652894900216047e+01 5.959282421271288932e+00
4.953032424396282885e+00 9.904377726669271187e-01 1.119929087952258406e+01 6.096926603759608376e+00
5.206979827181080545e+00 8.718511594450822910e-01 1.025649642399086936e+01 6.235485789382764210e+00
5.473947391728498424e+00 7.673639088077103265e-01 9.392462586114273648e+00 6.376369649727083200e+00
5.754602676007100293e+00 6.751050909081818263e-01 8.599345764421682858e+00 6.517599528998760938e+00
6.049647464414390718e+00 5.938881577074535123e-01 7.872868248321601037e+00 6.661394078251767326e+00
6.359819522603354258e+00 5.222265260569047829e-01 7.206278556901717813e+00 6.805555204285120396e+00
6.685894442280875261e+00 4.591549908503895217e-01 6.595719340564611954e+00 6.951973614133037493e+00
7.028687580590986528e+00 4.035739452324800802e-01 6.035941247681601673e+00 7.099309311465046513e+00
7.389056098932435646e+00 3.547210256145921226e-01 5.523671469978799209e+00 7.249767547649069499e+00
7.767901106308653603e+00 3.117817874505885434e-01 5.054877981122988473e+00 7.403414499783140812e+00
8.166169912569634093e+00 2.740403752990411834e-01 4.625870952484452125e+00 7.560317747480447714e+00
8.584858397179985445e+00 2.408675885404033823e-01 4.233273710849402960e+00 7.720546302593554344e+00
9.025013499436326470e+00 2.117103917477800024e-01 3.873996160948649514e+00 7.884170639568046646e+00
9.487735836360851494e+00 1.860826948349697807e-01 3.545210463613902352e+00 8.051262726440238993e+00
9.974182454817173138e+00 1.635572492742634887e-01 3.244328778126509327e+00 8.221896056490701099e+00
1.048556972473016025e+01 1.437585252830141935e-01 2.968982893571407988e+00 8.396145680570503700e+00
1.102317638064432792e+01 1.263564512318959276e-01 2.717005588875554878e+00 8.574088240109668746e+00
1.158834671922626214e+01 1.110609109024113528e-01 2.486413574818919781e+00 8.755802000828731835e+00
1.218249396070650370e+01 9.761690685532045664e-02 2.275391883754726674e+00 8.941366887161004584e+00
1.280710378266622662e+01 8.580030927689659415e-02 2.082279584173382325e+00 9.130864517408676662e+00
1.346373803500505772e+01 7.541411943037441834e-02 1.905556707669347594e+00 9.324378239638702937e+00
1.415403864537935341e+01 6.628518541937482300e-02 1.743832285415758188e+00 9.521993168344877745e+00
1.487973172487657614e+01 5.826131551051906554e-02 1.595833399981952061e+00 9.723796221883203472e+00
1.564263188419211659e+01 5.120874089045019534e-02 1.460395166322297600e+00 9.929876160701365251e+00
1.644464677110120832e+01 4.500988555796891361e-02 1.336451563077713178e+00 1.014032362637951579e+01
1.728778184057202338e+01 3.956140617234592954e-02 1.223027042023713040e+00 1.035523118149853339e+01
1.817414536944768244e+01 3.477246917941288762e-02 1.119228849623722155e+00 1.057469335035099611e+01
1.910595372823652127e+01 3.056323649280141830e-02 1.024240000251551930e+00 1.079880666051647076e+01
2.008553692319280515e+01 2.686353448457224138e-02 9.373128457758879151e-01 1.102766968531915914e+01
2.111534442254602695e+01 2.361168409549143157e-02 8.577631908934760796e-01 1.126138308718404701e+01
2.219795128144734164e+01 2.075347256130716592e-02 7.849649078933976787e-01 1.150004966191079347e+01
2.333606458094873304e+01 1.824124961231098074e-02 7.183450084658445922e-01 1.174377438388637529e+01
2.453253019711569394e+01 1.603313307860687251e-02 6.573791337661775147e-01 1.199266445226097311e+01
2.579033991719975205e+01 1.409231065742535399e-02 6.015874272365372422e-01 1.224682933809333107e+01
2.711263892066493852e+01 1.238642620202335017e-02 5.505307577009319608e-01 1.250638083250185772e+01
2.850273364377471097e+01 1.088704030075562414e-02 5.038072630058143542e-01 1.277143309583406605e+01
2.996410004740484823e+01 9.569156153445248364e-03 4.610491870016565352e-01 1.304210270788228776e+01
3.150039230875619012e+01 8.410802840755394333e-03 4.219199849693893722e-01 1.331850871915266055e+01
3.311545195870102276e+01 7.392669039117877490e-03 3.861116747092976920e-01 1.360077270323444232e+01
3.481331748761120082e+01 6.497781074728731232e-03 3.533424124425837975e-01 1.388901881027007512e+01
3.659823444368765877e+01 5.711219949343347875e-03 3.233542744459743101e-01 1.418337382155949200e+01
3.847466604904231957e+01 5.019872620306357371e-03 2.959112269588344279e-01 1.448396720532455717e+01
4.044730436007814234e+01 4.412213388314471622e-03 2.707972683840703110e-01 1.479093117365575694e+01
4.252108200007410943e+01 3.878111748348405004e-03 2.478147291602346425e-01 1.510440074066239546e+01
4.470118449331276622e+01 3.408663500389413643e-03 2.267827159233312684e-01 1.542451378185414690e+01
4.699306323159186860e+01 2.996042304308347594e-03 2.075356877125247856e-01 1.575141109478900603e+01
4.940244910554343960e+01 2.633369204141245562e-03 1.899221530130758562e-01 1.608523646099863669e+01
5.193536683484541783e+01 2.314597946546554947e-03 1.738034773811255873e-01 1.642613670922518665e+01
5.459815003315897997e+01 2.034414181548653729e-03 1.590527922653354742e-01 1.677426178001301338e+01
5.739745704546173499e+01 1.788146865100726304e-03 1.455539964365855088e-01 1.712976479164133536e+01
6.034028759737834946e+01 1.571690386436238197e-03 1.332008421664087061e-01 1.749280210748734987e+01
6.343400029814058882e+01 1.381436121958067552e-03 1.218960989612608153e-01 1.786353340479289287e+01
6.668633104094334385e+01 1.214212274580042834e-03 1.115507882706148618e-01 1.824212174489361615e+01
7.010541234670704114e+01 1.067230995560836202e-03 1.020834831453538427e-01 1.862873364495026962e+01
7.369979369961600923e+01 9.380419072766405615e-04 9.341966733401284306e-02 1.902353915117592820e+01
7.747846292528217305e+01 8.244912520974394992e-04 8.549114877252876610e-02 1.942671191363583461e+01
8.145086866499057976e+01 7.246859863210789333e-04 7.823552285104369564e-02 1.983842926262821749e+01
8.562694400222423496e+01 6.369622205621668695e-04 7.159568123317207322e-02 2.025887228666784523e+01
9.001713130054676526e+01 5.598574804560262855e-04 6.551936236179636830e-02 2.068822591215412743e+01
9.463240831495036787e+01 4.920863252234222805e-04 5.995874011332887055e-02 2.112667898469422667e+01
9.948431564196151555e+01 4.325189176263894331e-04 5.487004736288223633e-02 2.157442435216627175e+01
1.045849855771433994e+02 3.801621880465107868e-04 5.021323149743191216e-02 2.203165894954695858e+01
1.099471724521542768e+02 3.341432786650195695e-04 4.595163916553229866e-02 2.249858388552882005e+01
1.155842845272200918e+02 2.936949917368853738e-04 4.205172778229090275e-02 2.297540453096603486e+01
1.215104175187690743e+02 2.581429993622646503e-04 3.848280151891317336e-02 2.346233060921946389e+01
1.277403898460648861e+02 2.268946015240248446e-04 3.521676969876327140e-02 2.395957628838927178e+01
1.342897796849734675e+02 1.994288449732804205e-04 3.222792569834876525e-02 2.446736027552465131e+01
1.411749639215168770e+02 1.752878382307437584e-04 2.949274461293660901e-02 2.498590591280031248e+01
1.484131591026187778e+02 1.540691179138476362e-04 2.698969809429953987e-02 2.551544127577496823e+01
1.560224644864394463e+02 1.354189391251357268e-04 2.469908490313346347e-02 2.605619927368118738e+01
1.640219072999485945e+02 1.190263780444033670e-04 2.260287584250938661e-02 2.660841775190179348e+01
1.724314903169036768e+02 1.046181484059458916e-04 2.068457185177253674e-02 2.717233959654526387e+01
1.812722418752032070e+02 9.195404544531297995e-05 1.892907414402678415e-02 2.774821284129324184e+01
1.905662684586848457e+02 8.082294135957018930e-05 1.732256536503554850e-02 2.833629077651369599e+01
2.003368099748494728e+02 7.103926551983467063e-05 1.585240083813707970e-02 2.893683206063062130e+01
2.106082978667353416e+02 6.243991075683442700e-05 1.450700903921368391e-02 2.955010083390916265e+01
2.214064162042512862e+02 5.488151414281963936e-05 1.327580051833859853e-02 3.017636683465502045e+01
2.327581659077297047e+02 4.823806693666932984e-05 1.214908455121858737e-02 3.081590551780865894e+01
2.446919322642916654e+02 4.239881384707178228e-05 1.111799286444370254e-02 3.146899817615074468e+01
2.572375559058498879e+02 3.726640659127074837e-05 1.017440983414916525e-02 3.213593206399193747e+01
2.704264074262317763e+02 3.275528096693828742e-05 9.310908608719007176e-03 3.281700052351995822e+01
2.842914658240042627e+02 2.879023038068786504e-05 8.520692652751531496e-03 3.351250311384089997e+01
2.988674009671481713e+02 2.530515205196403298e-05 7.797542252178399878e-03 3.422274574272581305e+01
3.141906602857868620e+02 2.224194498987006977e-05 7.135765559490008653e-03 3.494804080114834477e+01
3.302995599097462787e+02 1.954954137072700045e-05 6.530153793751930849e-03 3.568870730070920416e+01
3.472343804788374655e+02 1.718305516805424554e-05 5.975940242787406396e-03 3.644507101393330828e+01
3.650374678654371792e+02 1.510303384152739862e-05 5.468762744843352203e-03 3.721746461756546864e+01
3.837533390612260860e+02 1.327480060951962880e-05 5.004629354431923936e-03 3.800622783887641276e+01
4.034287934928555046e+02 1.166787634004936747e-05 4.579886922112316218e-03 3.881170760511720630e+01
4.241130300448911044e+02 1.025547142222656203e-05 4.191192340899406628e-03 3.963425819608122680e+01
4.458577700826506316e+02 9.014039147044681231e-06 3.835486232989807932e-03 4.047424139993660930e+01
4.687173867825576963e+02 7.922883151754067229e-06 3.509968869693404995e-03 4.133202667237799233e+01
4.927490410934046849e+02 6.963812383369796646e-06 3.212078135036194187e-03 4.220799129911361547e+01
5.180128246684984106e+02 6.120837829095275769e-06 2.939469359589238270e-03 4.310252056176132385e+01
5.445719101260938260e+02 5.379905957770644395e-06 2.689996865803856180e-03 4.401600790740047842e+01
5.724927090138447738e+02 4.728664428402392598e-06 2.461697079586691941e-03 4.494885512156242413e+01
6.018450378722650385e+02 4.156256159856056619e-06 2.252773075196022601e-03 4.590147250493451025e+01
6.327022928124463306e+02 3.653138328570222081e-06 2.061580431813527566e-03 4.687427905390131144e+01
6.651416330445650829e+02 3.210923276714624526e-06 1.886614290463709291e-03 4.786770264476934500e+01
6.992441738160994191e+02 2.822238678539981565e-06 1.726497509413607665e-03 4.888218022197727919e+01
7.350951892421985576e+02 2.480604633691215085e-06 1.579969824822224271e-03 4.991815799027955336e+01
7.727843255353874383e+02 2.180325638465972460e-06 1.445877931325115912e-03 5.097609161103839170e+01
8.124058251677936369e+02 1.916395634027050446e-06 1.323166404477668342e-03 5.205644640260108247e+01
8.540587625264155349e+02 1.684414548599553386e-06 1.210869393610233867e-03 5.315969754494010857e+01
8.978472916506958654e+02 1.480514942299284951e-06 1.108103019711187149e-03 5.428633028874266842e+01
9.438809066718714575e+02 1.301297531652375647e-06 1.014058418498962454e-03 5.543684016877237042e+01
9.922747156053346771e+02 1.143774518921057335e-06 9.279953739286804807e-04 5.661173322179641332e+01
1.043149728180628472e+03 1.005319781458605242e-06 8.492364920236699201e-04 5.781152620927845476e+01
1.096633158428801380e+03 8.836250906738816865e-07 7.771618691712750548e-04 5.903674684455141630e+01
1.152858742783748994e+03 7.766616307255927263e-07 7.112042129213184917e-04 6.028793402496052067e+01
1.211967074492957408e+03 6.826461754060345969e-07 6.508443768817468713e-04 6.156563806891794144e+01
1.274105955173854682e+03 6.000113593369835783e-07 5.956072745669698052e-04 6.287042095793436403e+01
1.339430764394840480e+03 5.273795478590914665e-07 5.450581400375660275e-04 6.420285658377618176e+01
1.408104848205140797e+03 4.635398699907861197e-07 4.987991058994469462e-04 6.556353100092825059e+01
1.480299927585014302e+03 4.074280315635399604e-07 4.564660717276036099e-04 6.695304268434067296e+01
1.556196527837648091e+03 3.581085719919229353e-07 4.177258382664814323e-04 6.837200279263738878e+01
1.635984429996447261e+03 3.147592688749362101e-07 3.822734848507306133e-04 6.982103543697148496e+01
1.719863145376471039e+03 2.766574304312346231e-07 3.498299694037566095e-04 7.130077795550226938e+01
1.808042414456641382e+03 2.431678472452983046e-07 3.201399321243204843e-04 7.281188119373638301e+01
1.900742731340188357e+03 2.137322024633037445e-07 2.929696855739371045e-04 7.435500979076003603e+01
1.998195895104759757e+03 1.878597638927476628e-07 2.681053753455401125e-04 7.593084247161291955e+01
2.100645589420852957e+03 1.651192028300282870e-07 2.453512968359334266e-04 7.754007234582698516e+01
2.208347991887921125e+03 1.451314032247296833e-07 2.245283548734796849e-04 7.918340721220333478e+01
2.321572414611807289e+03 1.275631413002039853e-07 2.054726540773417953e-04 8.086156987023366582e+01
2.440601977625289692e+03 1.121215302602360554e-07 1.880342088524734922e-04 8.257529843789643564e+01
2.565734316835632853e+03 9.854913746841833723e-08 1.720757628675345457e-04 8.432534667642832460e+01
2.697282328269386653e+03 8.661969269619859923e-08 1.574717087233591173e-04 8.611248432178163625e+01
2.835574950475434889e+03 7.613431589075676467e-08 1.441070993091621657e-04 8.793749742318267693e+01
2.980957987042702825e+03 6.691820157437778487e-08 1.318767430649119379e-04 8.980118868894402340e+01
3.133794971289250043e+03 5.881770459953296668e-08 1.206843760285517735e-04 9.170437783942642795e+01
3.294468075284922634e+03 5.169777867552513324e-08 1.104419041515801659e-04 9.364790196755892282e+01
3.463379065480592999e+03 4.543972496345953825e-08 1.010687099193677193e-04 9.563261590723132599e+01
3.640950307333554974e+03 3.993921320514851073e-08 9.249101781823983669e-05 9.765939260898903740e+01
3.827625821441170956e+03 3.510454239608737158e-08 8.464131365561884375e-05 9.972912352422143556e+01
4.023872393823642142e+03 3.085511200505655176e-08 7.745781316222071888e-05 1.018427189971475855e+02
4.230180743132199495e+03 2.712007825377367069e-08 7.088397569401251434e-05 1.040011086652667132e+02
4.447066747701334862e+03 2.383717305482270124e-08 6.486805920618067837e-05 1.062052418681260804e+02
4.675072735513344924e+03 2.095166591809630535e-08 5.936271299653517674e-05 1.084560880651146562e+02
4.914768840300775992e+03 1.841545151910567825e-08 5.432460501259522265e-05 1.107546372616548496e+02
5.166754427177720572e+03 1.618624771787440824e-08 4.971408078917150073e-05 1.131019004446603304e+02
5.431659591364801599e+03 1.422689065823778550e-08 4.549485133190113564e-05 1.154989100273341478e+02
5.710146733755425885e+03 1.250471519584730386e-08 4.163370749002397598e-05 1.179467203031598217e+02
6.002912217263044113e+03 1.099101032584013362e-08 3.810025857035022139e-05 1.204464079096735816e+02
6.310688108091153481e+03 9.660540531365898428e-09 3.486669313500477009e-05 1.229990723018711947e+02
6.634244006280128815e+03 8.491125073258526216e-09 3.190756010030805718e-05 1.256058362360619469e+02
6.974388970108182548e+03 7.463268206954221416e-09 2.919956841369514004e-05 1.282678462634545440e+02
7.331973539158482708e+03 6.559834161946412647e-09 2.672140373208085868e-05 1.309862732344745098e+02
7.707891861111141225e+03 5.765761465217451683e-09 2.445356065872432262e-05 1.337623128138919810e+02
8.103083927578147268e+03 5.067811846013210995e-09 2.237818921810856671e-05 1.365971860066364627e+02
8.518537924572025076e+03 4.454349535878960180e-09 2.047895436048458032e-05 1.394921396947117671e+02
8.955292703485578386e+03 3.915147284601422890e-09 1.874090739028549872e-05 1.424484471859324231e+02
9.414440378761499232e+03 3.441215858040472405e-09 1.715036830635071924e-05 1.454674087736618446e+02
9.897129058747319505e+03 3.024654175388825739e-09 1.569481812796214839e-05 1.485503523089171551e+02
1.040456571656430970e+04 2.658517587415876035e-09 1.436280035913673068e-05 1.516986337842427588e+02
1.093801920816896018e+04 2.336702099734283379e-09 1.314383081565704083e-05 1.549136379303601245e+02
1.149882344515380282e+04 2.053842610914878981e-09 1.202831510504819506e-05 1.581967788249515365e+02
1.208838073022117533e+04 1.805223468960106426e-09 1.100747311004412040e-05 1.615495005148302710e+02
1.270816526367042752e+04 1.586699854977067851e-09 1.007326988112346107e-05 1.649732776510542465e+02
1.335972682966652428e+04 1.394628683414521833e-09 9.218352394190302480e-06 1.684696161374987753e+02
1.404469467150771925e+04 1.225807866876672457e-09 8.435991675625219342e-06 1.720400537931681697e+02
1.476478156558243427e+04 1.077422932975612279e-09 7.720029839178303951e-06 1.756861610285425854e+02
1.552178810420236550e+04 9.470001032542124556e-10 7.064831617842143366e-06 1.794095415365401607e+02
1.631760719802116000e+04 8.323650519358128045e-10 6.465240009197056420e-06 1.832118329975208155e+02
1.715422880929701932e+04 7.316066569617730856e-10 5.916535685148309305e-06 1.870947078000460806e+02
1.803374492783486858e+04 6.430451389879554073e-10 5.414399846538849182e-06 1.910598737760474819e+02
1.895835480205053682e+04 5.652040571818409040e-10 4.954880230299002051e-06 1.951090749521995917e+02
1.993037043823734348e+04 4.967856949478356648e-10 4.534360001562790935e-06 1.992440923170584881e+02
2.095222238178608313e+04 4.366494252274820711e-10 4.149529285903066792e-06 2.034667446040440097e+02
2.202646579481454319e+04 3.837926946979986704e-10 3.797359117633089879e-06 2.077788890918780282e+02
2.315578684540369068e+04 3.373343098456632777e-10 3.475077599105608212e-06 2.121824224213617072e+02
2.434300942441707230e+04 2.964997462720518509e-10 3.180148083368883576e-06 2.166792814292058154e+02
2.559110220669883711e+04 2.606082363208549666e-10 2.910249208465930685e-06 2.212714440003972811e+02
2.690318607430719567e+04 2.290614197556521662e-10 2.663256626214831673e-06 2.259609299379084462e+02
2.828254192034512744e+04 2.013333682819142131e-10 2.437226281668465355e-06 2.307498018511784608e+02
2.973261885290210193e+04 1.769618176075746911e-10 2.230379111643168206e-06 2.356401660631218817e+02
3.125704281962085952e+04 1.555404608694582214e-10 2.041087041884399522e-06 2.406341735368179968e+02
3.285962567445517197e+04 1.367121749458054341e-10 1.867860172650266651e-06 2.457340208216564008e+02
3.454437470929026313e+04 1.201630667283069911e-10 1.709335051851398210e-06 2.509419510189626976e+02
3.631550267425979837e+04 1.056172400978580538e-10 1.564263943452526044e-06 2.562602547691417385e+02
3.817743831181556016e+04 9.283219636122048580e-11 1.431505006660550095e-06 2.616912712589186754e+02
4.013483743089039490e+04 8.159479146837599618e-11 1.310013308605451684e-06 2.672373892503082971e+02
4.219259454884566367e+04 7.171768261152456353e-11 1.198832599773055048e-06 2.729010481309830425e+02
4.435585513031406299e+04 6.303620496613668257e-11 1.097087787458351026e-06 2.786847389878747663e+02
4.663002845354139572e+04 5.540562650435341083e-11 1.003978047992664729e-06 2.845910057019837609e+02
4.902080113639969204e+04 4.869873511562124180e-11 9.187705235388258271e-07 2.906224460679590038e+02
5.153415135589398415e+04 4.280371780788543285e-11 8.407945538366746862e-07 2.967817129363866115e+02
5.417636379671867326e+04 3.762229663310868213e-11 7.694363975005548542e-07 3.030715153806762601e+02
5.695404536624281900e+04 3.306809026034812928e-11 7.041344013196769272e-07 3.094946198886175353e+02
5.987414171521994285e+04 2.906517388160246159e-11 6.443745795395159742e-07 3.160538515791771488e+02
6.294395460553275188e+04 2.554681344210439207e-11 5.896865683291885812e-07 3.227520954450875479e+02
6.617116016840114025e+04 2.245435309295674097e-11 5.396399235928120674e-07 3.295922976217803466e+02
6.956382809870861820e+04 1.973623731843571720e-11 4.938407329852717835e-07 3.365774666832071489e+02
7.313044183344273188e+04 1.734715143549588766e-11 4.519285154658985718e-07 3.437106749651193809e+02
7.687991976470644295e+04 1.524726613643833439e-11 4.135733839867869844e-07 3.509950599164664595e+02
8.082163754034375597e+04 1.340157348021830908e-11 3.784734489832164040e-07 3.584338254789699363e+02
8.496545150794286747e+04 1.177930326254056413e-11 3.463524422303254558e-07 3.660302434972243759e+02
8.932172336083906703e+04 1.035341003470041815e-11 3.169575423617549385e-07 3.737876551566382659e+02
9.390134604774527543e+04 9.100122219242044097e-12 2.900573849373814299e-07 3.817094724539009007e+02
9.871577101079767453e+04 7.998545805448626256e-12 2.654402413957638103e-07 3.897991796972985412e+02
1.037770368201258680e+05 7.030316017798302654e-12 2.429123525589675815e-07 3.980603350393315623e+02
1.090977992765488161e+05 6.179291150204170909e-12 2.222964035726417329e-07 4.064965720417193893e+02
1.146913630576689611e+05 5.431283461843342020e-12 2.034301282778143165e-07 4.151116012736595167e+02
1.205717149864963576e+05 4.773822648235586457e-12 1.861650320294089939e-07 4.239092119435060226e+02
1.267535590057915979e+05 4.195947944332196547e-12 1.703652229092682846e-07 4.328932735659655577e+02
1.332523529455816897e+05 3.688025393664912634e-12 1.559063421337881821e-07 4.420677376636786562e+02
1.400843471757866791e+05 3.241587237203434086e-12 1.426745852378740646e-07 4.514366395053345968e+02
1.472666252406089625e+05 2.849190744307255710e-12 1.305658063309011140e-07 4.610040998805334880e+02
1.548171465762921434e+05 2.504294132293532556e-12 1.194846983743885666e-07 4.707743269122715333e+02
1.627547914190663723e+05 2.201147506031954040e-12 1.093440430294450226e-07 4.807516179079274821e+02
1.710994080155731353e+05 1.934696999378536248e-12 1.000640241695295511e-07 4.909403612489386433e+02
1.798718622538203781e+05 1.700500520363569640e-12 9.157159965544594865e-08 5.013450383216323303e+02
1.890940898387710622e+05 1.494653695480819300e-12 8.379992642761103639e-08 5.119702254878790200e+02
1.987891511430313694e+05 1.313724778476887209e-12 7.668783439075134488e-08 5.228205960980402551e+02
2.089812888697938761e+05 1.154697438478255026e-12 7.017934494993675632e-08 5.339009225463645407e+02
2.196959886722229712e+05 1.014920473658863914e-12 6.422323040847104358e-08 5.452160783707868177e+02
2.309600428808625729e+05 8.920636120997404109e-13 5.877261075948344416e-08 5.567710403946769020e+02
2.428016174984180834e+05 7.840786629949269018e-13 5.378458469803988618e-08 5.685708909182720845e+02
2.552503226294341730e+05 6.891653705242429735e-13 4.921989194896965835e-08 5.806208199522016002e+02
2.683372865209793090e+05 6.057414011441966758e-13 4.504260425304607157e-08 5.929261275009978363e+02
2.820952333994774381e+05 5.324159639376819695e-13 4.121984257909355990e-08 6.054922258941231803e+02
2.965585652983192704e+05 4.679666242397254397e-13 3.772151833628385624e-08 6.183246421664991885e+02
3.117634480808650260e+05 4.113189239908057190e-13 3.452009654972465233e-08 6.314290204896392424e+02
3.277479018739408348e+05 3.615284690607511170e-13 3.159037913529465892e-08 6.448111246535944474e+02
3.445518961379595567e+05 3.177651849160522703e-13 2.890930656796266237e-08 6.584768406029481866e+02
3.622174496113909991e+05 2.792994781491610380e-13 2.645577638245884464e-08 6.724321790251025277e+02
3.807887353794944938e+05 2.454900731651958572e-13 2.421047707779703103e-08 6.866832779941252056e+02
4.003121913300411543e+05 2.157733212464320184e-13 2.215573611829838684e-08 7.012364056703557935e+02
4.208366362722213962e+05 1.896538037625948742e-13 2.027538083476913103e-08 7.160979630581747415e+02
4.424133920090965694e+05 1.666960728687188844e-13 1.855461113094788380e-08 7.312744868199687289e+02
4.650964116688389913e+05 1.465173919982691313e-13 1.697988299338280617e-08 7.467726521521242375e+02
4.889424146156553179e+05 1.287813551245506328e-13 1.553880188780014717e-08 7.625992757212180777e+02
5.140110282777408138e+05 1.131922784150539794e-13 1.422002520290617405e-08 7.787613186617604697e+02
5.403649372469085502e+05 9.949027078024303783e-14 1.301317297378136833e-08 7.952658896379233511e+02
5.680700400227193022e+05 8.744690113609485618e-14 1.190874618217859831e-08 8.121202479710913167e+02
5.971956137930564582e+05 7.686139014733444289e-14 1.089805199064587874e-08 8.293318068309882847e+02
6.278144876631795196e+05 6.755726296334462375e-14 9.973135322050601409e-09 8.469081364980750095e+02
6.600032247664229944e+05 5.937940714253174924e-14 9.126716245923312459e-09 8.648569676925267231e+02
6.938423137119094608e+05 5.219148671712832560e-14 8.352132678818871007e-09 8.831861949736648967e+02
7.294163698479967425e+05 4.587366928751843758e-14 7.643287947707287933e-09 9.019038802144659712e+02
7.668143468447235646e+05 4.032062825313291150e-14 6.994602803629757742e-09 9.210182561444984231e+02
8.061297591243179049e+05 3.543978687509139715e-14 6.400971507979360283e-09 9.405377299742089008e+02
8.474609156959623797e+05 3.114977489602345750e-14 5.857721645708337196e-09 9.604708870894002075e+02
8.909111659795242595e+05 2.737907198744775160e-14 5.360577349208008575e-09 9.808264948303449273e+02
9.365891582329371013e+05 2.406481540867314509e-14 4.905625643360557890e-09 1.001613506347233738e+03
9.846091112294379855e+05 2.115175199941854664e-14 4.489285646878269764e-09 1.022841064534424845e+03
1.035091099863994634e+06 1.859131703476423775e-14 4.108280387551027245e-09 1.044518506060490381e+03
1.088161355403086869e+06 1.634082458493208411e-14 3.759611009483783213e-09 1.066655365462327154e+03
1.143952581128624268e+06 1.436275588311338221e-14 3.440533169418625377e-09 1.089261379352944687e+03
1.202604284165272489e+06 1.262413383641888032e-14 3.148535436246374240e-09 1.112346490690553537e+03
1.264263124320930336e+06 1.109597325310902915e-14 2.881319523793105009e-09 1.135920853163557695e+03
1.329083280812643003e+06 9.752797619946408605e-15 2.636782201215691988e-09 1.159994835647637956e+03
1.397226837794951163e+06 8.572214374159365872e-15 2.412998738679816033e-09 1.184579026770302562e+03
1.468864189654704416e+06 7.534541588999175390e-15 2.208207757996547998e-09 1.209684239569306101e+03
1.544174467085782439e+06 6.622479849251211957e-15 2.020797368979503515e-09 1.235321516244812528e+03
1.623345985009134281e+06 5.820823846508746856e-15 1.849292482415867022e-09 1.261502133020586371e+03
1.706576713458170416e+06 5.116208885996183576e-15 1.692343199776676493e-09 1.288237605099238181e+03
1.794074772606963990e+06 4.496888078969421799e-15 1.548714188298041740e-09 1.315539691730936056e+03
1.886058953179090517e+06 3.952536506112228369e-15 1.417274957794177702e-09 1.343420401384558318e+03
1.982759263538399944e+06 3.474079087089234217e-15 1.296990962675006170e-09 1.371891997024517877e+03
2.084417504829733167e+06 3.053539286658909447e-15 1.186915459142742183e-09 1.400967001515509992e+03
2.191287875607731752e+06 2.683906134955938339e-15 1.086182053455362443e-09 1.430658203116925733e+03
2.303637607465630397e+06 2.359017345126698858e-15 9.939978826298383092e-10 1.460978661118811260e+03
2.421747633253435604e+06 2.073456579622520784e-15 9.096373738913509850e-10 1.491941711581532218e+03
2.545913289556382690e+06 1.822463152488247018e-15 8.324365337582165538e-10 1.523560973196704936e+03
2.676445055190230254e+06 1.601852662275954924e-15 7.617877218165341096e-10 1.555850353289369650e+03
2.813669327560023405e+06 1.407947232367228829e-15 6.971348680361797876e-10 1.588824053919134940e+03
2.957929238823618274e+06 1.237514195791704848e-15 6.379690960012596571e-10 1.622496578143554189e+03
3.109585513900805730e+06 1.087712202259907695e-15 5.838247175885975893e-10 1.656882736380031702e+03
