# [1] k:    [h/Mpc] 
# [2] P:    [Mpc^3/h^3] 
# [3] T:    [Mpc^3/h^3] 
# [4] Delta_k 
3.059023205018257859e-07 3.359352317169635449e-01 3.949809060980226059e+04 4.871628099626928959e-22
3.215862678579245412e-07 3.522254821696957916e-01 3.947840899972231273e+04 5.934491578816102284e-22
3.380743483904743061e-07 3.693056832879548224e-01 3.945873719685390097e+04 7.229244428931626811e-22
3.554077908890640533e-07 3.872141415454847246e-01 3.943907519630118622e+04 8.806478923956100479e-22
3.736299379885273404e-07 4.059910209827440331e-01 3.941942299317973811e+04 1.072782526590332208e-21
3.927863545481053003e-07 4.256784332841177521e-01 3.939978058259861427e+04 1.306835977573674784e-21
4.129249415873286729e-07 4.463205322242955742e-01 3.938014795969618717e+04 1.591953848940616959e-21
4.340960560635169786e-07 4.679636126926378648e-01 3.936052511958635296e+04 1.939277078874231158e-21
4.563526367904018199e-07 4.906562145211674775e-01 3.934091205738548888e+04 2.362377270640069225e-21
4.797503368127355169e-07 5.144492313475526046e-01 3.932130876823921426e+04 2.877787000957637297e-21
5.043476625678916271e-07 5.393960247550702025e-01 3.930171524726874486e+04 3.505645827957376827e-21
5.302061201824328858e-07 5.655525439494352158e-01 3.928213148959774117e+04 4.270487241404552106e-21
5.573903692694645323e-07 5.929774512392079755e-01 3.926255749037909118e+04 5.202197305149186811e-21
5.859683846113473662e-07 6.217322535986771204e-01 3.924299324474127934e+04 6.337182450590943885e-21
6.160116261320592563e-07 6.518814406130841732e-01 3.922343874782418425e+04 7.719792052548046645e-21
6.475952175842278093e-07 6.834926291115329677e-01 3.920389399476116523e+04 9.404051374440011555e-21
6.807981343976415384e-07 7.166367148152729127e-01 3.918435898071476549e+04 1.145577259739252802e-20
7.157034011589609116e-07 7.513880313366487762e-01 3.916483370082319016e+04 1.395512642134872864e-20
7.523982992164306405e-07 7.878245168913753371e-01 3.914531815023598028e+04 1.699977472319504901e-20
7.909745849287134463e-07 8.260278890934950047e-01 3.912581232410509256e+04 2.070868667999145708e-20
8.315287191035797356e-07 8.660838282268584765e-01 3.910631621758489928e+04 2.522678747177291138e-20
8.741621082001717898e-07 9.080821694038341274e-01 3.908682982583219564e+04 3.073062121128512617e-20
9.189813578979717484e-07 9.521171040418039411e-01 3.906735314399730123e+04 3.743524937876979228e-20
9.660985396665287929e-07 9.982873911118731458e-01 3.904788616725958855e+04 4.560265431720884631e-20
1.015631471002508262e-06 1.046696578627153817e+00 3.902842889077420841e+04 5.555197615310241201e-20
1.067704010034801725e-06 1.097453235875358812e+00 3.900898130969872727e+04 6.767198314921109548e-20
1.122446365234364056e-06 1.150671196913185979e+00 3.898954341921972082e+04 8.243626276638661741e-20
1.179995421003214005e-06 1.206469815863748796e+00 3.897011521449957218e+04 1.004217270226092706e-19
1.240495079956737545e-06 1.264974234598368330e+00 3.895069669070308737e+04 1.223311552438656173e-19
1.304096622755184042e-06 1.326315663399218803e+00 3.893128784302403801e+04 1.490206550613922952e-19
1.370959086384113674e-06 1.390631675226669861e+00 3.891188866663203225e+04 1.815331146890309550e-19
1.441249661829700436e-06 1.458066514262113200e+00 3.889249915670794144e+04 2.211389536244144822e-19
1.515144112143284134e-06 1.528771419409769461e+00 3.887311930843502341e+04 2.693857641007899881e-19
1.592827211940548929e-06 1.602904963485743739e+00 3.885374911699013319e+04 3.281587830219417447e-19
1.674493209434307728e-06 1.680633408858711153e+00 3.883438857757898950e+04 3.997545573128310758e-19
1.760346312156213177e-06 1.762131080329119692e+00 3.881503768538324221e+04 4.869706811464270723e-19
1.850601197581954108e-06 1.847580756097491061e+00 3.879569643559573888e+04 5.932151115181468826e-19
1.945483549936765273e-06 1.937174077687029872e+00 3.877636482340292423e+04 7.226393336553067742e-19
2.045230624523543909e-06 2.031111979749526508e+00 3.875704284402009944e+04 8.803005796827965048e-19
2.150091840984688092e-06 2.129605140704633026e+00 3.873773049263847497e+04 1.072359439210242001e-18
2.260329406981118614e-06 2.232874455240462019e+00 3.871842776446048811e+04 1.306320583450814449e-18
2.376218973848010330e-06 2.341151529721883229e+00 3.869913465468658251e+04 1.591326009125856664e-18
2.498050325866710336e-06 2.454679201625826757e+00 3.867985115853275784e+04 1.938512260621001667e-18
2.626128104876382668e-06 2.573712084159212488e+00 3.866057727119983610e+04 2.361445588790026315e-18
2.760772572037287162e-06 2.698517137294912605e+00 3.864131298790859728e+04 2.876652050181398354e-18
2.902320408650496801e-06 2.829374266489321332e+00 3.862205830386463640e+04 3.504263260222348248e-18
3.051125558036519890e-06 2.966576950442051164e+00 3.860281321428909723e+04 4.268803033084807917e-18
3.207560110577962700e-06 3.110432899291825759e+00 3.858357771440991928e+04 5.200145646056883914e-18
3.372015234139298021e-06 3.261264744725703935e+00 3.856435179943106778e+04 6.334683172451500927e-18
3.544902152190277809e-06 3.419410763567606981e+00 3.854513546458961355e+04 7.716747496443174713e-18
3.726653172078803499e-06 3.585225636437178842e+00 3.852592870510308421e+04 9.400342574797394428e-18
3.917722766024474580e-06 3.759081243212618606e+00 3.850673151620452700e+04 1.145125463341621456e-17
4.118588707535861475e-06 3.941367497058993141e+00 3.848754389312936837e+04 1.394962275427428813e-17
4.329753266093139866e-06 4.132493218899790044e+00 3.846836583110228094e+04 1.699307029805088939e-17
4.551744463083409039e-06 4.332887054302788421e+00 3.844919732536780066e+04 2.070051952237081092e-17
4.785117392129195949e-06 4.542998434813807940e+00 3.843003837115535134e+04 2.521683845120743404e-17
5.030455607111644826e-06 4.763298585924264472e+00 3.841088896371860028e+04 3.071850157129559726e-17
5.288372581359179674e-06 4.994281583895742394e+00 3.839174909828298405e+04 3.742048554623936767e-17
5.559513241650373021e-06 5.236465463858860581e+00 3.837261877010251919e+04 4.558466939757179719e-17
5.844555580866815540e-06 5.490393381625024993e+00 3.835349797442923591e+04 5.553006738832172560e-17
6.144212353328471540e-06 5.756634831841508593e+00 3.833438670650441782e+04 6.764529445759566846e-17
6.459232857050738118e-06 6.035786925229395194e+00 3.831528496158919006e+04 8.240375129128989973e-17
6.790404807379771878e-06 6.328475727738299028e+00 3.829619273492958746e+04 1.003821223829812150e-16
7.138556306691162195e-06 6.635357664659554899e+00 3.827711002178708441e+04 1.222829098943814158e-16
7.504557915077204533e-06 6.957120992816292038e+00 3.825803681742987101e+04 1.489618838222478159e-16
7.889324827200587103e-06 7.294487344134223505e+00 3.823897311710238864e+04 1.814615210827795249e-16
8.293819160757753291e-06 7.648213344095753818e+00 3.821991891608189326e+04 2.210517401416290498e-16
8.719052362274285227e-06 8.019092308636228239e+00 3.820087420962625765e+04 2.692795228876117821e-16
9.166087736248057605e-06 8.407956023359568931e+00 3.818183899300875055e+04 3.280293627189809774e-16
9.636043103964330830e-06 8.815676609013479492e+00 3.816281326150500536e+04 3.995969008410462638e-16
1.013009359863121538e-05 9.243168477424664076e+00 3.814379701037996711e+04 4.867786281026516140e-16
1.064947460382478790e-05 9.691390382301790396e+00 3.812479023491832049e+04 5.929811574584967580e-16
1.119548484259151579e-05 1.016134756945587725e+01 3.810579293038973265e+04 7.223543368600609482e-16
1.176948962493235138e-05 1.065409403132625599e+01 3.808680509208790318e+04 8.799534039448741919e-16
1.237292426178888029e-05 1.117073487078525140e+01 3.806782671527856292e+04 1.071936518689191501e-15
1.300729765406831334e-05 1.171242877963155493e+01 3.804885779526009719e+04 1.305805392590715507e-15
1.367419606568169201e-05 1.228039063720671997e+01 3.802989832731161732e+04 1.590698416920906756e-15
1.437528709002991615e-05 1.287589423507585629e+01 3.801094830672754324e+04 1.937747743999223439e-15
1.511232381985586521e-05 1.350027513380535282e+01 3.799200772880464501e+04 2.360514274379646284e-15
1.588714923088939049e-05 1.415493365827014038e+01 3.797307658882907708e+04 2.875517547010017075e-15
1.670170079024660794e-05 1.484133803823830888e+01 3.795415488210228796e+04 3.502881237748723514e-15
1.755801530110687162e-05 1.556102770122611290e+01 3.793524260393239092e+04 4.267119488989459614e-15
1.845823399578163895e-05 1.631561672501055682e+01 3.791633974960396154e+04 5.198094796102082021e-15
1.940460788991057802e-05 1.710679745763390613e+01 3.789744631443408434e+04 6.332184879985306862e-15
2.039950341117315543e-05 1.793634431285980213e+01 3.787856229372066446e+04 7.713704141058255264e-15
2.144540831659045798e-05 1.880611774975408323e+01 3.785968768277684285e+04 9.396635237838618594e-15
2.254493791321357228e-05 1.971806844520293467e+01 3.784082247691810335e+04 1.144673845124896382e-14
2.370084159775344190e-05 2.067424166876246261e+01 3.782196667144936509e+04 1.394412125775042393e-14
2.491600973150475266e-05 2.167678186970072218e+01 3.780312026169506862e+04 1.698636851702301508e-14
2.619348086775470484e-05 2.272793748640579281e+01 3.778428324296481151e+04 2.069235558573979618e-14
2.753644934974891994e-05 2.383006598909034324e+01 3.776545561058770545e+04 2.520689335437974929e-14
2.894827329821342076e-05 2.498563916694733678e+01 3.774663735987801192e+04 3.070638671108129933e-14
3.043248300840562692e-05 2.619724867177613703e+01 3.772782848616949195e+04 3.740572753630732726e-14
3.199278977769132648e-05 2.746761183034920251e+01 3.770902898478537099e+04 4.556669157089482958e-14
3.363309518572123809e-05 2.879957773868838444e+01 3.769023885105120280e+04 5.550816726399005231e-14
3.535750085041236633e-05 3.019613365186770082e+01 3.767145808030557964e+04 6.761861629154326569e-14
3.717031868412924126e-05 3.166041168362932368e+01 3.765268666788299015e+04 8.237125263816202533e-14
3.907608167571078754e-05 3.319569583090954978e+01 3.763392460911811213e+04 1.003425333627905889e-13
4.107955522530357004e-05 3.480542933899395308e+01 3.761517189934581256e+04 1.222346835720665768e-13
4.318574906034433776e-05 3.649322242384958770e+01 3.759642853391396056e+04 1.489031357614251549e-13
4.539992976248807967e-05 3.826286036887163533e+01 3.757769450816421886e+04 1.813899557118187164e-13
4.772763393680535859e-05 4.011831201431426308e+01 3.755896981744267396e+04 2.209645610543228603e-13
5.017468205617894183e-05 4.206373865836877002e+01 3.754025445709776977e+04 2.691733235742132079e-13
5.274719301551768723e-05 4.410350338987952767e+01 3.752154842248022760e+04 3.278999934572126395e-13
5.545159943218107865e-05 4.624218087362343255e+01 3.750285170894311159e+04 3.994393065462760276e-13
5.829466373087315435e-05 4.848456761010019278e+01 3.748416431184180692e+04 4.865866508014709005e-13
6.128349505322671351e-05 5.083569269284286918e+01 3.746548622653398343e+04 5.927472956664633042e-13
6.442556703436033705e-05 5.330082908737373515e+01 3.744681744837966107e+04 7.220694524627614021e-13
6.772873649085907528e-05 5.588550545710169359e+01 3.742815797274113720e+04 8.796063651267185435e-13
7.120126306690828879e-05 5.859551856269254699e+01 3.740950779498516931e+04 1.071513764960761243e-12
7.485182988770643921e-05 6.143694626267602388e+01 3.739086691047444037e+04 1.305290404912936672e-12
7.868956527180084881e-05 6.441616114454383535e+01 3.737223531457819627e+04 1.590071072227408044e-12
8.272406555663884206e-05 6.753984481681798968e+01 3.735361300267223123e+04 1.936983528890151769e-12
8.696541909440986997e-05 7.081500289414152860e+01 3.733499997013040411e+04 2.359583327263733055e-12
9.142423147818073699e-05 7.424898070905847192e+01 3.731639621232462378e+04 2.874383491268253300e-12
9.611165206140254191e-05 7.784947978573329408e+01 3.729780172463548661e+04 3.501499760322717889e-12
1.010394018371016720e-04 8.162457511244871000e+01 3.727921650244375633e+04 4.265436608853608238e-12
1.062198027464676133e-04 8.558273325172285695e+01 3.726064054113251041e+04 5.196044754968588846e-12
1.116658084901241013e-04 8.973283132861898537e+01 3.724207383608711098e+04 6.329687572802280952e-12
1.173910369191279803e-04 9.408417693984155505e+01 3.722351638269522664e+04 7.710661985922344954e-12
1.234098040866900780e-04 9.864652902826939851e+01 3.720496817634683975e+04 9.392929362993235601e-12
1.297371600457651012e-04 1.034301197697397185e+02 3.718642921243421006e+04 1.144222405018663505e-11
1.363889264820232711e-04 1.084456775211730815e+02 3.716789948635188921e+04 1.393862193092744958e-11
1.433817362763056455e-04 1.137044508815087056e+02 3.714937899349779764e+04 1.697966937906391869e-11
1.507330750954898936e-04 1.192182339193712153e+02 3.713086772926792764e+04 2.068419486883259520e-11
1.584613251157653230e-04 1.249993926241890989e+02 3.711236568906792672e+04 2.519695217972940841e-11
1.665858109876483387e-04 1.310608926398169274e+02 3.709387286829837103e+04 3.069427662877975861e-11
1.751268481576742783e-04 1.374163283431962839e+02 3.707538926236634870e+04 3.739097534669275947e-11
1.841057936675958640e-04 1.440799533329922895e+02 3.705691486668015568e+04 4.554872083436247071e-11
1.935450995581117185e-04 1.510667123967537862e+02 3.703844967665251170e+04 5.548627577671414453e-11
2.034683690106629794e-04 1.583922750281222704e+02 3.701999368768999557e+04 6.759194864691454665e-11
2.139004153676812446e-04 1.660730705696333871e+02 3.700154689521512773e+04 8.233876680195648482e-11
2.248673241788693637e-04 1.741263250592753593e+02 3.698310929464118090e+04 1.003029599558096155e-10
2.363965184286629729e-04 1.825700998641766546e+02 3.696468088138893654e+04 1.221864762693736428e-10
2.485168271079757005e-04 1.914233321875344416e+02 3.694626165088094422e+04 1.488444108698693613e-10
2.612585573016925852e-04 2.007058775398469663e+02 3.692785159853994264e+04 1.813184185650367932e-10
2.746535699721688829e-04 2.104385542697421272e+02 3.690945071979408385e+04 2.208774163490078942e-10
2.887353596282311993e-04 2.206431902540987551e+02 3.689105901007223292e+04 2.690671661440447280e-10
3.035391380788964293e-04 2.313426718523371903e+02 3.687267646480449184e+04 3.277706752164766347e-10
3.191019224812350285e-04 2.425609952346298996e+02 3.685430307942480431e+04 3.992817744040541995e-10
3.354626279025451924e-04 2.543233201990864814e+02 3.683593884936885297e+04 4.863947492128663824e-10
3.526621646282911485e-04 2.666560265986856848e+02 3.681758377007513627e+04 5.925135261056197820e-10
3.707435404591257876e-04 2.795867735044302549e+02 3.679923783698285115e+04 7.217846804190315275e-10
3.897519682527942697e-04 2.931445612375413248e+02 3.678090104553503625e+04 8.792594631750872812e-10
4.097349789798286580e-04 3.073597964096439910e+02 3.676257339117660740e+04 1.071091177959228128e-09
4.307425405757319271e-04 3.222643601169413614e+02 3.674425486935448862e+04 1.304775620337721762e-09
4.528271828868440083e-04 3.378916794412743911e+02 3.672594547551812866e+04 1.589443974948423499e-09
4.760441290223192071e-04 3.542768024184036335e+02 3.670764520511873707e+04 1.936219615174826898e-09
5.004514334406633081e-04 3.714564766417219062e+02 3.668935405361055018e+04 2.358652747297649293e-09
5.261101271161193775e-04 3.894664771450771923e+02 3.667094233760749194e+04 2.873229561635081421e-09
5.530843701478924991e-04 4.083447066276593205e+02 3.665231624439396546e+04 3.500026610885169649e-09
5.814416121938181326e-04 4.281273170715594460e+02 3.663324247356006526e+04 4.263453471091577466e-09
6.112527611296385451e-04 4.488591437356679421e+02 3.661380465476948302e+04 5.193293139071306842e-09
6.425923603556274889e-04 4.705704027076084230e+02 3.659342475409579492e+04 6.325597308804614377e-09
6.755387751939181127e-04 4.933224631086370664e+02 3.657270889737054677e+04 7.704633709338994059e-09
7.101743888426273075e-04 5.171290275362646298e+02 3.655039482477144338e+04 9.383485643373623707e-09
7.465858083767621441e-04 5.420735645038894290e+02 3.652772794706854620e+04 1.142793280831019714e-08
7.848640813110194670e-04 5.681588892046220280e+02 3.650306899026646715e+04 1.391628864193330046e-08
8.251049232659968648e-04 5.954747531069480146e+02 3.647766946206062858e+04 1.694576375207726721e-08
8.674089573071004124e-04 6.240373246232333031e+02 3.645034315307596989e+04 2.063253226688690625e-08
9.118819655546198935e-04 6.539169086423810313e+02 3.642156076921855129e+04 2.511936787491004496e-08
9.586351536941296880e-04 6.851625725054689156e+02 3.639108594511019328e+04 3.057904672663771585e-08
1.007785429048626679e-03 7.178065426660928097e+02 3.635823874208804773e+04 3.722047370318853531e-08
1.059455692907732439e-03 7.519511241776511952e+02 3.632410046465195046e+04 4.530105004768837102e-08
1.113775147844932919e-03 7.875664422903345212e+02 3.628645935186158022e+04 5.512518131877542380e-08
1.170879620791311689e-03 8.248329973598021070e+02 3.624807408212410519e+04 6.707690675317840338e-08
1.230911902673626282e-03 8.636319407678857942e+02 3.620488750615747995e+04 8.159806661526893211e-08
1.294022105466001958e-03 9.042030368608379831e+02 3.616069475350902212e+04 9.925703693469393369e-08
1.360368037548055848e-03 9.464453399221913514e+02 3.611207841702645237e+04 1.207077221357682066e-07
1.430115598308045934e-03 9.905331399833008845e+02 3.606119814407494414e+04 1.467752063877222594e-07
1.503439192977754080e-03 1.036449455886823216e+03 3.600647794387404429e+04 1.784333337659354030e-07
1.580522168736409397e-03 1.084260324320459631e+03 3.594796349486945837e+04 2.168730565358491928e-07
1.661557273174137529e-03 1.134080408825863060e+03 3.588643885771970963e+04 2.635482000689039426e-07
1.746747136261333697e-03 1.185808703534242568e+03 3.581926644293437130e+04 3.201658541466051866e-07
1.836304777029133936e-03 1.239754202903836358e+03 3.575016875908360089e+04 3.889019674547053749e-07
1.930454136227949345e-03 1.295573939386195434e+03 3.567322181506497145e+04 4.721836302548119382e-07
2.029430636295988157e-03 1.353779604651739419e+03 3.559476638063146675e+04 5.732457749633438033e-07
2.133481770037976965e-03 1.413911651346971666e+03 3.550783809392117837e+04 6.955996280943091601e-07
2.242867719486086112e-03 1.476464078369391927e+03 3.541811696544626466e+04 8.439255304756038631e-07
2.357862006490532136e-03 1.541119622913640342e+03 3.532101142891036579e+04 1.023438529109209356e-06
2.478752176666675511e-03 1.608110699584555960e+03 3.521874351542313525e+04 1.240753549313212454e-06
2.605840518408833982e-03 1.677417383795140722e+03 3.511053019153985952e+04 1.503678175745739268e-06
2.739444818768723561e-03 1.748883185611816089e+03 3.499436763032706222e+04 1.821456196699963859e-06
2.879899158088616417e-03 1.822921522529356480e+03 3.487407249040951865e+04 2.205820020015050407e-06
3.027554745376210416e-03 1.898827111469573538e+03 3.474260050794225390e+04 2.669510895680927507e-06
3.182780796510085389e-03 1.977602089391059280e+03 3.460907544663662702e+04 3.230199595175570362e-06
3.345965457471714814e-03 2.057842512429399903e+03 3.446097334563610639e+04 3.905231227001051367e-06
3.517516774912597243e-03 2.140940580003716150e+03 3.431031539473656449e+04 4.720450030635261320e-06
3.697863716483424691e-03 2.225650392948339686e+03 3.414694123832556215e+04 5.701378963649699027e-06
3.887457243476651579e-03 2.312795425656550378e+03 3.397761373999661009e+04 6.883421356787826185e-06
4.086771438464619106e-03 2.401757278705591489e+03 3.379790288881881133e+04 8.305015036300213903e-06
4.296304690752923532e-03 2.492536678896716239e+03 3.360832790711145935e+04 1.001375675520061011e-05
4.516580942613284376e-03 2.585415866862591429e+03 3.341121450957074558e+04 1.206785440458292161e-05
4.748150999412126434e-03 2.679257328209601837e+03 3.319977973128480517e+04 1.452975367332883532e-05
4.991593906910903912e-03 2.775583195863212040e+03 3.298420677407686890e+04 1.748808462538981804e-05
5.247518399182111472e-03 2.871730561987931651e+03 3.274927541394835862e+04 2.102208845252437767e-05
5.516564420761540903e-03 2.970426202754991664e+03 3.251173639442432250e+04 2.526359255319909956e-05
5.799404726842954938e-03 3.068362551450343744e+03 3.225410898884430208e+04 3.031985969019201232e-05
6.096746565516493986e-03 3.168057730081812224e+03 3.199110097982070874e+04 3.637121195423273073e-05
6.409333446257287764e-03 3.267146650281093571e+03 3.171158055609365329e+04 4.357902273581341234e-05
6.737946999086424568e-03 3.366531289161517634e+03 3.142142179341170049e+04 5.217178376892610216e-05
7.083408929053131541e-03 3.465614139319646256e+03 3.111899331420461749e+04 6.239896835146080639e-05
7.446583070925409317e-03 3.563099105757319649e+03 3.079997173109185314e+04 7.453654829128399009e-05
7.828377549226901017e-03 3.660791101677933511e+03 3.047367077262343446e+04 8.897346300110848486e-05
8.229747049021221908e-03 3.754484133624651804e+03 3.012405038138238160e+04 1.060180941713985983e-04
8.651695203121895217e-03 3.849065256779270840e+03 2.977260232641635957e+04 1.262784277445711130e-04
9.095277101697147801e-03 3.936840552633084371e+03 2.939097566705345889e+04 1.500603274312459180e-04
9.561601930544914862e-03 4.024614126235818730e+03 2.900702203806884063e+04 1.782323296005500972e-04
1.005183574463506743e-02 4.105735349611524725e+03 2.859811631071267402e+04 2.112503127386987736e-04
1.056720438385422289e-02 4.184014804751961492e+03 2.817990270953294385e+04 2.501173355273562287e-04
1.110899653824396448e-02 4.256154689056999814e+03 2.774294212920665814e+04 2.956052596889037899e-04
1.167856697039719623e-02 4.321929667847110977e+03 2.728874684845697993e+04 3.487519308414814860e-04
1.227733990307029038e-02 4.382551396775556896e+03 2.682311334690866352e+04 4.108753772565387785e-04
1.290681258048182248e-02 4.432535579986619268e+03 2.633132550938177155e+04 4.828136062047083525e-04
1.356855901220299469e-02 4.478960275845618526e+03 2.583664648537891117e+04 5.668245515184997668e-04
1.426423390900143431e-02 4.509688111787234448e+03 2.530589618989776864e+04 6.630741877582017147e-04
1.499557682048000690e-02 4.537214761467418612e+03 2.477673452772355085e+04 7.750846272292168018e-04
1.576441648485692182e-02 4.547197813413205040e+03 2.421153107644109332e+04 9.025012387156534704e-04
1.657267540176381518e-02 4.554020797290397240e+03 2.365095958741759023e+04 1.050130182854855203e-03
1.742237463949622076e-02 4.552785709983502784e+03 2.308292267979604367e+04 1.219746310948057518e-03
1.831563888873704443e-02 4.536929711139586288e+03 2.249231455460450161e+04 1.412207543713804407e-03
1.925470177538994923e-02 4.504403941606512490e+03 2.187624199091751871e+04 1.628988349406604395e-03
2.024191144580758314e-02 4.455772880182928930e+03 2.123814138976147660e+04 1.872181142619189350e-03
2.127973643838054069e-02 4.398855973905316205e+03 2.059803477564186687e+04 2.147379167903739998e-03
2.237077185616915750e-02 4.312463949071418028e+03 1.990763114317745567e+04 2.445899694355687173e-03
2.351774585601286785e-02 4.221465626850113949e+03 1.922602072782089817e+04 2.781766001625164599e-03
2.472352647034336062e-02 4.113999398655329969e+03 1.852639077506481772e+04 3.149674930250290737e-03
2.599112877875953478e-02 4.004937162786391582e+03 1.784257342026926199e+04 3.562389389003452287e-03
2.732372244729698585e-02 3.881068347934764461e+03 1.714494971492065451e+04 4.010893637944929271e-03
2.872463965424410307e-02 3.750926789347008707e+03 1.645245815640012734e+04 4.503732777238210298e-03
3.019738342232343442e-02 3.608849842040799103e+03 1.575240387397733321e+04 5.034391797673255613e-03
3.174563637807315680e-02 3.461527404176538312e+03 1.505903872100955596e+04 5.610352454418610253e-03
3.337326996033158216e-02 3.312089321019756426e+03 1.437855735071462550e+04 6.236897172852727718e-03
3.508435410085083278e-02 3.176655120552179142e+03 1.374517452079106442e+04 6.949935646475399222e-03
3.688316740124613496e-02 3.049342022586098665e+03 1.314526134823299981e+04 7.751058717560201268e-03
3.877420783172848273e-02 2.904749346559800415e+03 1.252337593848346478e+04 8.578428247922448985e-03
4.076220397837305304e-02 2.764105165065198435e+03 1.192464060140023503e+04 9.484136483582865373e-03
4.285212686704739649e-02 2.621460644358845002e+03 1.133549838358103989e+04 1.045034786090575686e-02
4.504920239356542677e-02 2.492422092167937535e+03 1.078898713490894625e+04 1.154391630279727118e-02
4.735892439114896407e-02 2.384851402889163182e+03 1.030152384260280269e+04 1.283326237304260702e-02
4.978706836787243073e-02 2.287451432147916421e+03 9.847991881074905905e+03 1.430117771833667485e-02
5.233970594844135349e-02 2.200152461892993415e+03 9.427554685997001798e+03 1.598147540868615282e-02
5.502322005641668845e-02 2.127079015578140570e+03 9.048267144154073321e+03 1.795113402954296236e-02
5.784432087484844831e-02 2.062213471657606078e+03 8.696436767252642312e+03 2.022022846418071798e-02
6.081006262522850592e-02 1.994719414322903049e+03 8.348652256359546300e+03 2.272366748241274118e-02
6.392786120671870020e-02 1.928305151872973056e+03 8.012430515042831757e+03 2.552210815867976892e-02
6.720551273976151097e-02 1.844713949497005387e+03 7.649654884515805861e+03 2.836703779995846525e-02
7.065121306044198912e-02 1.760996520779798402e+03 7.295541063504933845e+03 3.146209410646747667e-02
7.427357821434696361e-02 1.666096093236514207e+03 6.926745180569145305e+03 3.458385057792084938e-02
7.808166600116696332e-02 1.563136037598259463e+03 6.549053028165993055e+03 3.769764740925417995e-02
8.208499862391337165e-02 1.446065100562454745e+03 6.148582044348821000e+03 4.051813896661844022e-02
8.629358649938589920e-02 1.326416642053234227e+03 5.748068857117586958e+03 4.318031231009922255e-02
9.071795328942874881e-02 1.208408648704717280e+03 5.355374227654199785e+03 4.570501061539449655e-02
9.536916221556676621e-02 1.103280047063190977e+03 4.994899158117552361e+03 4.848193282881686078e-02
1.002588437228218304e-01 1.008072297697936506e+03 4.660479626127123993e+03 5.146713747391185728e-02
1.053992245618834284e-01 9.394284768229420024e+02 4.391547301243658694e+03 5.572450596814532836e-02
1.108031583623540345e-01 8.788715209036389524e+02 4.146191254716074582e+03 6.056923244142920632e-02
1.164841577735182265e-01 8.381510224491394183e+02 3.952289111295870043e+03 6.711091032100038878e-02
1.224564282530043596e-01 7.978969231007401959e+02 3.764106410637691624e+03 7.422698377381982404e-02
1.287349035878279091e-01 7.561597706234506404e+02 3.576812809650817144e+03 8.172835608709173860e-02
1.353352832366376823e-01 7.047099703963779120e+02 3.370509588878396698e+03 8.849399135221019952e-02
1.422740715865399574e-01 6.442194410995144835e+02 3.145634093786898575e+03 9.398993873770787599e-02
1.495686192226629019e-01 5.801009289375745084e+02 2.913694413341101153e+03 9.833209068941850539e-02
1.572371663136570008e-01 5.180722354245398265e+02 2.687746535810987552e+03 1.020296043488750914e-01
1.652988882216175348e-01 4.736522070240453672e+02 2.508556373997903393e+03 1.083776230907650545e-01
1.737739434504778357e-01 4.352666789920917836e+02 2.347322298676254832e+03 1.157123332273968658e-01
1.826835240527691917e-01 4.105837479890739132e+02 2.225342292822443142e+03 1.268148627686662699e-01
1.920499086207905493e-01 3.848486886025531817e+02 2.103012629413439299e+03 1.381028320082408056e-01
2.018965179946938526e-01 3.512131533780548693e+02 1.961025280533622663e+03 1.464291421990880082e-01
2.122479738267836202e-01 3.179934979458700468e+02 1.821410589100871221e+03 1.540349096223987690e-01
2.231301601484726449e-01 2.841282574901230760e+02 1.680571065285095074e+03 1.599040701432788147e-01
2.345702880938428103e-01 2.588676242149533095e+02 1.565811462074426117e+03 1.692649357115896258e-01
2.465969639416541459e-01 2.395590929026559195e+02 1.470306441039407673e+03 1.819894007236658728e-01
2.592402606459418002e-01 2.191349904715591776e+02 1.372645293545042932e+03 1.934146367709617120e-01
2.725317930340656614e-01 1.996263729783087513e+02 1.278828627365574903e+03 2.047103004265499182e-01
2.865047968602461026e-01 1.796943526293154889e+02 1.184326744748108013e+03 2.140919709219730460e-01
3.011942119122611450e-01 1.618730898315288869e+02 1.097217136089708220e+03 2.240705502723476239e-01
3.166367693791155569e-01 1.481651465934524481e+02 1.024658652761849225e+03 2.382870010039354058e-01
3.328710836981453314e-01 1.349032259377349874e+02 9.543733042368953647e+02 2.520697924165299919e-01
3.499377491112247163e-01 1.211940211761331341e+02 8.829754806598326695e+02 2.631018103621394766e-01
3.678794411715154977e-01 1.094044620005280564e+02 8.188917473797737330e+02 2.759445671789899079e-01
3.867410234545784475e-01 9.931202839185723974e+01 7.615717643581776883e+02 2.910267019617844841e-01
4.065696597406806001e-01 8.961325451445523527e+01 7.061500005871714620e+02 3.051036532558764613e-01
4.274149319488126375e-01 8.059779036136499997e+01 6.536922520117601607e+02 3.188177302595960327e-01
4.493289641173122684e-01 7.265334748848593449e+01 6.058156875443286253e+02 3.339020854299100671e-01
4.723665527411103904e-01 6.552089202756209829e+01 5.615695257199993193e+02 3.498545094446057768e-01
4.965853037915104462e-01 5.893356783941277399e+01 5.198714041360747160e+02 3.656070663291801637e-01
5.220457767611225153e-01 5.299121971972210332e+01 4.811909505814407453e+02 3.819442138447249335e-01
5.488116360941387439e-01 4.758263903194720257e+01 4.450826722046917325e+02 3.984636572549265510e-01
5.769498103806052214e-01 4.271210943415155015e+01 4.116165851839004972e+02 4.155615757470540461e-01
6.065306597127584354e-01 3.831911366188259649e+01 3.805625194072501927e+02 4.331556575450638547e-01
6.376281516219051149e-01 3.435394186829807950e+01 3.517284556013238443e+02 4.511794233198410109e-01
6.703200460357783275e-01 3.078187861324314412e+01 3.249882867660633678e+02 4.696907440928070332e-01
7.046880897188601001e-01 2.755692335396553005e+01 3.001486835225736627e+02 4.885306107029466771e-01
7.408182206818726412e-01 2.466209690701044011e+01 2.771641207252566801e+02 5.079666793368375899e-01
7.788007830715680813e-01 2.204789016464274098e+01 2.558034861539136955e+02 5.276141499218469644e-01
8.187307530781540166e-01 1.970677523737348835e+01 2.360650280250580693e+02 5.479098817260229515e-01
8.607079764252394405e-01 1.759697428637407768e+01 2.177427993504900599e+02 5.684283651290640282e-01
9.048374180361511421e-01 1.570858786099232418e+01 2.008141475099515390e+02 5.895478499282960083e-01
9.512294245009160765e-01 1.401276343267138280e+01 1.851350122642515998e+02 6.110121929980343314e-01
1.000000000000213163e+00 1.249417353157608979e+01 1.706402040553259383e+02 6.329622254264332115e-01
1.051271096376248826e+00 1.113416309251560499e+01 1.572379290450581379e+02 6.553480473638106929e-01
1.105170918075884856e+00 9.915989712308249437e+00 1.448429930551949951e+02 6.781014468788411076e-01
1.161834242728533306e+00 8.828076604599022659e+00 1.334023358981897900e+02 7.014050184176633396e-01
1.221402758160433644e+00 7.853782345185559954e+00 1.228204683851821812e+02 7.249796386857925157e-01
1.284025416688019838e+00 6.985893112030241880e+00 1.130689131688457536e+02 7.492263738858495614e-01
1.349858807576296504e+00 6.208409944376626299e+00 1.040455171897158948e+02 7.735986060824788790e-01
1.419067548593566874e+00 5.516576507757204872e+00 9.573460155991179477e+01 7.986364186767035411e-01
1.491824697641596753e+00 4.898551883945454044e+00 8.805801641351003184e+01 8.239319604849542067e-01
1.568312185490513100e+00 4.348458340694666191e+00 8.098482162967079034e+01 8.497733820378574610e-01
1.648721270700491237e+00 3.858196709422609061e+00 7.446103818467123858e+01 8.759843516086873727e-01
1.733253017867778301e+00 3.421721302775798890e+00 6.844790367211142268e+01 9.026113445757973919e-01
1.822118800390913007e+00 3.033569284655477372e+00 6.290942634582013682e+01 9.297244339916805878e-01
1.915540829014322100e+00 2.688011708409828060e+00 5.780365159872475544e+01 9.571404153395465242e-01
2.013752707470925607e+00 2.381363976822537420e+00 5.310721381534100516e+01 9.851774229303073005e-01
2.117000016613148627e+00 2.108285963724125800e+00 4.877601518121966251e+01 1.013356740474961271e+00
2.225540928492967474e+00 1.866285754802480712e+00 4.479520825305674947e+01 1.042209809828333444e+00
2.339646851926517890e+00 1.651063734461400534e+00 4.112683979632104325e+01 1.071235671650563992e+00
2.459603111157505406e+00 1.460386184589001157e+00 3.775532465719405195e+01 1.100862494499334598e+00
2.585709659316432152e+00 1.291112862713248655e+00 3.465192661575949984e+01 1.130768599990134904e+00
2.718281828459663263e+00 1.141126555709944590e+00 3.179897483932187185e+01 1.161147835177055221e+00
2.857651118063815776e+00 1.008224552649108485e+00 2.917600189813155964e+01 1.191942063560869070e+00
3.004166023947120401e+00 8.904474349295541380e-01 2.676407377845916713e+01 1.223067247681318470e+00
3.158192909690492378e+00 7.862579149403582379e-01 2.454887083646246637e+01 1.254732802348328624e+00
3.320116922737311960e+00 6.939213682753498924e-01 2.251153281295705000e+01 1.286591432116239941e+00
3.490342957462647444e+00 6.123633461685713542e-01 2.064217526953714099e+01 1.319118325219332366e+00
3.669296667620093988e+00 5.400913520425829617e-01 1.892280047389180098e+01 1.351717578907935424e+00
3.857425530697870641e+00 4.762987404371600841e-01 1.734572456181681943e+01 1.384976306246054278e+00
4.055199966845619564e+00 4.198544669691254838e-01 1.589655618165109985e+01 1.418423314426032311e+00
4.263114515169814212e+00 3.700264315983741725e-01 1.456702833085672211e+01 1.452392517313913833e+00
4.481689070339116121e+00 3.260045789224935708e-01 1.334649942268051248e+01 1.486685574865543868e+00
4.711470182591849465e+00 2.871398407424458066e-01 1.222652894900216047e+01 1.521363718457151570e+00
4.953032424396282885e+00 2.528519352173154711e-01 1.119929087952258406e+01 1.556503329318177364e+00
5.206979827181080545e+00 2.225775904058577004e-01 1.025649642399086936e+01 1.591876534171433599e+00
5.473947391728498424e+00 1.959027156602628772e-01 9.392462586114273648e+00 1.627843212454539445e+00
5.754602676007100293e+00 1.723496754890026239e-01 8.599345764421682858e+00 1.663898226984321882e+00
6.049647464414390718e+00 1.516155523578510411e-01 7.872868248321601037e+00 1.700607984079330448e+00
6.359819522603354258e+00 1.333208318375694035e-01 7.206278556901717813e+00 1.737411325699156794e+00
6.685894442280875261e+00 1.172191037187474694e-01 6.595719340564611954e+00 1.774790936314974754e+00
7.028687580590986528e+00 1.030296459519580987e-01 6.035941247681601673e+00 1.812404724101640108e+00
7.389056098932435646e+00 9.055783236882150589e-02 5.523671469978799209e+00 1.850815674530231769e+00
7.767901106308653603e+00 7.959574089154433651e-02 5.054877981122988473e+00 1.890040682157648977e+00
8.166169912569634093e+00 6.996061856108545807e-02 4.625870952484452125e+00 1.930096999593239548e+00
8.584858397179985445e+00 6.149183479702598903e-02 4.233273710849402960e+00 1.971002245087191129e+00
9.025013499436326470e+00 5.404820346754295873e-02 3.873996160948649514e+00 2.012774410279606130e+00
9.487735836360851494e+00 4.750562912476692656e-02 3.545210463613902352e+00 2.055431868114003358e+00
9.974182454817173138e+00 4.175503816505375665e-02 3.244328778126509327e+00 2.098993380918244611e+00
1.048556972473016025e+01 3.670056042382126293e-02 2.968982893571407988e+00 2.143478108657201897e+00
1.102317638064432792e+01 3.225793088963849892e-02 2.717005588875554878e+00 2.188905617359589328e+00
1.158834671922626214e+01 2.835308489200380824e-02 2.486413574818919781e+00 2.235295887724291219e+00
1.218249396070650370e+01 2.492092334264869175e-02 2.275391883754726674e+00 2.282669323908125936e+00
1.280710378266622662e+01 2.190422744529472651e-02 2.082279584173382325e+00 2.331046762500961655e+00
1.346373803500505772e+01 1.925270478056825482e-02 1.905556707669347594e+00 2.380449481689684177e+00
1.415403864537935341e+01 1.692215086304448349e-02 1.743832285415758188e+00 2.430899210617773587e+00
1.487973172487657614e+01 1.487371219241187363e-02 1.595833399981952061e+00 2.482418138942298125e+00
1.564263188419211659e+01 1.307323851283157846e-02 1.460395166322297600e+00 2.535028926593630327e+00
1.644464677110120832e+01 1.149071348177426420e-02 1.336451563077713178e+00 2.588754713742294378e+00
1.728778184057202338e+01 1.009975425680767827e-02 1.223027042023713040e+00 2.643619130977055143e+00
1.817414536944768244e+01 8.877171657765263804e-03 1.119228849623722155e+00 2.699646309698151558e+00
1.910595372823652127e+01 7.802583571606310983e-03 1.024240000251551930e+00 2.756860892731178847e+00
2.008553692319280515e+01 6.858075154899626047e-03 9.373128457758879151e-01 2.815288045166234987e+00
2.111534442254602695e+01 6.027900169042365273e-03 8.577631908934760796e-01 2.874953465426445476e+00
2.219795128144734164e+01 5.298218469067478807e-03 7.849649078933976787e-01 2.935883396570782011e+00
2.333606458094873304e+01 4.656865269622559138e-03 7.183450084658445922e-01 2.998104637836539244e+00
2.453253019711569394e+01 4.093148341471644809e-03 6.573791337661775147e-01 3.061644556427720154e+00
2.579033991719975205e+01 3.597669757504175225e-03 6.015874272365372422e-01 3.126531099550921233e+00
2.711263892066493852e+01 3.162169216522096090e-03 5.505307577009319608e-01 3.192792806707976272e+00
2.850273364377471097e+01 2.779386332795590574e-03 5.038072630058143542e-01 3.260458822248577526e+00
2.996410004740484823e+01 2.442939595569110396e-03 4.610491870016565352e-01 3.329558908189997446e+00
3.150039230875619012e+01 2.147219980604956301e-03 4.219199849693893722e-01 3.400123457305709973e+00
3.311545195870102276e+01 1.887297440129734110e-03 3.861116747092976920e-01 3.472183506494917804e+00
3.481331748761120082e+01 1.658838712238937902e-03 3.533424124425837975e-01 3.545770750433085983e+00
3.659823444368765877e+01 1.458035079533296068e-03 3.233542744459743101e-01 3.620917555512048747e+00
3.847466604904231957e+01 1.281538872625089627e-03 2.959112269588344279e-01 3.697656974076286129e+00
4.044730436007814234e+01 1.126407659941134351e-03 2.707972683840703110e-01 3.776022758961019132e+00
4.252108200007410943e+01 9.900551933903890909e-04 2.478147291602346425e-01 3.856049378337557343e+00
4.470118449331276622e+01 8.702082920942216674e-04 2.267827159233312684e-01 3.937772030872997764e+00
4.699306323159186860e+01 7.648689453729748183e-04 2.075356877125247856e-01 4.021226661213227693e+00
4.940244910554343960e+01 6.722810031930337785e-04 1.899221530130758562e-01 4.106449975792043183e+00
5.193536683484541783e+01 5.909008987595769586e-04 1.738034773811255873e-01 4.193479458975064134e+00
5.459815003315897997e+01 5.193719151613139431e-04 1.590527922653354742e-01 4.282353389549568234e+00
5.739745704546173499e+01 4.565015670555840196e-04 1.455539964365855088e-01 4.373110857556630648e+00
6.034028759737834946e+01 4.012417203180475484e-04 1.332008421664087061e-01 4.465791781488471557e+00
6.343400029814058882e+01 3.526711182224528626e-04 1.218960989612608153e-01 4.560436925844103762e+00
6.668633104094334385e+01 3.099800228392825588e-04 1.115507882706148618e-01 4.657087919058365166e+00
7.010541234670704114e+01 2.724567156044921347e-04 1.020834831453538427e-01 4.755787271814413408e+00
7.369979369961600923e+01 2.394756320037917012e-04 9.341966733401284306e-02 4.856578395738138099e+00
7.747846292528217305e+01 2.104869325623877894e-04 8.549114877252876610e-02 4.959505622494039478e+00
8.145086866499057976e+01 1.850073362738910020e-04 7.823552285104369564e-02 5.064614223284727323e+00
8.562694400222423496e+01 1.626120636491759576e-04 7.159568123317207322e-02 5.171950428759587659e+00
9.001713130054676526e+01 1.429277550653371273e-04 6.551936236179636830e-02 5.281561449353493920e+00
9.463240831495036787e+01 1.256262463533509605e-04 5.995874011332887055e-02 5.393495496048039684e+00
9.948431564196151555e+01 1.104190978555386960e-04 5.487004736288223633e-02 5.507801801577006273e+00
1.045849855771433994e+02 9.705278574460717456e-05 5.021323149743191216e-02 5.624530642082260279e+00
1.099471724521542768e+02 8.530447543696571139e-05 4.595163916553229866e-02 5.743733359226548707e+00
1.155842845272200918e+02 7.497830663742079019e-05 4.205172778229090275e-02 5.865462382773102945e+00
1.215104175187690743e+02 6.590212808200425173e-05 3.848280151891317336e-02 5.989771253650103766e+00
1.277403898460648861e+02 5.792462754245586247e-05 3.521676969876327140e-02 6.116714647497034640e+00
1.342897796849734675e+02 5.091280924582186612e-05 3.222792569834876525e-02 6.246348398715771744e+00
1.411749639215168770e+02 4.474977665417474368e-05 2.949274461293660901e-02 6.378729525023785207e+00
1.484131591026187778e+02 3.933278364055469106e-05 2.698969809429953987e-02 6.513916252538843210e+00
1.560224644864394463e+02 3.457152157138219196e-05 2.469908490313346347e-02 6.651968041382330554e+00
1.640219072999485945e+02 3.038661373888870720e-05 2.260287584250938661e-02 6.792945611840759845e+00
1.724314903169036768e+02 2.670829204349370987e-05 2.068457185177253674e-02 6.936910971063151798e+00
1.812722418752032070e+02 2.347523386482082422e-05 1.892907414402678415e-02 7.083927440338467996e+00
1.905662684586848457e+02 2.063353973031014176e-05 1.732256536503554850e-02 7.234059682951452963e+00
2.003368099748494728e+02 1.813583473774425670e-05 1.585240083813707970e-02 7.387373732614541666e+00
2.106082978667353416e+02 1.594047875127981034e-05 1.450700903921368391e-02 7.543937022516425728e+00
2.214064162042512862e+02 1.401087220381593248e-05 1.327580051833859853e-02 7.703818414986955077e+00
2.327581659077297047e+02 1.231484593245716273e-05 1.214908455121858737e-02 7.867088231773427864e+00
2.446919322642916654e+02 1.082412487488603931e-05 1.111799286444370254e-02 8.033818284983496483e+00
2.572375559058498879e+02 9.513856685640497494e-06 1.017440983414916525e-02 8.204081908662319123e+00
2.704264074262317763e+02 8.362197413751570635e-06 9.310908608719007176e-03 8.377953991048102012e+00
2.842914658240042627e+02 7.349947334406988000e-06 8.520692652751531496e-03 8.555511007515450572e+00
2.988674009671481713e+02 6.460230863447949390e-06 7.797542252178399878e-03 8.736831054209366343e+00
3.141906602857868620e+02 5.678215218450659695e-06 7.135765559490008653e-03 8.921993882391772601e+00
3.302995599097462787e+02 4.990863136094883828e-06 6.530153793751930849e-03 9.111080933525048664e+00
3.472343804788374655e+02 4.386715523267412061e-06 5.975940242787406396e-03 9.304175375088904687e+00
3.650374678654371792e+02 3.855700418411887370e-06 5.468762744843352203e-03 9.501362137162795207e+00
3.837533390612260860e+02 3.388965078243041947e-06 5.004629354431923936e-03 9.702727949776836169e+00
4.034287934928555046e+02 2.978728390491165000e-06 4.579886922112316218e-03 9.908361381066482565e+00
4.241130300448911044e+02 2.618151152185404102e-06 4.191192340899406628e-03 1.011835287622055723e+01
4.458577700826506316e+02 2.301222050848985180e-06 3.835486232989807932e-03 1.033279479726419048e+01
4.687173867825576963e+02 2.022657447754036391e-06 3.509968869693404995e-03 1.055178146368917425e+01
4.927490410934046849e+02 1.777813292483848182e-06 3.212078135036194187e-03 1.077540919393578633e+01
5.180128246684984106e+02 1.562607700300778497e-06 2.939469359589238270e-03 1.100377634774490865e+01
5.445719101260938260e+02 1.373452901585703373e-06 2.689996865803856180e-03 1.123698336944344689e+01
5.724927090138447738e+02 1.207195428840848332e-06 2.461697079586691941e-03 1.147513283210762047e+01
6.018450378722650385e+02 1.061063544102031463e-06 2.252773075196022601e-03 1.171832948267426744e+01
6.327022928124463306e+02 9.326210303028906440e-07 2.061580431813527566e-03 1.196668028803178174e+01
6.651416330445650829e+02 8.197265762244359006e-07 1.886614290463709291e-03 1.222029448205140945e+01
6.992441738160994191e+02 7.204980779281846713e-07 1.726497509413607665e-03 1.247928361363601546e+01
7.350951892421985576e+02 6.332812615263537232e-07 1.579969824822224271e-03 1.274376159578324597e+01
7.727843255353874383e+02 5.566221041889178078e-07 1.445877931325115912e-03 1.301384475569751409e+01
8.124058251677936369e+02 4.892425936068447261e-07 1.323166404477668342e-03 1.328965188594494862e+01
8.540587625264155349e+02 4.300194217903941827e-07 1.210869393610233867e-03 1.357130429669659932e+01
8.978472916506958654e+02 3.779652579995212605e-07 1.108103019711187149e-03 1.385892586910756030e+01
9.438809066718714575e+02 3.322122885982356766e-07 1.014058418498962454e-03 1.415264310978672313e+01
9.922747156053346771e+02 2.919977494221636640e-07 9.279953739286804807e-04 1.445258520643211320e+01
1.043149728180628472e+03 2.566512094642623618e-07 8.492364920236699201e-04 1.475888408468281199e+01
1.096633158428801380e+03 2.255833938782972099e-07 7.771618691712750548e-04 1.507167446611461692e+01
1.152858742783748994e+03 1.982763599667786568e-07 7.112042129213184917e-04 1.539109392750457239e+01
1.211967074492957408e+03 1.742748623725612408e-07 6.508443768817468713e-04 1.571728296134937608e+01
1.274105955173854682e+03 1.531787635201065906e-07 5.956072745669698052e-04 1.605038503765436531e+01
1.339430764394840480e+03 1.346363627783891110e-07 5.450581400375660275e-04 1.639054666703104957e+01
1.408104848205140797e+03 1.183385331336393114e-07 4.987991058994469462e-04 1.673791746514912049e+01
1.480299927585014302e+03 1.040135676219475587e-07 4.564660717276036099e-04 1.709265021853740762e+01
1.556196527837648091e+03 9.142264960498190859e-08 4.177258382664814323e-04 1.745490095177926548e+01
1.635984429996447261e+03 8.035587137222329859e-08 3.822734848507306133e-04 1.782482899614932137e+01
1.719863145376471039e+03 7.062873469418053606e-08 3.498299694037566095e-04 1.820259705968588548e+01
1.808042414456641382e+03 6.207907498624770903e-08 3.201399321243204843e-04 1.858837129875983152e+01
1.900742731340188357e+03 5.456435780471726181e-08 2.929696855739371045e-04 1.898232139114771044e+01
1.998195895104759757e+03 4.795930260398421801e-08 2.681053753455401125e-04 1.938462061067310671e+01
2.100645589420852957e+03 4.215379413962775850e-08 2.453512968359334266e-04 1.979544590342104726e+01
2.208347991887921125e+03 3.705104669762845205e-08 2.245283548734796849e-04 2.021497796554594473e+01
2.321572414611807289e+03 3.256599054507514336e-08 2.054726540773417953e-04 2.064340132277497020e+01
2.440601977625289692e+03 2.862385370207534332e-08 1.880342088524734922e-04 2.108090441153938599e+01
2.565734316835632853e+03 2.515891539131209886e-08 1.720757628675345457e-04 2.152767966188643811e+01
2.697282328269386653e+03 2.211341038335818422e-08 1.574717087233591173e-04 2.198392358209813580e+01
2.835574950475434889e+03 1.943656597182108119e-08 1.441070993091621657e-04 2.244983684512288136e+01
2.980957987042702825e+03 1.708375552336084357e-08 1.318767430649119379e-04 2.292562437685894494e+01
3.133794971289250043e+03 1.501575449105336645e-08 1.206843760285517735e-04 2.341149544626322765e+01
3.294468075284922634e+03 1.319808648790186769e-08 1.104419041515801659e-04 2.390766375738953187e+01
3.463379065480592999e+03 1.160044851865428304e-08 1.010687099193677193e-04 2.441434754343664437e+01
3.640950307333554974e+03 1.019620578765511207e-08 9.249101781823983669e-05 2.493176966266063133e+01
3.827625821441170956e+03 8.961947660647196009e-09 8.464131365561884375e-05 2.546015769645546811e+01
4.023872393823642142e+03 7.877097377675658807e-09 7.745781316222071888e-05 2.599974404942431505e+01
4.230180743132199495e+03 6.923569010546772426e-09 7.088397569401251434e-05 2.655076605161173475e+01
4.447066747701334862e+03 6.085465945823604821e-09 6.486805920618067837e-05 2.711346606285933802e+01
4.675072735513344924e+03 5.348815866697430273e-09 5.936271299653517674e-05 2.768809157946560973e+01
4.914768840300775992e+03 4.701337815467595385e-09 5.432460501259522265e-05 2.827489534298971918e+01
5.166754427177720572e+03 4.132237453294035657e-09 4.971408078917150073e-05 2.887413545142092630e+01
5.431659591364801599e+03 3.632027103908021654e-09 4.549485133190113564e-05 2.948607547273243412e+01
5.710146733755425885e+03 3.192367581153080037e-09 4.163370749002397598e-05 3.011098456078222441e+01
6.002912217263044113e+03 2.805929163423327113e-09 3.810025857035022139e-05 3.074913757371087897e+01
6.310688108091153481e+03 2.466269397242210670e-09 3.486669313500477009e-05 3.140081519479909744e+01
6.634244006280128815e+03 2.167725692816138412e-09 3.190756010030805718e-05 3.206630405599229050e+01
6.974388970108182548e+03 1.905320920962946342e-09 2.919956841369514004e-05 3.274589686390962839e+01
7.331973539158482708e+03 1.674680437607459639e-09 2.672140373208085868e-05 3.343989252859284278e+01
7.707891861111141225e+03 1.471959152523079839e-09 2.445356065872432262e-05 3.414859629501474103e+01
8.103083927578147268e+03 1.293777426451806261e-09 2.237818921810856671e-05 3.487231987731614424e+01
8.518537924572025076e+03 1.137164727924915906e-09 2.047895436048458032e-05 3.561138159587653718e+01
8.955292703485578386e+03 9.995101104703093248e-10 1.874090739028549872e-05 3.636610651740269162e+01
9.414440378761499232e+03 8.785186845843961464e-10 1.715036830635071924e-05 3.713682659782598705e+01
9.897129058747319505e+03 7.721733588076592735e-10 1.569481812796214839e-05 3.792388082835680052e+01
1.040456571656430970e+04 6.787012120684029201e-10 1.436280035913673068e-05 3.872761538454340524e+01
1.093801920816896018e+04 5.965439366808867803e-10 1.314383081565704083e-05 3.954838377859257292e+01
1.149882344515380282e+04 5.243318592376137903e-10 1.202831510504819506e-05 4.038654701478784403e+01
1.208838073022117533e+04 4.608611062936294242e-10 1.100747311004412040e-05 4.124247374832528834e+01
1.270816526367042752e+04 4.050735341602367895e-10 1.007326988112346107e-05 4.211654044745365155e+01
1.335972682966652428e+04 3.560390882118805910e-10 9.218352394190302480e-06 4.300913155905050189e+01
1.404469467150771925e+04 3.129402976118197110e-10 8.435991675625219342e-06 4.392063967770580746e+01
1.476478156558243427e+04 2.750586469625831366e-10 7.720029839178303951e-06 4.485146571838863139e+01
1.552178810420236550e+04 2.417625976784608478e-10 7.064831617842143366e-06 4.580201909284502193e+01
1.631760719802116000e+04 2.124970593786193636e-10 6.465240009197056420e-06 4.677271788958058352e+01
1.715422880929701932e+04 1.867741357768918126e-10 5.916535685148309305e-06 4.776398905786550841e+01
1.803374492783486858e+04 1.641649907872314370e-10 5.414399846538849182e-06 4.877626859541800997e+01
1.895835480205053682e+04 1.442926992437784120e-10 4.954880230299002051e-06 4.981000174022467064e+01
1.993037043823734348e+04 1.268259630462230520e-10 4.534360001562790935e-06 5.086564316638560967e+01
2.095222238178608313e+04 1.114735879701007108e-10 4.149529285903066792e-06 5.194365718400442944e+01
2.202646579481454319e+04 9.797962906377525650e-11 3.797359117633089879e-06 5.304451794353462901e+01
2.315578684540369068e+04 8.611912369820067901e-11 3.475077599105608212e-06 5.416870964429716651e+01
2.434300942441707230e+04 7.569434113408258227e-11 3.180148083368883576e-06 5.531672674735165884e+01
2.559110220669883711e+04 6.653148608202313280e-11 2.910249208465930685e-06 5.648907419309953326e+01
2.690318607430719567e+04 5.847780129879984679e-11 2.663256626214831673e-06 5.768626762331499691e+01
2.828254192034512744e+04 5.139902091660442149e-11 2.437226281668465355e-06 5.890883360796809853e+01
2.973261885290210193e+04 4.517713204855338041e-11 2.230379111643168206e-06 6.015730987677780917e+01
3.125704281962085952e+04 3.970840735358487568e-11 2.041087041884399522e-06 6.143224555578935764e+01
3.285962567445517197e+04 3.490167576074453003e-11 1.867860172650266651e-06 6.273420140891877139e+01
3.454437470929026313e+04 3.067680252348114064e-11 1.709335051851398210e-06 6.406375008447037089e+01
3.631550267425979837e+04 2.696335326463363452e-11 1.564263943452526044e-06 6.542147636714769021e+01
3.817743831181556016e+04 2.369941973962059489e-11 1.431505006660550095e-06 6.680797743519516985e+01
4.013483743089039490e+04 2.083058774190175550e-11 1.310013308605451684e-06 6.822386312308685774e+01
4.219259454884566367e+04 1.830902994419967379e-11 1.198832599773055048e-06 6.966975618967826733e+01
4.435585513031406299e+04 1.609270855202233136e-11 1.097087787458351026e-06 7.114629259228935609e+01
4.663002845354139572e+04 1.414467447644966826e-11 1.003978047992664729e-06 7.265412176620182549e+01
4.902080113639969204e+04 1.243245134266620778e-11 9.187705235388258271e-07 7.419390691048016606e+01
5.153415135589398415e+04 1.092749406464665510e-11 8.407945538366746862e-07 7.576632527959012009e+01
5.417636379671867326e+04 9.604712959791863049e-12 7.694363975005548542e-07 7.737206848129660841e+01
5.695404536624281900e+04 8.442055469830817783e-12 7.041344013196769272e-07 7.901184278085999324e+01
5.987414171521994285e+04 7.420138514711514901e-12 6.443745795395159742e-07 8.068636941167586940e+01
6.294395460553275188e+04 6.521925350320923056e-12 5.896865683291885812e-07 8.239638489249952613e+01
6.617116016840114025e+04 5.732441542812952233e-12 5.396399235928120674e-07 8.414264135139582379e+01
6.956382809870861820e+04 5.038525324450511821e-12 4.938407329852717835e-07 8.592590685655325444e+01
7.313044183344273188e+04 4.428608169054569680e-12 4.519285154658985718e-07 8.774696575410827393e+01
7.687991976470644295e+04 3.892521928955517063e-12 4.135733839867869844e-07 8.960661901314789191e+01
8.082163754034375597e+04 3.421329318151726409e-12 3.784734489832164040e-07 9.150568457790544130e+01
8.496545150794286747e+04 3.007174915618477379e-12 3.463524422303254558e-07 9.344499772774959467e+01
8.932172336083906703e+04 2.643154204754604376e-12 3.169575423617549385e-07 9.542541144428076905e+01
9.390134604774527543e+04 2.323198465718488231e-12 2.900573849373814299e-07 9.744779678673121737e+01
9.871577101079767453e+04 2.041973601618838998e-12 2.654402413957638103e-07 9.951304327498536395e+01
1.037770368201258680e+05 1.794791211872921731e-12 2.429123525589675815e-07 1.016220592808464147e+02
1.090977992765488161e+05 1.577530430198756325e-12 2.222964035726417329e-07 1.037757724275712974e+02
1.146913630576689611e+05 1.386569224175498005e-12 2.034301282778143165e-07 1.059751299978952517e+02
1.205717149864963576e+05 1.218724011040460989e-12 1.861650320294089939e-07 1.082210993505880054e+02
1.267535590057915979e+05 1.071196583040961102e-12 1.703652229092682846e-07 1.105146683460774710e+02
1.332523529455816897e+05 9.415274575077944347e-13 1.559063421337881821e-07 1.128568457808517138e+02
1.400843471757866791e+05 8.275548739378252007e-13 1.426745852378740646e-07 1.152486618311877038e+02
1.472666252406089625e+05 7.273787545092175511e-13 1.305658063309011140e-07 1.176911685062613344e+02
1.548171465762921434e+05 6.393290272025303493e-13 1.194846983743885666e-07 1.201854401108624444e+02
1.627547914190663723e+05 5.619377834311589108e-13 1.093440430294450226e-07 1.227325737179389193e+02
1.710994080155731353e+05 4.939148060102366815e-13 1.000640241695295511e-07 1.253336896510179059e+02
1.798718622538203781e+05 4.341260594839773967e-13 9.157159965544594865e-08 1.279899319771337929e+02
1.890940898387710622e+05 3.815747842132525598e-13 8.379992642761103639e-08 1.307024690099223392e+02
1.987891511430313694e+05 3.353848790382589128e-13 7.668783439075134488e-08 1.334724938235124796e+02
2.089812888697938761e+05 2.947862954817749404e-13 7.017934494993675632e-08 1.363012247772547028e+02
2.196959886722229712e+05 2.591021999951712972e-13 6.422323040847104358e-08 1.391899060517851865e+02
2.309600428808625729e+05 2.277376902225852418e-13 5.877261075948344416e-08 1.421398081957997590e+02
2.428016174984180834e+05 2.001698771716208778e-13 5.378458469803988618e-08 1.451522286855112895e+02
2.552503226294341730e+05 1.759391679424706627e-13 4.921989194896965835e-08 1.482284924948531284e+02
2.683372865209793090e+05 1.546416036901949097e-13 4.504260425304607157e-08 1.513699526784437808e+02
2.820952333994774381e+05 1.359221250818624617e-13 4.121984257909355990e-08 1.545779909666820799e+02
2.965585652983192704e+05 1.194686529750523092e-13 3.772151833628385624e-08 1.578540183734796756e+02
3.117634480808650260e+05 1.050068856345546867e-13 3.452009654972465233e-08 1.611994758169126953e+02
3.277479018739408348e+05 9.229572574965340903e-14 3.159037913529465892e-08 1.646158347528452452e+02
3.445518961379595567e+05 8.112326101453307614e-14 2.890930656796266237e-08 1.681045978223513089e+02
3.622174496113909991e+05 7.130323126211265644e-14 2.645577638245884464e-08 1.716672995124865793e+02
3.807887353794944938e+05 6.267192325401592558e-14 2.421047707779703103e-08 1.753055068312442586e+02
4.003121913300411543e+05 5.508544135843987506e-14 2.215573611829838684e-08 1.790208199967459279e+02
4.208366362722213962e+05 4.841730861452472995e-14 2.027538083476913103e-08 1.828148731412809411e+02
4.424133920090965694e+05 4.255635818945747025e-14 1.855461113094788380e-08 1.866893350296924439e+02
4.650964116688389913e+05 3.740488007641334813e-14 1.697988299338280617e-08 1.906459097935986620e+02
4.889424146156553179e+05 3.287699213598288342e-14 1.553880188780014717e-08 1.946863376809820352e+02
5.140110282777408138e+05 2.889720832419063695e-14 1.422002520290617405e-08 1.988123958214925722e+02
5.403649372469085502e+05 2.539918023758465960e-14 1.301317297378136833e-08 2.030258990080857302e+02
5.680700400227193022e+05 2.232459099523313440e-14 1.190874618217859831e-08 2.073287004954647443e+02
5.971956137930564582e+05 1.962218301702658518e-14 1.089805199064587874e-08 2.117226928147532306e+02
6.278144876631795196e+05 1.724690349023192474e-14 9.973135322050601409e-09 2.162098086063628273e+02
6.600032247664229944e+05 1.515915327786588475e-14 9.126716245923312459e-09 2.207920214698581276e+02
6.938423137119094608e+05 1.332412674726675200e-14 8.352132678818871007e-09 2.254713468318083187e+02
7.294163698479967425e+05 1.171123151294519376e-14 7.643287947707287933e-09 2.302498428328051432e+02
7.668143468447235646e+05 1.029357841990456105e-14 6.994602803629757742e-09 2.351296112319504914e+02
8.061297591243179049e+05 9.047533264938961018e-15 6.400971507979360283e-09 2.401127983321115096e+02
8.474609156959623797e+05 7.952322782313768582e-15 5.857721645708337196e-09 2.452015959230962778e+02
8.909111659795242595e+05 6.989688325233563268e-15 5.360577349208008575e-09 2.503982422464311526e+02
9.365891582329371013e+05 6.143581469379941191e-15 4.905625643360557890e-09 2.557050229796388408e+02
9.846091112294379855e+05 5.399896463852111033e-15 4.489285646878269764e-09 2.611242722406163352e+02
1.035091099863994634e+06 4.746235069186561037e-15 4.108280387551027245e-09 2.666583736164834590e+02
1.088161355403086869e+06 4.171699861790567872e-15 3.759611009483783213e-09 2.723097612087763082e+02
1.143952581128624268e+06 3.666712559154772133e-15 3.440533169418625377e-09 2.780809207076713960e+02
1.202604284165272489e+06 3.222854336810860093e-15 3.148535436246374240e-09 2.839743904818532769e+02
1.264263124320930336e+06 2.832725475133593405e-15 2.881319523793105009e-09 2.899927626979724096e+02
1.329083280812643003e+06 2.489821995930256662e-15 2.636782201215691988e-09 2.961386844585074414e+02
1.397226837794951163e+06 2.188427232301026058e-15 2.412998738679816033e-09 3.024148589670562046e+02
1.468864189654704416e+06 1.923516524035531143e-15 2.208207757996547998e-09 3.088240467176179322e+02
1.544174467085782439e+06 1.690673449692791421e-15 2.020797368979503515e-09 3.153690667077667626e+02
1.623345985009134281e+06 1.486016198862985915e-15 1.849292482415867022e-09 3.220527976796907410e+02
1.706576713458170416e+06 1.306132857107009084e-15 1.692343199776676493e-09 3.288781793852296573e+02
1.794074772606963990e+06 1.148024524712332641e-15 1.548714188298041740e-09 3.358482138798825076e+02
1.886058953179090517e+06 1.009055320958209153e-15 1.417274957794177702e-09 3.429659668429665658e+02
1.982759263538399944e+06 8.869084403992328742e-16 1.296990962675006170e-09 3.502345689247549103e+02
2.084417504829733167e+06 7.795475285790110139e-16 1.186915459142742183e-09 3.576572171262707229e+02
2.191287875607731752e+06 6.851827332250258114e-16 1.086182053455362443e-09 3.652371762019733978e+02
2.303637607465630397e+06 6.022408649867672944e-16 9.939978826298383092e-10 3.729777800985801264e+02
2.421747633253435604e+06 5.293391702286547752e-16 9.096373738913509850e-10 3.808824334203624176e+02
2.545913289556382690e+06 4.652622786468255477e-16 8.324365337582165538e-10 3.889546129254019888e+02
2.676445055190230254e+06 4.089419413991695941e-16 7.617877218165341096e-10 3.971978690579034037e+02
2.813669327560023405e+06 3.594392219405340490e-16 6.971348680361797876e-10 4.056158275057748597e+02
2.957929238823618274e+06 3.159288426796082448e-16 6.379690960012596571e-10 4.142121907996246364e+02
3.109585513900805730e+06 2.776854264759490579e-16 5.838247175885975893e-10 4.229907399369120640e+02
