# [1] m:            [M_sun/h] 
# [2] sigma 
# [3] ln(1/sigma) 
# [4] n_eff 
# [5] f(sigma) 
# [6] dn/dm:        [h^4/(Mpc^3*M_sun)] 
# [7] dn/dlnm:      [h^3/Mpc^3] 
# [8] dn/dlog10m:   [h^3/Mpc^3] 
# [9] n(>m):        [h^3/Mpc^3] 
# [11] rho(>m):     [M_sun*h^2/Mpc^3] 
# [11] rho(<m):     [M_sun*h^2/Mpc^3] 
# [12] Lbox(N=1):   [Mpc/h]
1.000000000000000000e+07 5.014180081201961237e+00 -1.612269914767647139e+00 -2.516550227174258580e+00 2.287970944905685644e-01 1.571043208425468109e-05 1.571043208425467981e+02 3.617460672170020644e+02 1.649384252529662263e+02 4.274977168182527161e+10 4.246944039817472839e+10 1.823445211465501703e-01
1.122018454301963001e+07 4.967825041291169974e+00 -1.602982126879632929e+00 -2.515342399793555561e+00 2.293041849809686894e-01 1.253814455691959373e-05 1.406802957556949423e+02 3.239283518850567134e+02 1.477965647754148222e+02 4.256847176784935760e+10 4.265074031215064240e+10 1.891378959127956172e-01
1.258925411794166267e+07 4.921784212132807035e+00 -1.593671109506945571e+00 -2.514138023199294913e+00 2.298172871327820166e-01 1.000649241846893952e-05 1.259742758853621183e+02 2.900664897543541088e+02 1.324466937344296298e+02 4.238631535191226959e+10 4.283289672808773041e+10 1.961792001429987775e-01
1.412537544622752629e+07 4.876053791475390753e+00 -1.584336243444021353e+00 -2.512906992283254759e+00 2.303364776125505498e-01 7.986580630155556059e-06 1.128134499325156526e+02 2.597625681038406924e+02 1.187009672879748194e+02 4.220329123811327362e+10 4.301592084188672638e+10 2.034769631844648152e-01
1.584893192461110838e+07 4.830631354697169755e+00 -1.574977174380199463e+00 -2.511612097271144872e+00 2.308618181259385893e-01 6.375338867144696346e-06 1.010423117017035963e+02 2.326585206860005428e+02 1.063904400682288411e+02 4.201937541667887115e+10 4.319983666332112885e+10 2.110404956738408111e-01
1.778279410038919002e+07 4.785514264971740594e+00 -1.565593493523216972e+00 -2.510295397754528146e+00 2.313933728210738061e-01 5.089456023437087179e-06 9.050474854776726374e+01 2.083948848512634129e+02 9.536410492979729270e+01 4.183454460705593872e+10 4.338466747294406128e+10 2.188794662683483105e-01
1.995262314968874678e+07 4.740698975011218508e+00 -1.556184587917909035e+00 -2.508972549403060803e+00 2.319312169265702883e-01 4.063041353489171138e-06 8.106833296777072917e+01 1.866667350054666485e+02 8.548756443337909161e+01 4.164878624838015747e+10 4.357042583161984253e+10 2.270033947620561654e-01
2.238721138568333164e+07 4.696181618100571775e+00 -1.546749756841940160e+00 -2.507638659562521521e+00 2.324754304338026711e-01 3.243749214002033276e-06 7.261849933600767315e+01 1.672102740466892783e+02 7.664063920707522470e+01 4.146208967915295410e+10 4.375712240084704590e+10 2.354219543065132203e-01
2.511886431509571895e+07 4.651959430729560196e+00 -1.537288513794994982e+00 -2.506239823006903400e+00 2.330260805633754539e-01 2.590042286476386633e-06 6.505892076436063576e+01 1.498037011182975959e+02 6.871528982795058482e+01 4.127443291432218170e+10 4.394477916567781830e+10 2.441455834965736982e-01
2.818382931264443323e+07 4.608030118724458113e+00 -1.527800459553752432e+00 -2.504801537836156555e+00 2.335832285807041553e-01 2.068269884517724941e-06 5.829176539773037291e+01 1.342217500491200894e+02 6.161465354876516898e+01 4.108578837092922211e+10 4.413342370907077789e+10 2.531854027319345168e-01
3.162277660168366507e+07 4.564390372612657565e+00 -1.518284961342234896e+00 -2.503349711651649212e+00 2.341469485347179025e-01 1.651678282387540859e-06 5.223065334179378993e+01 1.202655237821540339e+02 5.525247170298334254e+01 4.089613805380731201e+10 4.432307402619268799e+10 2.625524627823622725e-01
3.548133892335738987e+07 4.521036439629509296e+00 -1.508741268361717625e+00 -2.501896268605507956e+00 2.347173208005476908e-01 1.319019446520025095e-06 4.680057602847628573e+01 1.077623087067039904e+02 4.955177589076191680e+01 4.070547103406147003e+10 4.451374104593852997e+10 2.722577547882208404e-01
3.981071705534952879e+07 4.477965156887247389e+00 -1.499168737192125844e+00 -2.500384892548342730e+00 2.352944186007376037e-01 1.053497360191226697e-06 4.194048532513057381e+01 9.657153630258119392e+01 4.444342976552980673e+01 4.051376770641825867e+10 4.470544437358174133e+10 2.823129571081953171e-01
4.466835921509607136e+07 4.435174381037572999e+00 -1.489566934275498467e+00 -2.498815086066697777e+00 2.358783013167841391e-01 8.415351206364314760e-07 3.758999306070732871e+01 8.655415766733432292e+01 3.986528741628193728e+01 4.032099734857858276e+10 4.489821473142141724e+10 2.927307644046432955e-01
5.011872336272694170e+07 4.392661122147215380e+00 -1.479935221600961803e+00 -2.497224789290392710e+00 2.364690393002157887e-01 6.722555676523702430e-07 3.369259082422210838e+01 7.758005737620180753e+01 3.576193204019354965e+01 4.012713620756990814e+10 4.509207587243009186e+10 3.035239803439577777e-01
5.623413251903456450e+07 4.350421820302876164e+00 -1.470272810583857392e+00 -2.495630999701516473e+00 2.370667108903236342e-01 5.370382566021610922e-07 3.019988048955721638e+01 6.953779462545617207e+01 3.208398574015211580e+01 3.993217093276612091e+10 4.528704114723387909e+10 3.147051826989591961e-01
6.309573444801890850e+07 4.308452994569806016e+00 -1.460578905708916020e+00 -2.493993974527421997e+00 2.376713936284400586e-01 4.290608267437888264e-07 2.707190798627354766e+01 6.233537176809993241e+01 2.878715658031322633e+01 3.973608359221992493e+10 4.548312848778007507e+10 3.262874801685083370e-01
7.079457843841329217e+07 4.266752422694538360e+00 -1.450852981124510777e+00 -2.492282848832468201e+00 2.382831466120375330e-01 3.428478458615834852e-07 2.427176871628890353e+01 5.588781282672606210e+01 2.583157696544258997e+01 3.953884233690213776e+10 4.568036974309786224e+10 3.382852225489135223e-01
7.943282347242756188e+07 4.225317498826743012e+00 -1.441094405636994091e+00 -2.490542715304446819e+00 2.389020334657535327e-01 2.739768619115290179e-07 2.176275570774814838e+01 5.011059687513197503e+01 2.318161672289615183e+01 3.934041782828730774e+10 4.587879425171269226e+10 3.507131846472358871e-01
8.912509381337386370e+07 4.184144852225696987e+00 -1.431302346676179615e+00 -2.488788457390606279e+00 2.395281285611731981e-01 2.189492372631042592e-07 1.951387131144081977e+01 4.493234918832780522e+01 2.080554307130966762e+01 3.914079217747867584e+10 4.607841990252132416e+10 3.635858568434222060e-01
9.999999999999918044e+07 4.143230874940559083e+00 -1.421475888054924530e+00 -2.487007148044447113e+00 2.401615096823279116e-01 1.749850648188704472e-07 1.749850648188690272e+01 4.029180017485246879e+01 1.867493933723017108e+01 3.893994768112492371e+10 4.627926439887507629e+10 3.769180480944578360e-01
1.122018454301956147e+08 4.102573075817930182e+00 -1.411614356332409059e+00 -2.485146141448008272e+00 2.408022366990258123e-01 1.398719896113958291e-07 1.569389535839176197e+01 3.613652950324132007e+01 1.676423109527783595e+01 3.873785354824513245e+10 4.648135853175486755e+10 3.907258281532980937e-01
1.258925411794155836e+08 4.062169201933293117e+00 -1.401717117124059886e+00 -2.483238619650345758e+00 2.414503640633886283e-01 1.118160582244359630e-07 1.407680771453973456e+01 3.241304760044278055e+01 1.505049166768574231e+01 3.853447489255774689e+10 4.668473718744225311e+10 4.050261876088205870e-01
1.412537544622738063e+08 4.022016081805315224e+00 -1.391783289802266399e+00 -2.481307318002476947e+00 2.421059593267521626e-01 8.939266080462360500e-08 1.262704896002563082e+01 2.907485470386098925e+01 1.351329411007815473e+01 3.832978755962888336e+10 4.688942452037111664e+10 4.198359175247214914e-01
1.584893192461097836e+08 3.982110170707267471e+00 -1.381811872438398092e+00 -2.479360342419893559e+00 2.427690951198373526e-01 7.146886897932813861e-08 1.132705239182313051e+01 2.608150198497449423e+01 1.213438519285727324e+01 3.812377326258187866e+10 4.709543881741812134e+10 4.351717965281830525e-01
1.778279410038908124e+08 3.942448622964979776e+00 -1.371802008182314347e+00 -2.477336878204255299e+00 2.434398312108415341e-01 5.714783214439389444e-08 1.016248132307353202e+01 2.339997800233952319e+01 1.089734819317442849e+01 3.791640302752670288e+10 4.730280905247329712e+10 4.510517693270577610e-01
1.995262314968858361e+08 3.903029391287146321e+00 -1.361753018604955567e+00 -2.475245501263973580e+00 2.441182115275832565e-01 4.570277958714463877e-08 9.118903379955769495e+00 2.099705098713917550e+01 9.787422468437465994e+00 3.770763721843409729e+10 4.751157486156590271e+10 4.674952706322465512e-01
2.238721138568310440e+08 3.863849580568318842e+00 -1.351663987168192582e+00 -2.473121908664224655e+00 2.448042917696041376e-01 3.655236077064118081e-08 8.183054272180946498e+00 1.884217878228508880e+01 8.791441724201863650e+00 3.749744469719233704e+10 4.772176738280766296e+10 4.845217748924869894e-01
2.511886431509551406e+08 3.824905819385817196e+00 -1.341533844592570413e+00 -2.470983215579895642e+00 2.454981337294898647e-01 2.923505467860784142e-08 7.343513717163486554e+00 1.690906521533793949e+01 7.897660624261291673e+00 3.728580460864108276e+10 4.793340747135891724e+10 5.021504360873093598e-01
2.818382931264426112e+08 3.786194946649562798e+00 -1.331361542916738028e+00 -2.468780066576241161e+00 2.461997931829903452e-01 2.338558890432961031e-08 6.590954460552932659e+00 1.517623348947179629e+01 7.095528156641051964e+00 3.707268938636226654e+10 4.814652269363773346e+10 5.204013614562336132e-01
3.162277660168340802e+08 3.747714927618773562e+00 -1.321146301616554553e+00 -2.466489122950556556e+00 2.469093022173169949e-01 1.870970734331135996e-08 5.916528956004107442e+00 1.362331137636268252e+01 6.375539534995192881e+00 3.685805655973577118e+10 4.836115552026422882e+10 5.392966041308335789e-01
3.548133892335702181e+08 3.709463224207550702e+00 -1.310887182649668192e+00 -2.464156857633553521e+00 2.476266979212772001e-01 1.496998646123152208e-08 5.311551633090216384e+00 1.223029961102171193e+01 5.729199260310585906e+00 3.664186797527008057e+10 4.857734410472991943e+10 5.588587104225799518e-01
3.981071705534920692e+08 3.671436666618406619e+00 -1.300583047758949284e+00 -2.461799081137826750e+00 2.483520252505528325e-01 1.197838878339196988e-08 4.768682466345863347e+00 1.098029716023006586e+01 5.148934341029294259e+00 3.642409774800447083e+10 4.879511433199552917e+10 5.791097569634657827e-01
4.466835921509580016e+08 3.633631942312630425e+00 -1.290232683147512160e+00 -2.459392892679898246e+00 2.490853280606263598e-01 9.585530691154729306e-09 4.281699281798249324e+00 9.858976938951961699e+00 4.627952488549746057e+00 3.620471829129646301e+10 4.901449378870353699e+10 6.000724699974626652e-01
5.011872336272653341e+08 3.596046848197787860e+00 -1.279835144388190349e+00 -2.456887986117341605e+00 2.498266239939969102e-01 7.672102439717676349e-09 3.845159797867095275e+00 8.853807630748772084e+00 4.160132874307230111e+00 3.598368682660778046e+10 4.923552525339221954e+10 6.217716733793591244e-01
5.623413251903399229e+08 3.558679229517333287e+00 -1.269389473080750452e+00 -2.454325158166575704e+00 2.505759236203554674e-01 6.141289000709277274e-09 3.453500595035713605e+00 7.951978988775301183e+00 3.739988208819129856e+00 3.576095828270886993e+10 4.945825379729113007e+10 6.442334278804147107e-01
6.309573444801839590e+08 3.521526127830234554e+00 -1.258894454693121112e+00 -2.451724537077194288e+00 2.513332473111578036e-01 4.916261970341641750e-09 3.101951597575679287e+00 7.142507507766824304e+00 3.362626046405578162e+00 3.553649968339727020e+10 4.968271239660272980e+10 6.674834097112667397e-01
7.079457843841286898e+08 3.484584284785926744e+00 -1.248348750091753390e+00 -2.449088544926806499e+00 2.520986154662280820e-01 3.935849898177764723e-09 2.786368343383650803e+00 6.415850211065709630e+00 3.023667103434766190e+00 3.531028239139241028e+10 4.990892968860758972e+10 6.915474883686699714e-01
7.943282347242691517e+08 3.447851238015688047e+00 -1.237751207443694490e+00 -2.446353218449344613e+00 2.528720251319017120e-01 3.151518278630981014e-09 2.503339950966214644e+00 5.764153253791251430e+00 2.719167016813343274e+00 3.508226479666920471e+10 5.013694728333079529e+10 7.164535497490410743e-01
8.912509381337294579e+08 3.411325130616456924e+00 -1.227100817163274238e+00 -2.443536538233947120e+00 2.536534520787156466e-01 2.523850898172794426e-09 2.249384480706158929e+00 5.179399173686154434e+00 2.445578206126409526e+00 3.485239544538718414e+10 5.036681663461281586e+10 7.422316705909092205e-01
9.999999999999836683e+08 3.375003298188625322e+00 -1.216396301565089821e+00 -2.440672090010719053e+00 2.544428799654864792e-01 2.021357161476311737e-09 2.021357161476278641e+00 4.654346867632037643e+00 2.199734555093455501e+00 3.462063316438346863e+10 5.059857891561653137e+10 7.689118858821250013e-01
1.122018454301946878e+09 3.338882690684264354e+00 -1.205636227275832528e+00 -2.437776290488367081e+00 2.552402915136929296e-01 1.618991812023049488e-09 1.816538690453610050e+00 4.182734909485407826e+00 1.978807510665520075e+00 3.438694684874527740e+10 5.083226523125472260e+10 7.965239094213584226e-01
1.258925411794145584e+09 3.302960610169822786e+00 -1.194819220866705889e+00 -2.434790255507943701e+00 2.560456516233839408e-01 1.296920363881236337e-09 1.632726003163398554e+00 3.759490555827790903e+00 1.780251874032690917e+00 3.415129624989459229e+10 5.106791583010540771e+10 8.250992318477885501e-01
1.412537544622726679e+09 3.267235361165783392e+00 -1.183944172009275375e+00 -2.431699739634265445e+00 2.568588908987749497e-01 1.039103295252036303e-09 1.467772417284695541e+00 3.379670887947576308e+00 1.601772837938307381e+00 3.391362549454894257e+10 5.130558658545105743e+10 8.546724240845523513e-01
1.584893192461085081e+09 3.231704685340300642e+00 -1.173009764374107977e+00 -2.428551684105720199e+00 2.576799393257786508e-01 8.326142333917188643e-10 1.319604630448740323e+00 3.038501950717186428e+00 1.441318516971688890e+00 3.367388516768230057e+10 5.154532691231770325e+10 8.852786921658617469e-01
1.778279410038893700e+09 3.196365824482528595e+00 -1.162014484583440144e+00 -2.425364292075170791e+00 2.585087246302941733e-01 6.671969906082734298e-10 1.186462670838605682e+00 2.731931259266874967e+00 1.297057686722087988e+00 3.343203921355812073e+10 5.178717286644187927e+10 9.169526347470440264e-01
1.995262314968842030e+09 3.161216002291715288e+00 -1.150956764429922119e+00 -2.422103082342701441e+00 2.593451603753713641e-01 5.347056710559262981e-10 1.066878075058015574e+00 2.456577551670769299e+00 1.167344966448647492e+00 3.318804787054204559e+10 5.203116420945795441e+10 9.497302295925071913e-01
2.238721138568292141e+09 3.126253545491683994e+00 -1.139835337312746111e+00 -2.418721628947059887e+00 2.601891174181998334e-01 4.286072919978938376e-10 9.595322047401972920e-01 2.209404550882489104e+00 1.050695413884816576e+00 3.294185393843312836e+10 5.227735814156687164e+10 9.836510377169966901e-01
2.511886431509531021e+09 3.091476696340081709e+00 -1.128648872009774484e+00 -2.415268783975238698e+00 2.610404498731829781e-01 3.435977828007472358e-10 8.630786085139559027e-01 1.987311938046278925e+00 9.457775016615979080e-01 3.269340037433150482e+10 5.252581170566849518e+10 1.018756377382843414e+00
2.818382931264402866e+09 3.056883036862710235e+00 -1.117395781418708545e+00 -2.411763404868371818e+00 2.618990081127812730e-01 2.754686349224564189e-10 7.763760987641563638e-01 1.787672031571219566e+00 8.514029024211607899e-01 3.244264421851064301e+10 5.277656786148935699e+10 1.055087046651230764e+00
3.162277660168314457e+09 3.022469949199519501e+00 -1.106074361091634595e+00 -2.408200845559352654e+00 2.627646265627501254e-01 2.208653075707277595e-10 6.984374280371160593e-01 1.608211610187365137e+00 7.665058113771965331e-01 3.218954531880569839e+10 5.302966676119430542e+10 1.092684668146086446e+00
3.548133892335673332e+09 2.988235716893432592e+00 -1.094683152008295801e+00 -2.404515159027930782e+00 2.636370939755586784e-01 1.771183224650427810e-10 6.284395228918572274e-01 1.447035477259080993e+00 6.901246341910356463e-01 3.193404813710585403e+10 5.328516394289414978e+10 1.131594488029104895e+00
3.981071705534887791e+09 2.954179087354324551e+00 -1.083220807645384864e+00 -2.400735314111417829e+00 2.645161613640237830e-01 1.420552084063137517e-10 5.655319708102374276e-01 1.302185485599196557e+00 6.213941101195790129e-01 3.167608890179705048e+10 5.354312317820294952e+10 1.171865105488051562e+00
4.466835921509543419e+09 2.920298093077852819e+00 -1.071685697740198506e+00 -2.396893609163798011e+00 2.654015701724643517e-01 1.139419591390382134e-10 5.089600360494285214e-01 1.171923791937126369e+00 5.595413781811712228e-01 3.141561677471771240e+10 5.380359530528228760e+10 1.213545126766066407e+00
5.011872336272612572e+09 2.886590492773001504e+00 -1.060076045373187448e+00 -2.393005622236410446e+00 2.662930394370938147e-01 9.139674882828608688e-11 4.580688370777433738e-01 1.054742475820330094e+00 5.038747214872350000e-01 3.115259112652891159e+10 5.406662095347108459e+10 1.256683201120512683e+00
5.623413251903352737e+09 2.853054567496481564e+00 -1.048390198405442675e+00 -2.389003256490064953e+00 2.671902423377702784e-01 7.332393327070748357e-11 4.123307780361736286e-01 9.494267028887301008e-01 4.537704920195087532e-01 3.088695979304913712e+10 5.433225228695086670e+10 1.301331421805819843e+00
6.309573444801788330e+09 2.819689510320503079e+00 -1.036626776165046504e+00 -2.384883949870414632e+00 2.680927921693981864e-01 5.883401151088675436e-11 3.712175166802538229e-01 8.547599201662210433e-01 4.086658264431351495e-01 3.061865506313171005e+10 5.460055701686828613e+10 1.347546909880980692e+00
7.079457843841228485e+09 2.786493963186285061e+00 -1.024784161574823660e+00 -2.380695752303505941e+00 2.690002784306997352e-01 4.721098400362289308e-11 3.342281710199108691e-01 7.695888042491113579e-01 3.680571083327520143e-01 3.034761901336332321e+10 5.487159306663667297e+10 1.395387827326514563e+00
7.943282347242626190e+09 2.753466214406905088e+00 -1.012860559591337140e+00 -2.376460770003620215e+00 2.699122591407290828e-01 3.788546801561188920e-11 3.009349693054350627e-01 6.929283742833155513e-01 3.314941788694414915e-01 3.007380908286027527e+10 5.514540299713972473e+10 1.444911888893036345e+00
8.912509381337221146e+09 2.720604702736211244e+00 -1.000854172781533880e+00 -2.372132164722160041e+00 2.708282439372275419e-01 3.040524121977010867e-11 2.709869976130222513e-01 6.239706210989581781e-01 2.985717039848848064e-01 2.979717733942098999e+10 5.542203474057901001e+10 1.496179791099286005e+00
9.999999999999753952e+09 2.687908981254321539e+00 -9.887635609470962761e-01 -2.367670236376776316e+00 2.717476631347565119e-01 2.440594940644745674e-11 2.440594940644685573e-01 5.619677528365141228e-01 2.689232446364981377e-01 2.951765680085628510e+10 5.570155527914371490e+10 1.549258493755370392e+00
1.122018454301937675e+10 2.655378447945419662e+00 -9.765871861348418559e-01 -2.363132621183107851e+00 2.726698988227746479e-01 1.959171549250113143e-11 2.198226633401944574e-01 5.061603877093805437e-01 2.422200411228508932e-01 2.923518453868552399e+10 5.598402754131447601e+10 1.604217718627160671e+00
1.258925411794135284e+10 2.623012008384899563e+00 -9.643232789851604592e-01 -2.358539932925511007e+00 2.735942908101701709e-01 1.572761683186194480e-11 1.979989649659217310e-01 4.559094651587817237e-01 2.181682948011469392e-01 2.894971521193242264e+10 5.626949686806758118e+10 1.661126809806778404e+00
1.412537544622714996e+10 2.590808495734105321e+00 -9.519699875145883894e-01 -2.353879430416150775e+00 2.745201207654694442e-01 1.262623919950869154e-11 1.783503691669308111e-01 4.106669013737597740e-01 1.965038856378334975e-01 2.866120560500988007e+10 5.655800647499011993e+10 1.720057449620986834e+00
1.584893192461071968e+10 2.558767753871063810e+00 -9.395257964631117398e-01 -2.349084562968152490e+00 2.754465762640225246e-01 1.013790492462532259e-11 1.606749650085625147e-01 3.699677792460560055e-01 1.769880186223381779e-01 2.836959514718954849e+10 5.684961693281045532e+10 1.781087999707529734e+00
1.778279410038879013e+10 2.526889983059047218e+00 -9.269892908770096529e-01 -2.344198131045772016e+00 2.763727642281196273e-01 8.140557653112070817e-12 1.447618606076361558e-01 3.333265022692250001e-01 1.594056615844562375e-01 2.807481837954888535e+10 5.714439370045111084e+10 1.844302207038979180e+00
1.995262314968825912e+10 2.495174780873704812e+00 -9.143587792043140761e-01 -2.339252573105730537e+00 2.772977337244196816e-01 6.536843158876494585e-12 1.304271681376804604e-01 3.003196530752510474e-01 1.435645077008444181e-01 2.777682734404108810e+10 5.744238473595890808e+10 1.909784237959192499e+00
2.238721138568273544e+10 2.463621571854550663e+00 -9.016324510249820179e-01 -2.334262196304972115e+00 2.782204583016306132e-01 5.249023833246701487e-12 1.175110061233805986e-01 2.705790909624282148e-01 1.292920390999025004e-01 2.747558543983665466e+10 5.774362664016334534e+10 1.977619512070644792e+00
2.511886431509510422e+10 2.432230455212978093e+00 -8.888087191593285752e-01 -2.329150235953750148e+00 2.791398053431304871e-01 4.215346766772442345e-12 1.058847234756318256e-01 2.438085858507865467e-01 1.164323471795721820e-01 2.717104278751758575e+10 5.804816929248241425e+10 2.047900172009159636e+00
2.818382931264379883e+10 2.401002331640908150e+00 -8.758862883510595276e-01 -2.323927944852839822e+00 2.800545260994595220e-01 3.385492415042028335e-12 9.541614036479476035e-02 2.197037824350038804e-01 1.048445379724274734e-01 2.686313557025930023e+10 5.835607650974069977e+10 2.120726825704400298e+00
3.162277660168288803e+10 2.369937552090729760e+00 -8.628636054710840941e-01 -2.318645717949016305e+00 2.809632889613752349e-01 2.718997647619859966e-12 8.598225519118411764e-02 1.979814590652304584e-01 9.440240693492166213e-02 2.655181513638966751e+10 5.866739694361033630e+10 2.196202142335093033e+00
3.548133892335644531e+10 2.339036191231689710e+00 -8.497389604330380930e-01 -2.313329578074905246e+00 2.818646647243918668e-01 2.183610831200202856e-12 7.747743597852647934e-02 1.783983891275556233e-01 8.499291073010205311e-02 2.623705170740690231e+10 5.898216037259309387e+10 2.274429252824475611e+00
3.981071705534854889e+10 2.308298583242389679e+00 -8.365107091009545970e-01 -2.307917959249551121e+00 2.827571037226589978e-01 1.753708343746155973e-12 6.981638667048215008e-02 1.607581711941604152e-01 7.651399672205919100e-02 2.591880891301286316e+10 5.930040316698713684e+10 2.355517692795829010e+00
4.466835921509506989e+10 2.277726095004886098e+00 -8.231776185528663081e-01 -2.302379321482272978e+00 2.836389061805540956e-01 1.408547221425072315e-12 6.291749325803917825e-02 1.448728820645144022e-01 6.887322039059234902e-02 2.559703061290461731e+10 5.962218146709538269e+10 2.439588270245576229e+00
5.011872336272570801e+10 2.247319795399284281e+00 -8.097383041264830661e-01 -2.296778839495748237e+00 2.845082534933535134e-01 1.131287697503786414e-12 5.669869515484719097e-02 1.305535702557648892e-01 6.198755908258539449e-02 2.527167030769840240e+10 5.994754177230159760e+10 2.526766759240700821e+00
5.623413251903306580e+10 2.217080299896805329e+00 -7.961911500489721183e-01 -2.291140540696054995e+00 2.853632042729620788e-01 9.085406768974787856e-13 5.109099682358482497e-02 1.176413676721925622e-01 5.578268563438648631e-02 2.494270434442182159e+10 6.027650773557817841e+10 2.617179602491614077e+00
6.309573444801736450e+10 2.187008152573532538e+00 -7.825344694304960935e-01 -2.285437710880715123e+00 2.862016744278452207e-01 7.296230187948730345e-13 4.603610024104209247e-02 1.060020381546031287e-01 5.019160048871661867e-02 2.461011092667807770e+10 6.060910115332192230e+10 2.710959222959651083e+00
7.079457843841171265e+10 2.157104856361852896e+00 -7.687669783543025215e-01 -2.279601117877980254e+00 2.870213998534939526e-01 5.859675587149028847e-13 4.148332629780681485e-02 9.551888874113785566e-02 4.515357731632311383e-02 2.427384852888593292e+10 6.094536355111406708e+10 2.808251151220738873e+00
7.943282347242561340e+10 2.127372018204734427e+00 -7.548874237004785659e-01 -2.273687113431928086e+00 2.878199523153616712e-01 4.705772318390006773e-13 3.737927818681004155e-02 8.606896873982630702e-02 4.061388087929902746e-02 2.393387551234346390e+10 6.128533656765653992e+10 2.909210656742235557e+00
8.912509381337149048e+10 2.097810587498701640e+00 -7.408942234859635656e-01 -2.267726202384666045e+00 2.885947502479226379e-01 3.778750217491927207e-13 3.367814676312659572e-02 7.754679869644097445e-02 3.652348669339236520e-02 2.359017383961568451e+10 6.162903824038431549e+10 3.013995432454906975e+00
9.999999999999673462e+10 2.068421255465843434e+00 -7.267856377711373606e-01 -2.261725081120246728e+00 2.893430366328739733e-01 3.034012835099385482e-13 3.034012835099286418e-02 6.986072726052219850e-02 3.283829854446829871e-02 2.324273787874571228e+10 6.197647420125428772e+10 3.122768460304902405e+00
1.122018454301928558e+11 2.039205351172043379e+00 -7.125601982289556657e-01 -2.255593631012833722e+00 2.900618456602598871e-01 2.436054220389881946e-13 2.733297790957545104e-02 6.293650748172399667e-02 2.951836767591215632e-02 2.289154625348490143e+10 6.232766582651509857e+10 3.235707240157907449e+00
1.258925411794125061e+11 2.010164720930847082e+00 -6.982166694250724337e-01 -2.249355331468927410e+00 2.907479975762922719e-01 1.955858360506092213e-13 2.462279791911114318e-02 5.669608743635012882e-02 2.652755280296031568e-02 2.253656608331808090e+10 6.268264599668191528e+10 3.353005538341667258e+00
1.412537544622703552e+11 1.981300506181443488e+00 -6.837534503974981304e-01 -2.243059948819849936e+00 2.913981176738721923e-01 1.570125949947889217e-13 2.217861854087781540e-02 5.106815643542661487e-02 2.383344670616590819e-02 2.217778649951151276e+10 6.304142558048848724e+10 3.474863231335600045e+00
1.584893192461058960e+11 1.952613475845243807e+00 -6.691687192735037426e-01 -2.236733014820138532e+00 2.920086144390081073e-01 1.260254930614647010e-13 1.997369460296638186e-02 4.599113144480601600e-02 2.140696450916010352e-02 2.181521970091111374e+10 6.340399237908888245e+10 3.601485221280762872e+00
1.778279410038864746e+11 1.924104634313048789e+00 -6.544607345033637280e-01 -2.230290746707652261e+00 2.925756535985089002e-01 1.011465689917388933e-13 1.798668610340847795e-02 4.141587529407152191e-02 1.922178934068817513e-02 2.144886962734951782e+10 6.377034245265048218e+10 3.733092308432646167e+00
1.995262314968809509e+11 1.895775817646382810e+00 -6.396281572039893559e-01 -2.223709109537081563e+00 2.930951371941415973e-01 8.117445229320747163e-14 1.619643255988703276e-02 3.729366417207927858e-02 1.725405085403441258e-02 2.107872052486492538e+10 6.414049155513507080e+10 3.869928805336228628e+00
2.238721138568255310e+11 1.867628359555866258e+00 -6.246693690260542997e-01 -2.217058612600819600e+00 2.935627198206113841e-01 6.513530002495690962e-14 1.458197730328564430e-02 3.357624356492304452e-02 1.548230316060936196e-02 2.070477430253452301e+10 6.451443777746547699e+10 4.012251464799398093e+00
2.511886431509489746e+11 1.839663113210242562e+00 -6.095824642111483671e-01 -2.210367488129703073e+00 2.939737925241910355e-01 5.225404328990452967e-14 1.312562223314206813e-02 3.022286209030414575e-02 1.388732551922868853e-02 2.032706369396320724e+10 6.489214838603678894e+10 4.160323750935435605e+00
2.818382931264356689e+11 1.811880858273108297e+00 -5.943654539541556314e-01 -2.203587700070419597e+00 2.943234612207015211e-01 4.191303450892463682e-14 1.181269810574471502e-02 2.719974256632678306e-02 1.245176040281292112e-02 1.994562447548886490e+10 6.527358760451113892e+10 4.314426566903244442e+00
3.162277660168262939e+11 1.784283293532765935e+00 -5.790168183742360197e-01 -2.196646877119079022e+00 2.946065243772186815e-01 3.361515443919811454e-14 1.063004519261822114e-02 2.447658359837573752e-02 1.115985224869536427e-02 1.956047186625360489e+10 6.565874021374639893e+10 4.474870982091269767e+00
3.548133892335615234e+11 1.756872037495565531e+00 -5.635349764420560792e-01 -2.189618851929832744e+00 2.948174791920731286e-01 2.695434743621013031e-14 9.563763368420675343e-03 2.202137896504796979e-02 9.997403184609777310e-03 1.917163047982301331e+10 6.604758160017698669e+10 4.641990681493710191e+00
3.981071705534822998e+11 1.729648081458515119e+00 -5.479179666945591665e-01 -2.182534719285749603e+00 2.949505124528356004e-01 2.160751064247229858e-14 8.602104924578904063e-03 1.980707856770605457e-02 8.951691746290931298e-03 1.877915997703038406e+10 6.644005210296961975e+10 4.816131026851612873e+00
4.466835921509470215e+11 1.702612180961483590e+00 -5.321636487717725794e-01 -2.175390861059331549e+00 2.949994811468120148e-01 1.731632227520563011e-14 7.734917036732310777e-03 1.781030466432549642e-02 8.011257165490146687e-03 1.838313720527329254e+10 6.683607487472670746e+10 4.997656954850054234e+00
5.011872336272529907e+11 1.675765815809963533e+00 -5.162702642600051073e-01 -2.168083013186024033e+00 2.949579014406241151e-01 1.387478592203352873e-14 6.953865573434339122e-03 1.601186720807440053e-02 7.165702868680153340e-03 1.798362434787365723e+10 6.723558773212634277e+10 5.186969982732034801e+00
5.623413251903260498e+11 1.649110844245265772e+00 -5.002362603876554514e-01 -2.160653874420851661e+00 2.948189502442397081e-01 1.111431623653449165e-14 6.250039321037163635e-03 1.439124737124680177e-02 6.405625004197126014e-03 1.758068093414589691e+10 6.763853114585410309e+10 5.384509692759936073e+00
6.309573444801684570e+11 1.622648417101699270e+00 -4.840596397433719611e-01 -2.153156423124531038e+00 2.945754546135413432e-01 8.899918272093061747e-15 5.615468799050367735e-03 1.293009474686655433e-02 5.722591451244295364e-03 1.717440265006468201e+10 6.804480942993531799e+10 5.590737302109406670e+00
7.079457843841113281e+11 1.596379346586601189e+00 -4.677381566160186965e-01 -2.145617597101035834e+00 2.942198786134283539e-01 7.123781182417692765e-15 5.043250856967465730e-03 1.161251424348273310e-02 5.109026226485565564e-03 1.676491843131133461e+10 6.845429364868866730e+10 5.806137136339983407e+00
7.943282347242496338e+11 1.570304799095367576e+00 -4.512697400687621929e-01 -2.137927307122040155e+00 2.937443260819785351e-01 5.700325287061869549e-15 4.527929322625856567e-03 1.042594256040892467e-02 4.558064806388276158e-03 1.635235215495833397e+10 6.886685992504167175e+10 6.031238483903954339e+00
8.912509381337076416e+11 1.544426691135600160e+00 -4.346527677861867223e-01 -2.130076097392648471e+00 2.931405581377724001e-01 4.559775266135138673e-15 4.063903983621819198e-03 9.357484732046719364e-03 4.063479124076886835e-03 1.593681496507447243e+10 6.928239711492552185e+10 6.266629070340998808e+00
9.999999999999591064e+11 1.518746356826249810e+00 -4.178852293063133327e-01 -2.122143729161189096e+00 2.923999744967000769e-01 3.645751056388443644e-15 3.645751056388294668e-03 8.394652035206982138e-03 3.619675704895545729e-03 1.551845198804409599e+10 6.970076009195590210e+10 6.512935527584091666e+00
1.122018454301919434e+12 1.493264693527460718e+00 -4.009647925466817142e-01 -2.114167429106951879e+00 2.915136100562163435e-01 2.913377383543250895e-15 3.268863188681368596e-03 7.526835649294702155e-03 3.221638512783005052e-03 1.509745447463877678e+10 7.012175760536122131e+10 6.770816811801270596e+00
1.258925411794114746e+12 1.467982605115434325e+00 -3.838890807457122079e-01 -2.106070294898441553e+00 2.904721508821356268e-01 2.326987946600892970e-15 2.929504258914470468e-03 6.745432836439029141e-03 2.864831800639663049e-03 1.467402334183003426e+10 7.054518873816996765e+10 7.040988317244670114e+00
1.412537544622691895e+12 1.442901913494331945e+00 -3.666563034649937269e-01 -2.097778818425379832e+00 2.892659950085398335e-01 1.857790191587601628e-15 2.624198395649271053e-03 6.042440106880903050e-03 2.545134977056666154e-03 1.424834408374386597e+10 7.097086799625613403e+10 7.324248321445425702e+00
1.584893192461046143e+12 1.418024207495842681e+00 -3.492644995409759368e-01 -2.089389579554077336e+00 2.878852381472863931e-01 1.482307397853151823e-15 2.349298903992107831e-03 5.409460635319478065e-03 2.258837458501657732e-03 1.382062931254619026e+10 7.139858276745381165e+10 7.621462895529508508e+00
1.778279410038850098e+12 1.393350479690684374e+00 -3.317112637909358508e-01 -2.080937708464377423e+00 2.863196696177128797e-01 1.181904526777283612e-15 2.101756484599754185e-03 4.839473150542963897e-03 2.002614113855097876e-03 1.339114549267493629e+10 7.182806658732505798e+10 7.933550230780877399e+00
1.995262314968793213e+12 1.368881503724032278e+00 -3.139939857478066254e-01 -2.072402498683441507e+00 2.845588111793933006e-01 9.417114957228085949e-16 1.878961458988615951e-03 4.326468645777530389e-03 1.773465568947086603e-03 1.296018611005342865e+10 7.225902596994656372e+10 8.261503279251533272e+00
2.238721138568236816e+12 1.344618851004614646e+00 -2.961105907407900473e-01 -2.063660272901824744e+00 2.825920349825213340e-01 7.498590391084049464e-16 1.678725281798452247e-03 3.865407809101344908e-03 1.568668657575115512e-03 1.252803585962253380e+10 7.269117622037747192e+10 8.606427742955709448e+00
2.511886431509469238e+12 1.320564321591750190e+00 -2.780591615965855579e-01 -2.054781232514899525e+00 2.804085976668647673e-01 5.966366473714665343e-16 1.498683499073686677e-03 3.450846284083227029e-03 1.385762305245502070e-03 1.209499325638164902e+10 7.312421882361834717e+10 8.969545117857180117e+00
2.818382931264333984e+12 1.296718998342674789e+00 -2.598372267668875302e-01 -2.045823342253474841e+00 2.779976156197521697e-01 4.743032747732296442e-16 1.336768253863647882e-03 3.078022654134115934e-03 1.222540581790069070e-03 1.166141374466489983e+10 7.355779833533509827e+10 9.352166681927670311e+00
3.162277660168236816e+12 1.273083640517223669e+00 -2.414420208868232332e-01 -2.036813197005148623e+00 2.753481475168106929e-01 3.766855378631292192e-16 1.191184261293030044e-03 2.742803123062455446e-03 1.077019937360155447e-03 1.122769995584598732e+10 7.399151212415400696e+10 9.755707090179974728e+00
3.548133892335586426e+12 1.249659483748533084e+00 -2.228711012018748105e-01 -2.027604615284055001e+00 2.724493633170054774e-01 2.988924537114064232e-16 1.060510445176786462e-03 2.441915542028547711e-03 9.474019707328809646e-04 1.079425624736617470e+10 7.442495583263381958e+10 1.018173771807085259e+01
3.981071705534790039e+12 1.226448419037102555e+00 -2.041225284199884582e-01 -2.018209338461781410e+00 2.692906958328346589e-01 2.369335216178594414e-16 9.432493390055757352e-04 2.171911866970726007e-03 8.320562855078996204e-04 1.036148674293105316e+10 7.485772533706893921e+10 1.063201950742581658e+01
4.466835921509433594e+12 1.203451672501790526e+00 -1.851938216406156523e-01 -2.008720913128554830e+00 2.658617925541378324e-01 1.876022905490182865e-16 8.379886503818046329e-04 1.929540174467342687e-03 7.295199844719483856e-04 9.929849836835586548e+09 7.528936224316441345e+10 1.110847057184151865e+01
5.011872336272489258e+12 1.180670048660721783e+00 -1.660821151667370710e-01 -1.999188199087267970e+00 2.621526443750181734e-01 1.483518356887878593e-16 7.435204613238776544e-04 1.712019130580416659e-03 6.384810018457547651e-04 9.499865819759799957e+09 7.571934626024020386e+10 1.161316705999863785e+01
5.623413251903214844e+12 1.158104447551162153e+00 -1.467845715869376677e-01 -1.989491417212964297e+00 2.581537962728506219e-01 1.171668587432550296e-16 6.588776661406923986e-04 1.517121892162266120e-03 5.577524762771880534e-04 9.072070202938226700e+09 7.614714187706176758e+10 1.214841159477423460e+01
6.309573444801632812e+12 1.135756678273437403e+00 -1.272991056959432710e-01 -1.979558570845339371e+00 2.538566783807681970e-01 9.241935635522673400e-17 5.831267166445976147e-04 1.342698885072413388e-03 4.862569568463213205e-04 8.646988688369342804e+09 7.657222339163066101e+10 1.271680633376948144e+01
7.079457843841054688e+12 1.113628167264565150e+00 -1.076233041579512106e-01 -1.969516194940995835e+00 2.492535796817677007e-01 7.278951726017789931e-17 5.153103189169702496e-04 1.186545858604223314e-03 4.230258382544056632e-04 8.225189722984582901e+09 7.699402235701541138e+10 1.332123127824258191e+01
7.943282347242431641e+12 1.091719769293808984e+00 -8.775422286395925808e-02 -1.959411712572997288e+00 2.443377762403414200e-01 5.723422603845155161e-17 4.546276173493153140e-04 1.046818774571934728e-03 3.671917224250019290e-04 7.807307761019784927e+09 7.741190431898020935e+10 1.396483169341991726e+01
8.912509381337003906e+12 1.070032152235293355e+00 -6.768869684038925083e-02 -1.949194155697850928e+00 2.391037979576474404e-01 4.492573781078024684e-17 4.004010597020654931e-04 9.219575112889950245e-04 3.179723152784789128e-04 7.394004459485374451e+09 7.782520762051461792e+10 1.465109992157270469e+01
9.999999999999509766e+12 1.048566867192058938e+00 -4.742434347233218106e-02 -1.938713675582305562e+00 2.335479328839840663e-01 3.520423082129138401e-17 3.520423082128965584e-04 8.106073709942309682e-04 2.746581932213984609e-04 6.985928742522896767e+09 7.823328333747709656e+10 1.538399560151727918e+01
1.122018454301910156e+13 1.027325539888207295e+00 -2.695886210909360925e-02 -1.928082679461801785e+00 2.276683267830803548e-01 2.753278658175835158e-17 3.089229464308887864e-04 7.113213713355626697e-04 2.366099746631537717e-04 6.583747973379889488e+09 7.863546410662011719e+10 1.616797579471694490e+01
1.258925411794104297e+13 1.006309059027914232e+00 -6.289240229970080066e-03 -1.917368336701742004e+00 2.214650119401148365e-01 2.148681837508457493e-17 2.705030167099847500e-04 6.228562138863301704e-04 2.032555350326065754e-04 6.188186668096589088e+09 7.903102541190341187e+10 1.700797229101773311e+01
1.412537544622680273e+13 9.855179845057465693e-01 1.458790343791825650e-02 -1.906591035569184855e+00 2.149402501309420899e-01 1.672964187234616340e-17 2.363124725278062952e-04 5.441295765310918226e-04 1.740808902721711557e-04 5.800003425210297585e+09 7.941920865478970337e+10 1.790947961422121182e+01
1.584893192461033008e+13 9.649534805931647696e-01 3.567538544433596082e-02 -1.895553040075119045e+00 2.080991068010633882e-01 1.299574988460668978e-17 2.059687552303939874e-04 4.742605854160446364e-04 1.486211362234928391e-04 5.419939467893229485e+09 7.979927261210676575e+10 1.887874589330712638e+01
1.778279410038835547e+13 9.446172605021110336e-01 5.697544887094178889e-02 -1.884299753622015627e+00 2.009497773758758543e-01 1.006981107195635362e-17 1.790693769224107799e-04 4.123224779132751033e-04 1.264565596402599391e-04 5.048720231381270409e+09 8.017049184861872864e+10 1.992291487017185148e+01
1.995262314968776953e+13 9.245102837135359408e-01 7.849110467595188378e-02 -1.872946808604439184e+00 1.935034300837242260e-01 7.780712083321910137e-18 1.552456160347440856e-04 3.574662412342791574e-04 1.072118416615711680e-04 4.687104358186855316e+09 8.053210772181314087e+10 2.105001523867652935e+01
2.238721138568218750e+13 9.046330821640562458e-01 1.002258515656921090e-01 -1.861558836631590275e+00 1.857745390538255159e-01 5.993535015783740437e-18 1.341785353458386110e-04 3.089574952871026754e-04 9.055124824853669804e-05 4.335877209280200958e+09 8.088333487071980286e+10 2.226905833100449428e+01
2.511886431509448438e+13 8.849863907136374941e-01 1.221830118171493701e-01 -1.849948359728847525e+00 1.777813613661398950e-01 4.602457992710722301e-18 1.156085178348227464e-04 2.661984497895991631e-04 7.617234962161921442e-05 3.995794721846784592e+09 8.122341735815321350e+10 2.359034085219183297e+01
2.818382931264310938e+13 8.655718404807023481e-01 1.443649032112546970e-01 -1.838051122357082345e+00 1.695464782894958167e-01 3.522589678210086985e-18 9.928006622915150142e-05 2.286008005307058521e-04 6.380236836361163715e-05 3.667558504745675564e+09 8.155165357525431824e+10 2.502578638971371561e+01
3.162277660168211328e+13 8.463905231254307271e-01 1.667744146262406801e-01 -1.826037387333925288e+00 1.610964016633170681e-01 2.686125935198836360e-18 8.494276037277724838e-05 1.955879337921222628e-04 5.319765000554098171e-05 3.351861517766080379e+09 8.186735056223391724e+10 2.658903142952287624e+01
3.548133892335557031e+13 8.274429606039451768e-01 1.894151038904379469e-01 -1.813979761978739891e+00 1.524616300170578698e-01 2.040041125629276500e-18 7.238339059603616143e-05 1.666689161667982665e-04 4.414122875656800575e-05 3.049394771796196938e+09 8.216981730820379639e+10 2.829557522460319774e+01
3.981071705534757812e+13 8.087295286880460399e-01 2.122907457741936010e-01 -1.801770937089204105e+00 1.436768524870535024e-01 1.542811681978541776e-18 6.142043934093261695e-05 1.414257880315764981e-04 3.643886115160867322e-05 2.760797313442269325e+09 8.245841476655772400e+10 3.016326860968812085e+01
4.466835921509397656e+13 7.902515788386704765e-01 2.354039299906892091e-01 -1.789223965040033004e+00 1.347814441644889227e-01 1.161663077509814923e-18 5.188958363311997266e-05 1.194801817552898699e-04 2.991621190693704519e-05 2.486616170707653999e+09 8.273259590929234314e+10 3.221299706768984805e+01
5.011872336272448438e+13 7.720103634006028059e-01 2.587573049534181990e-01 -1.776520700025950861e+00 1.258188305841009269e-01 8.704193444960216268e-19 4.362430633636008828e-05 1.004486774623084445e-04 2.441799042649710970e-05 2.227332591817280769e+09 8.299187948818272400e+10 3.446910658593255050e+01
5.623413251903168750e+13 7.540063665247147551e-01 2.823544673430980478e-01 -1.763746827428858577e+00 1.168358565392033505e-01 6.487387355560005619e-19 3.648126002548519165e-05 8.400120550832178333e-05 1.980674335223137230e-05 1.983380231812322617e+09 8.323583184818768311e+10 3.695974577250305515e+01
6.309573444801581250e+13 7.362397310094603853e-01 3.061994918087408979e-01 -1.750904028663016865e+00 1.078825553895842032e-01 4.807655019738938483e-19 3.033425244431182767e-05 6.984719748539061374e-05 1.596053327738857999e-05 1.755110353142580986e+09 8.346410172685742188e+10 3.971771001735487516e+01
7.079457843840996875e+13 7.187113520321884996e-01 3.302954594019443246e-01 -1.737713851655964037e+00 9.901213694484402306e-02 3.541869164591224633e-19 2.507451343912390351e-05 5.773620085900556611e-05 1.277094831877868938e-05 1.542748597519457340e+09 8.367646348248054504e+10 4.278178992782387269e+01
7.943282347242367188e+13 7.014225565983829291e-01 3.546447823999722138e-01 -1.724282501759127006e+00 9.028010285526127943e-02 2.592583912462115045e-19 2.059362602560486742e-05 4.741857629725199080e-05 1.014207888987226079e-05 1.346398562499909878e+09 8.387281351750009155e+10 4.619812382262556838e+01
8.912509381336929688e+13 6.843738109795097779e-01 3.792510033603188613e-01 -1.710761900874457009e+00 8.174269002628252456e-02 1.884379282556059971e-19 1.679454803377783878e-05 3.867087594614931494e-05 7.989842583787237638e-06 1.166070141327935696e+09 8.405314193867205811e+10 5.002117921348113327e+01
9.999999999999428125e+13 6.675651225156393753e-01 4.041183316453947905e-01 -1.697239123690341023e+00 7.345603200379625941e-02 1.359184572383824744e-19 1.359184572383747078e-05 3.129638134998302484e-05 6.240661151383935919e-06 1.001665551789340138e+09 8.421754652821066284e+10 5.431541880269194422e+01
1.122018454301901094e+14 6.509968426903502969e-01 4.292504867233468691e-01 -1.683410212991329091e+00 6.547537935608332971e-02 9.725563400185384535e-20 1.091226161349114622e-05 2.512641092207586972e-05 4.830091344582469485e-06 8.529438565520327091e+08 8.436626822344796753e+10 5.915819101402964009e+01
1.258925411794094062e+14 6.346702047914909439e-01 4.546497775379662598e-01 -1.669235342046607284e+00 5.785402280673154762e-02 6.899555064466431520e-20 8.686025200729430334e-06 2.000031214457020286e-05 3.701923267916322668e-06 7.195158616831446886e+08 8.449969621831684875e+10 6.464340076939647872e+01
1.412537544622668750e+14 6.185857217489250104e-01 4.803195005544133034e-01 -1.654953806705779851e+00 5.064111222026382308e-02 4.848715463526866713e-20 6.848992635424205591e-06 1.577038834435377844e-05 2.807655755693226947e-06 6.008779446024129391e+08 8.461833413539758301e+10 7.088462517844335764e+01
1.584893192461020000e+14 6.027433092752076949e-01 5.062638623139337213e-01 -1.640686732752005605e+00 4.388033759861975636e-02 3.372684991822282238e-20 5.345345483854586169e-06 1.230811282802661494e-05 2.105693226383720120e-06 4.964196699452610016e+08 8.472279241005473328e+10 7.801922524214805321e+01
1.778279410038820938e+14 5.871427996434471774e-01 5.324872184780434781e-01 -1.626216701292570344e+00 3.760880565349740412e-02 2.320566605126707129e-20 4.126615813520510310e-06 9.501884056725824442e-06 1.560443304264911338e-06 4.054095474256783724e+08 8.481380253257432556e+10 8.621523215760558401e+01
1.995262314968760312e+14 5.717851067501276141e-01 5.589920456903447743e-01 -1.611303941987402899e+00 3.185618586360947080e-02 1.578291593644450647e-20 3.149105738830760502e-06 7.251083930493709947e-06 1.141619104584424841e-06 3.269974992160753608e+08 8.489221458078392029e+10 9.568112154830357952e+01
2.238721138568200312e+14 5.566708435004216193e-01 5.857811589734248647e-01 -1.596250815653814881e+00 2.664298125986540658e-02 1.059884644842767639e-20 2.372786158853353448e-06 5.463542038238333578e-06 8.237534553661252143e-07 2.602495953119511008e+08 8.495896248468804932e+10 1.066762114522054503e+02
2.511886431509428125e+14 5.417997994822107977e-01 6.128587194267980376e-01 -1.581181112892473095e+00 2.197955410669699683e-02 7.019919031545347588e-21 1.763323936563356452e-06 4.060203410450363165e-06 5.856598191489088122e-07 2.041743030411045253e+08 8.501503777695889282e+10 1.195230105545584252e+02
2.818382931264288125e+14 5.271713943234295208e-01 6.402295568952532934e-01 -1.566048468212745348e+00 1.786586413831642642e-02 4.580836207229145027e-21 1.291055057737206163e-06 2.972764130180258192e-06 4.098356306331440511e-07 1.577314091934713721e+08 8.506148067080653381e+10 1.346263575696267480e+02
3.162277660168185625e+14 5.127859951876815314e-01 6.678966842250546598e-01 -1.550435545895939793e+00 1.429173234044180119e-02 2.942447135023255765e-21 9.304834841309923120e-07 2.142517399837184851e-06 2.819535923827085045e-07 1.198473527104677260e+08 8.509936472728953552e+10 1.525015025099477270e+02
3.548133892335528125e+14 4.986442556355775158e-01 6.958623520330062817e-01 -1.534568350628639832e+00 1.123690238958087971e-02 1.857797778952910960e-21 6.591715264608491555e-07 1.517798530554881609e-06 1.904456941229072453e-07 8.944588441540387273e+07 8.512976619558459473e+10 1.738106087714420482e+02
3.981071705534725000e+14 4.847458310842762130e-01 7.241305850319400550e-01 -1.518661426522896818e+00 8.671602867032709994e-03 1.151171359945535211e-21 4.582895729301100898e-07 1.055250738903479123e-06 1.261194623864484864e-07 6.547993124817375094e+07 8.515373214875183105e+10 1.994064933945708162e+02
4.466835921509360625e+14 4.710898641399264841e-01 7.527064088123613939e-01 -1.502831321351033811e+00 6.558051276718768197e-03 6.989269794051414745e-22 3.121992138118918865e-07 7.188652557677231055e-07 8.176656251966862920e-08 4.694972623296999931e+07 8.517226235376702881e+10 2.303959036469421733e+02
5.011872336272406875e+14 4.576760300073913768e-01 7.815937032261700557e-01 -1.486558252633941812e+00 4.852318495104470004e-03 4.152419987856596238e-22 2.081139886572307733e-07 4.792001679256715654e-07 5.181492692733388154e-08 3.291786820208994299e+07 8.518629421179791260e+10 2.682347477421714075e+02
5.623413251903122500e+14 4.445048737201152123e-01 8.107942595885906378e-01 -1.469866629655211199e+00 3.506263417622551906e-03 2.409683985154368808e-22 1.355064885501580563e-07 3.120152205395622992e-07 3.203454221570311566e-08 2.252716672423644736e+07 8.519668491327575684e+10 3.148670094207628267e+02
6.309573444801530000e+14 4.315760067710854297e-01 8.403116384986378806e-01 -1.453118979493738028e+00 2.469471738001753885e-03 1.362847416469875240e-22 8.598985868274695532e-08 1.979989667515577566e-07 1.928418753342516852e-08 1.501746785250792839e+07 8.520419461214749146e+10 3.729061546504602234e+02
7.079457843840938750e+14 4.188883859414884170e-01 8.701507765472076272e-01 -1.436524089988151065e+00 1.691553345225170653e-03 7.494853642599377608e-23 5.305950040853999748e-08 1.221740146824156844e-07 1.127986299757586625e-08 9.731930829331111163e+06 8.520948014917066956e+10 4.458944413939596529e+02
7.943282347242301250e+14 4.064409961672301175e-01 9.003165114098029553e-01 -1.419639123659870883e+00 1.124242978553972351e-03 3.999472524682018105e-23 3.176893950358727423e-08 7.315068652118972563e-08 6.396745467485752831e-09 6.116974970607658848e+06 8.521309510502938843e+10 5.387000013588123011e+02
8.912509381336857500e+14 3.942340536279554941e-01 9.308105013179304166e-01 -1.402153911322771451e+00 7.231400407528304096e-04 2.066063271877510588e-23 1.841380829304383663e-08 4.239936048081287613e-08 3.507994292435699368e-09 3.719621833156795241e+06 8.521549245816683960e+10 6.581330600594696989e+02
9.999999999999345000e+14 3.822672112031022529e-01 9.616354091484061728e-01 -1.384585400650694798e+00 4.489103453802698040e-04 1.029982584957776275e-23 1.029982584957708852e-08 2.371622546167093807e-08 1.855104643873611251e-09 2.182004451495246962e+06 8.521703007554850769e+10 8.138490529976025982e+02
1.122018454301891875e+15 3.705392172873034351e-01 9.927959902193227437e-01 -1.367146843007085222e+00 2.681210828463185267e-04 4.939288105707549657e-24 5.541972405717704400e-09 1.276086304718993621e-08 9.431774311520931988e-10 1.231150719159361674e+06 8.521798092928083801e+10 1.019691658492787496e+03
1.258925411794083750e+15 3.590484400825926237e-01 1.024297969003991726e+00 -1.349659008130709825e+00 1.535534966605126418e-04 2.271013215979554546e-24 2.859036248116867219e-09 6.583174245243524778e-09 4.595764988412587731e-10 6.660094896750742337e+05 8.521854607051033020e+10 1.295828107568976748e+03
1.412537544622657250e+15 3.477944405118883475e-01 1.056143661916887133e+00 -1.331453939423273836e+00 8.401451128658273210e-05 9.978810365258975733e-25 1.409544429159803453e-09 3.245595990496165435e-09 2.138572429477675414e-10 3.442032012036254164e+05 8.521886787679879761e+10 1.672214604719029012e+03
1.584893192461007250e+15 3.367768796634980077e-01 1.088334646050159282e+00 -1.313013510781518622e+00 4.374002668031476155e-05 4.172313298729729471e-25 6.612670943971277294e-10 1.522623754046312802e-09 9.465174933420609215e-11 1.692601458606256638e+05 8.521904281985414124e+10 2.194271951307054223e+03
1.778279410038806500e+15 3.259942588337100822e-01 1.120875508710043489e+00 -1.294658655596879981e+00 2.157269323546274708e-05 1.652349651482910834e-25 2.938339363416858274e-10 6.765776416361272556e-10 3.967171444214532852e-11 7.885164306358696194e+04 8.521913322835693359e+10 2.932061060237238507e+03
1.995262314968744250e+15 3.154445020165498326e-01 1.153772517334324510e+00 -1.276531140176443424e+00 1.002982571179737636e-05 6.167129830537140519e-26 1.230504174239033415e-10 2.833340568469746385e-10 1.567392198006788585e-11 3.463989667388415546e+04 8.521917744010333252e+10 3.995834017160604162e+03
2.238721138568182000e+15 3.051263590331895759e-01 1.187029296257827271e+00 -1.257698235884421090e+00 4.372438068133060699e-06 2.158903881927324447e-26 4.833183756607607948e-11 1.112881686966564104e-10 5.808366341477150346e-12 1.427817312619106815e+04 8.521919780182687378e+10 5.563080357830065623e+03
2.511886431509407500e+15 2.950394265775414526e-01 1.220646282157209939e+00 -1.238348556894109054e+00 1.776973306633246951e-06 7.046722218813550435e-27 1.770056592805362492e-11 4.075705924349459645e-11 2.007235642973391654e-12 5.490166130298462122e+03 8.521920658983386230e+10 7.927456724474712246e+03
2.818382931264265000e+15 2.851821020360774672e-01 1.254627348245456409e+00 -1.219064463592562486e+00 6.689021293649669701e-07 2.130085531172470523e-27 6.003396703189466028e-12 1.382333175609366471e-11 6.427258679836910422e-13 1.956752470885056482e+03 8.521921012324752808e+10 1.158754428286190887e+04
3.162277660168159500e+15 2.755520455305200400e-01 1.288978755234537976e+00 -1.200212542507897995e+00 2.315531294408009489e-07 5.919133564758733618e-28 1.871794383938806671e-12 4.309965845607470300e-12 1.893934279411645853e-13 6.420336962793135172e+02 8.521921143796630859e+10 1.741319105696511906e+04
3.548133892335499000e+15 2.661471066018266107e-01 1.323706090728769880e+00 -1.180853150146676800e+00 7.313309631232773048e-08 1.500956077995222112e-28 5.325593131241811921e-13 1.226263135534887921e-12 5.098770341260622049e-14 1.925273337351852661e+02 8.521921188747267151e+10 2.696775845835117434e+04
3.981071705534692500e+15 2.569665216378675399e-01 1.358809468572784951e+00 -1.160592159376024002e+00 2.089548703140900331e-08 3.444425498560727317e-29 1.371250489414233734e-13 3.157420935686004353e-13 1.243757268501916871e-14 5.232889105855642953e+01 8.521921202767111206e+10 4.316066452963984921e+04
4.466835921509324000e+15 2.480086449507418744e-01 1.394291674752357935e+00 -1.140354580692280129e+00 5.349948597157592437e-09 7.082164630986294073e-30 3.163486737573240541e-14 7.284197403820510783e-14 2.722970994849071550e-15 1.276976452906292359e+01 8.521921206723023987e+10 7.161197668247540423e+04
5.011872336272366000e+15 2.392708790454034506e-01 1.430158983719449495e+00 -1.120562392132197216e+00 1.214504963162521651e-09 1.290664815239083897e-30 6.468647282896849102e-15 1.489461080543472459e-14 5.295563737580849690e-16 2.769188676992817566e+00 8.521921207723080444e+10 1.236030725891806069e+05
5.623413251903077000e+15 2.307503218945449464e-01 1.466419010607537654e+00 -1.100692777246160992e+00 2.415888103181711072e-10 2.060906547837548217e-31 1.158932919204349119e-15 2.668541663540007265e-15 9.047756203371853129e-17 5.277836667601242260e-01 8.521921207947221375e+10 2.227510210332019196e+05
6.309573444801478000e+15 2.224456993534575100e-01 1.503072255009993752e+00 -1.079628647861075930e+00 4.157706888269050053e-11 2.848559869760850926e-32 1.797319771017022087e-16 4.138481712087266926e-16 1.341781616500049605e-17 8.734571712901115226e-02 8.521921207991265869e+10 4.208293818785726326e+05
7.079457843840881000e+15 2.143556418656025198e-01 1.540118765474635332e+00 -1.058434841628525191e+00 6.104321473944364489e-12 3.358734157553400035e-33 2.377801687706771014e-17 5.475090720209694569e-17 1.702839204729954318e-18 1.237541286182329212e-02 8.521921207998762512e+10 8.374176687122954754e+05
7.943282347242237000e+15 2.064774779359680179e-01 1.577563938214529005e+00 -1.037633830875996255e+00 7.525986218193312660e-13 3.324525977911551530e-34 2.640764851329306256e-18 6.080585780773498819e-18 1.820518801581995853e-19 1.477749133258346404e-03 8.521921207999851990e+10 1.764418531570405466e+06
8.912509381336785000e+15 1.988078911155451711e-01 1.615416291807272087e+00 -1.017336633709896798e+00 7.654774803605715430e-14 2.713736431191434800e-35 2.418620140146907048e-19 5.569078680317438594e-19 1.611453893806925320e-20 1.461677259662654536e-04 8.521921207999984741e+10 3.959077822145716287e+06
