# [1] m:            [M_sun/h] 
# [2] sigma 
# [3] ln(1/sigma) 
# [4] n_eff 
# [5] f(sigma) 
# [6] dn/dm:        [h^4/(Mpc^3*M_sun)] 
# [7] dn/dlnm:      [h^3/Mpc^3] 
# [8] dn/dlog10m:   [h^3/Mpc^3] 
# [9] n(>m):        [h^3/Mpc^3] 
# [11] rho(>m):     [M_sun*h^2/Mpc^3] 
# [11] rho(<m):     [M_sun*h^2/Mpc^3] 
# [12] Lbox(N=1):   [Mpc/h]
1.000000000000000000e+07 4.347226551956610230e+00 -1.469538067500841372e+00 -2.516550227174258580e+00 2.313916151200323679e-01 1.588858574582606726e-05 1.588858574582606593e+02 3.658482068709678288e+02 1.674333201054990070e+02 3.980917957522708130e+10 4.541003250477291870e+10 1.814342903087546033e-01
1.122018454301963001e+07 4.307037357102465158e+00 -1.460250279612826940e+00 -2.515342399793555561e+00 2.320042628283088271e-01 1.268578236112145226e-05 1.423368191643659770e+02 3.277426379920583486e+02 1.500935489839234265e+02 3.962578420148716736e+10 4.559342787851283264e+10 1.881680962738370155e-01
1.258925411794166267e+07 4.267120578735910108e+00 -1.450939262240139804e+00 -2.514138023199294913e+00 2.326233008098058663e-01 1.012866927877203988e-05 1.275123914270501189e+02 2.936081316719473762e+02 1.345597797423233430e+02 3.944144319494718933e+10 4.577776888505281067e+10 1.951468644016047249e-01
1.412537544622752629e+07 4.227472920356155406e+00 -1.441604396177215586e+00 -2.512906992283254759e+00 2.332487838589429874e-01 8.087560591721363069e-06 1.142398298021783063e+02 2.630469291286727298e+02 1.206434032223078958e+02 3.925614459458139038e+10 4.596306748541860962e+10 2.023790129577624497e-01
1.584893192461110838e+07 4.188092279848820709e+00 -1.432245327113393696e+00 -2.511612097271144872e+00 2.338807472182936609e-01 6.458707767796538351e-06 1.023636197327643060e+02 2.357009448615742429e+02 1.081747063725517677e+02 3.906986347299145508e+10 4.614934860700854492e+10 2.098737350886145936e-01
1.778279410038919002e+07 4.148976371120951967e+00 -1.422861646256411206e+00 -2.510295397754528146e+00 2.345192275373372548e-01 5.158208641198434744e-06 9.172736219328007223e+01 2.112100568059123304e+02 9.700193133086465025e+01 3.888257564344673920e+10 4.633663643655326080e+10 2.176405791524614330e-01
1.995262314968874678e+07 4.110122118721761808e+00 -1.413452740651103490e+00 -2.508972549403060803e+00 2.351642731375972462e-01 4.119679012091705945e-06 8.219840282594783787e+01 1.892688170149471603e+02 8.698995948534320632e+01 3.869426778514679718e+10 4.652494429485320282e+10 2.256889471168980199e-01
2.238721138568333164e+07 4.071526170261429378e+00 -1.404017909575134393e+00 -2.507638659562521521e+00 2.358159362801735270e-01 3.290359572753988251e-06 7.366197529015022383e+01 1.696129662235956630e+02 7.801791490437967980e+01 3.850492851743462372e+10 4.671428356256537628e+10 2.340283946816012206e-01
2.511886431509571895e+07 4.033186129813824294e+00 -1.394556666528189437e+00 -2.506239823006903400e+00 2.364742520983486029e-01 2.628368082734954554e-06 6.602162124034759927e+01 1.520204008833234468e+02 6.997708072670673118e+01 3.831453498864675140e+10 4.690467709135324860e+10 2.426692379855323878e-01
2.818382931264443323e+07 3.995100008361243571e+00 -1.385068612286946665e+00 -2.504801537836156555e+00 2.371392467690044414e-01 2.099756756980049772e-06 5.917918603679753886e+01 1.362651115838513931e+02 6.276994291502738577e+01 3.812305867692019653e+10 4.709615340307980347e+10 2.516224705245833082e-01
3.162277660168366507e+07 3.957264936635541019e+00 -1.375553114075428907e+00 -2.503349711651649212e+00 2.378109597999191194e-01 1.677524307163980717e-06 5.304797640934073399e+01 1.221474796936477816e+02 5.630962813308993731e+01 3.793048079919622803e+10 4.728873128080377197e+10 2.608990194697863307e-01
3.548133892335738987e+07 3.919677661040343430e+00 -1.366009421094911858e+00 -2.501896268605507956e+00 2.384894361388465167e-01 1.340217257865020031e-06 4.755270275724144113e+01 1.094941445004010063e+02 5.051858752823873999e+01 3.773678976634741211e+10 4.748242231365258789e+10 2.705097565393336234e-01
3.981071705534952879e+07 3.882335439394585030e+00 -1.356436889925320077e+00 -2.500384892548342730e+00 2.391747100203047427e-01 1.070870814230624196e-06 4.263213498816714520e+01 9.816411850626356284e+01 4.532713095307214957e+01 3.754196519639785004e+10 4.767724688360214996e+10 2.804662383930389136e-01
4.466835921509607136e+07 3.845236413444177437e+00 -1.346835087008692700e+00 -2.498815086066697777e+00 2.398667970176321107e-01 8.557647432512868634e-07 3.822560695516294516e+01 8.801771274560772440e+01 4.067258517177538835e+01 3.734597542747153473e+10 4.787323665252846527e+10 2.907810324598437135e-01
5.011872336272694170e+07 3.808377990957271919e+00 -1.337203374334156036e+00 -2.497224789290392710e+00 2.405657234157600188e-01 6.839019916989921805e-07 3.427629472917976727e+01 7.892408528647972332e+01 3.649904022097322098e+01 3.714879589728800201e+10 4.807041618271199799e+10 3.014668190894959632e-01
5.623413251903456450e+07 3.771757085537017495e+00 -1.327540963317051625e+00 -2.495630999701516473e+00 2.412715224622015986e-01 5.465636120070650143e-07 3.073553058768748514e+01 7.077117455647173472e+01 3.275665872489945230e+01 3.695041264714636230e+10 4.826879943285363770e+10 3.125360612636495783e-01
6.309573444801890850e+07 3.735370679259899962e+00 -1.317847058442110031e+00 -2.493993974527421997e+00 2.419842238104698284e-01 4.368466458752243777e-07 2.756315996265091073e+01 6.346652124581031273e+01 2.940071632984241390e+01 3.675080708766132355e+10 4.846840499233867645e+10 3.240017550653395140e-01
7.079457843841329217e+07 3.699216845462115266e+00 -1.308121133857704788e+00 -2.492282848832468201e+00 2.427038326617433073e-01 3.492084412747356634e-07 2.472206438718031407e+01 5.692465692596037741e+01 2.639093687554816015e+01 3.654994649114408112e+10 4.866926558885591888e+10 3.358781331794093994e-01
7.943282347242756188e+07 3.663293324906546911e+00 -1.298362558370188102e+00 -2.490542715304446819e+00 2.434303567859604223e-01 2.791700191023359205e-07 2.217526284615007981e+01 5.106042966276989148e+01 2.369130971082991621e+01 3.634780071150273895e+10 4.887141136849726105e+10 3.481798575508495697e-01
8.912509381337386370e+07 3.627597195206417435e+00 -1.288570499409373848e+00 -2.488788457390606279e+00 2.441638136059265385e-01 2.231866506760408705e-07 1.989153117939484261e+01 4.580194317050083441e+01 2.126975038999815837e+01 3.614435129705937195e+10 4.907486078294062805e+10 3.609213187718780524e-01
9.999999999999918044e+07 3.592125328316972066e+00 -1.278744040788118763e+00 -2.487007148044447113e+00 2.449042213459966255e-01 1.784406714603427933e-07 1.784406714603413135e+01 4.108748300884300164e+01 1.909751473551457224e+01 3.593958002748962402e+10 4.927963205251037598e+10 3.741172345426635459e-01
1.122018454301956147e+08 3.556875564441790427e+00 -1.268882509065603292e+00 -2.485146141448008272e+00 2.456515739719435654e-01 1.426887676528202997e-07 1.600994305280683960e+01 3.686425621307661515e+01 1.714872125496659194e+01 3.573345538052954865e+10 4.948575669947045135e+10 3.877835834913329061e-01
1.258925411794155836e+08 3.521845950325678043e+00 -1.258985269857254119e+00 -2.483238619650345758e+00 2.464058557738668387e-01 1.141109545348183106e-07 1.436571804279703279e+01 3.307828821550005216e+01 1.540015764425218414e+01 3.552594169705872345e+10 4.969327038294127655e+10 4.019372694559810166e-01
1.412537544622738063e+08 3.487033736337064038e+00 -1.249051442535460632e+00 -2.481307318002476947e+00 2.471670627316408797e-01 9.126136945280577535e-08 1.289101107257748247e+01 2.968264992933809765e+01 1.383113419063123750e+01 3.531701430940315247e+10 4.990219777059684753e+10 4.165950145368348956e-01
1.584893192461097836e+08 3.452435849245647947e+00 -1.239080025171592325e+00 -2.479360342419893559e+00 2.479351928607932964e-01 7.298971809070505575e-08 1.156809073216130912e+01 2.663651327427720972e+01 1.242315511054086130e+01 3.510665459438218689e+10 5.011255748561781311e+10 4.317735464099385356e-01
1.778279410038908124e+08 3.418049821890276618e+00 -1.229070160915508581e+00 -2.477336878204255299e+00 2.487102252172181116e-01 5.838506432005363937e-08 1.038249577341486862e+01 2.390657999593876326e+01 1.115957777878546686e+01 3.489483307555587006e+10 5.032437900444412994e+10 4.474907668287061990e-01
1.995262314968858361e+08 3.383873879296980913e+00 -1.219021171338149800e+00 -2.475245501263973580e+00 2.494921164222459187e-01 4.670885934410408711e-08 9.319642682447192072e+00 2.145927031263394724e+01 1.002543152107115354e+01 3.468150944472398376e+10 5.053770263527601624e+10 4.637660736092085734e-01
2.238721138568310440e+08 3.349905511448354911e+00 -1.208932139901386815e+00 -2.473121908664224655e+00 2.502808323585699601e-01 3.737007718376410679e-08 8.366118174122201268e+00 1.926369899396034668e+01 9.007357288406300455e+00 3.446665213595817566e+10 5.075255994404182434e+10 4.806189275486033585e-01
2.511886431509551406e+08 3.316141795366373657e+00 -1.198801997325764646e+00 -2.470983215579895642e+00 2.510763412343220424e-01 2.989933346124039506e-08 7.510373003246925805e+00 1.729327292010129469e+01 8.093432990554763506e+00 3.425024016658520508e+10 5.096897191341479492e+10 4.980684987888494009e-01
2.818382931264426112e+08 3.282579990428542871e+00 -1.188629695649932261e+00 -2.468780066576241161e+00 2.518785993777718502e-01 2.392499726621972218e-08 6.742980392566171766e+00 1.552628613427400595e+01 7.272944014195385165e+00 3.403224577300730896e+10 5.118696630699269104e+10 5.161349305029987455e-01
3.162277660168340802e+08 3.249218332542026744e+00 -1.178414454349749008e+00 -2.466489122950556556e+00 2.526875309077017406e-01 1.914755624891748408e-08 6.054988937276847061e+00 1.394212726521752721e+01 6.536233679208099723e+00 3.381262602947534180e+10 5.140658605052465820e+10 5.348403239625997285e-01
3.548133892335702181e+08 3.216054621220558296e+00 -1.168155335382862425e+00 -2.464156857633553521e+00 2.535030603703855023e-01 1.532523517650699406e-08 5.437598633777978030e+00 1.252053355582196303e+01 5.874667158682115087e+00 3.359134251186144257e+10 5.162786956813855743e+10 5.542073034944574594e-01
3.981071705534920692e+08 3.183086108292437100e+00 -1.157851200492143295e+00 -2.461799081137826750e+00 2.543251155603162839e-01 1.226647984242994617e-08 4.883373582721231010e+00 1.124438321509483352e+01 5.280544239409197260e+00 3.336836944855308151e+10 5.185084263144691467e+10 5.742580671564331274e-01
4.466835921509580016e+08 3.150309921831245585e+00 -1.147500835880706394e+00 -2.459392892679898246e+00 2.551536168952890926e-01 9.819056163410939289e-09 4.386011278604402541e+00 1.009916418781825165e+01 4.746955554336372174e+00 3.314367943546514511e+10 5.207553264453485107e+10 5.950154986982670868e-01
5.011872336272653341e+08 3.117724151785534747e+00 -1.137103297121384804e+00 -2.456887986117341605e+00 2.559884487918300255e-01 7.861330274240645580e-09 3.939998372776940094e+00 9.072181519576979269e+00 4.267671911651493843e+00 3.291722962306769180e+10 5.230198245693231201e+10 6.165046053405847104e-01
5.623413251903399229e+08 3.085326930010420021e+00 -1.126657625813944907e+00 -2.454325158166575704e+00 2.568294811656498533e-01 6.294555538105765714e-09 3.539688702782589402e+00 8.150434440866622055e+00 3.837106512640406031e+00 3.268897493148981476e+10 5.253023714851018524e+10 6.387516697286148570e-01
6.309573444801839590e+08 3.053115691577398927e+00 -1.116162607426315345e+00 -2.451724537077194288e+00 2.576765879566459971e-01 5.040342348540581167e-09 3.180241023506178877e+00 7.322775572853454484e+00 3.450276262297405694e+00 3.245888280313916779e+10 5.276032927686083221e+10 6.617826492914439251e-01
7.079457843841286898e+08 3.021087611540446805e+00 -1.105616902824947623e+00 -2.449088544926806499e+00 2.585296355668685320e-01 4.036253185841499540e-09 2.857448427623498599e+00 6.579518153445143902e+00 3.102718919139942244e+00 3.222692527389710999e+10 5.299228680610289001e+10 6.856237535527713867e-01
7.943282347242691517e+08 2.989240555059067272e+00 -1.095019360176888501e+00 -2.446353218449344613e+00 2.593884563947037036e-01 3.232731897359469135e-09 2.567850221366384300e+00 5.912693640759697722e+00 2.790413624284822536e+00 3.199306123284360123e+10 5.322615084715640259e+10 7.103032559417625791e-01
8.912509381337294579e+08 2.957572912223333184e+00 -1.084368969896468471e+00 -2.443536538233947120e+00 2.602528510293543040e-01 2.589514893014863800e-09 2.307907577710761604e+00 5.314153584444797573e+00 2.509742443654711330e+00 3.175723963610227203e+10 5.346197244389772797e+10 7.358516729144647384e-01
9.999999999999836683e+08 2.926082373034693429e+00 -1.073664454298284054e+00 -2.440672090010719053e+00 2.611226201617655174e-01 2.074422669477090808e-09 2.074422669477057113e+00 4.776534715306786083e+00 2.257475236160922716e+00 3.151942015903152847e+10 5.369979192096847534e+10 7.622995587047355359e-01
1.122018454301946878e+09 2.894766293142700508e+00 -1.062904380009026761e+00 -2.437776290488367081e+00 2.619975540743404441e-01 1.661853198415061553e-09 1.864629956962414070e+00 4.293469142851783715e+00 2.030725139706959226e+00 3.127957300086746979e+10 5.393963907913253021e+10 7.896772349851785000e-01
1.258925411794145584e+09 2.863622333475326354e+00 -1.052087373599900122e+00 -2.434790255507943701e+00 2.628774135103122411e-01 1.331524548940303644e-09 1.676290091088685763e+00 3.859800575274439094e+00 1.826893396753804577e+00 3.103765918486931229e+10 5.418155289513069153e+10 8.180168783058024973e-01
1.412537544622726679e+09 2.832649024074680888e+00 -1.041212324742469386e+00 -2.431699739634265445e+00 2.637619114120944852e-01 1.067028944769107153e-09 1.507218445685533759e+00 3.470498724921166289e+00 1.643635914248915197e+00 3.079362391546463394e+10 5.442558816453536987e+10 8.473538218037403036e-01
1.584893192461085081e+09 2.801844406997490822e+00 -1.030277917107302210e+00 -2.428551684105720199e+00 2.646507492882739232e-01 8.551382824435331943e-10 1.355302842457620338e+00 3.120700121535374461e+00 1.478855943087502345e+00 3.054741926231837463e+10 5.467179281768162537e+10 8.777241402214814858e-01
1.778279410038893700e+09 2.771206090912125664e+00 -1.019282637316634155e+00 -2.425364292075170791e+00 2.655436145435680628e-01 6.853536597346615365e-10 1.218750301700950667e+00 2.806276276778604917e+00 1.330681533129653538e+00 3.029901126981312943e+10 5.492020081018687439e+10 9.091634263778145542e-01
1.995262314968842030e+09 2.740731668803251697e+00 -1.008224917163116574e+00 -2.422103082342701441e+00 2.664401667873436685e-01 5.493338220465549146e-10 1.096065073467290985e+00 2.523783099117208106e+00 1.197430048732258667e+00 3.004836245404563522e+10 5.517084962595436096e+10 9.417087720458660050e-01
2.238721138568292141e+09 2.710419689962974665e+00 -9.971034900459403438e-01 -2.418721628947059887e+00 2.673400067438203020e-01 4.403868903901840598e-10 9.859034406648625737e-01 2.270126565606452207e+00 1.077582307114167692e+00 2.979541771308382416e+10 5.542379436691617584e+10 9.754009688741509532e-01
2.511886431509531021e+09 2.680268630452364853e+00 -9.859170247429686063e-01 -2.415268783975238698e+00 2.682427037271595260e-01 3.530778402270837004e-10 8.868914361331016183e-01 2.042142999944160930e+00 9.697755679754027636e-01 2.954012242252356339e+10 5.567908965747644043e+10 1.010282709914906762e+00
2.818382931264402866e+09 2.650276393920380169e+00 -9.746639341519027777e-01 -2.411763404868371818e+00 2.691478085177414492e-01 2.830930133680588241e-10 7.978645168367424212e-01 1.837150942697180156e+00 8.727932194093696028e-01 2.928243676872816467e+10 5.593677531127183533e+10 1.046396340435316263e+00
3.162277660168314457e+09 2.620440710717639732e+00 -9.633425138248289388e-01 -2.408200845559352654e+00 2.700548392968576406e-01 2.269930542877698810e-10 7.178150645875881475e-01 1.652830267245938733e+00 7.855436891607919803e-01 2.902232419149776840e+10 5.619688788850222778e+10 1.083785206530131662e+00
3.548133892335673332e+09 2.590760092698991102e+00 -9.519513047414900342e-01 -2.404515159027930782e+00 2.709632497173594112e-01 1.820402262667349999e-10 6.459030965854570816e-01 1.487246841716366896e+00 7.070417614367346948e-01 2.875973271260964584e+10 5.645947936739035034e+10 1.122496454558289614e+00
3.981071705534887791e+09 2.561233453885678024e+00 -9.404889603785790975e-01 -2.400735314111417829e+00 2.718724369023493570e-01 1.460058073009234065e-10 5.812595882894853183e-01 1.338399663155225294e+00 6.364005988149451509e-01 2.849460231373345566e+10 5.672460976626654053e+10 1.162580783435861687e+00
4.466835921509543419e+09 2.531859088477951492e+00 -9.289538504733924063e-01 -2.396893609163798011e+00 2.727817697646608419e-01 1.171104196716023241e-10 5.231130293721710789e-01 1.204512263383317627e+00 5.728278006514818665e-01 2.822688672184185410e+10 5.699232535815814209e+10 1.204089135096877872e+00
5.011872336272612572e+09 2.502635053306708990e+00 -9.173441981063815698e-01 -2.393005622236410446e+00 2.736905742840572420e-01 9.393572106648507400e-11 4.707938418009370296e-01 1.084042882004234709e+00 5.156139220167933468e-01 2.795655064240111542e+10 5.726266143759888458e+10 1.247072746533471888e+00
5.623413251903352737e+09 2.473559858071284978e+00 -9.056583511386367968e-01 -2.389003256490064953e+00 2.745981084654914861e-01 7.535684389227392877e-11 4.237626745654254345e-01 9.757496174216356843e-01 4.641191095311467674e-01 2.768354744588114929e+10 5.753566463411885071e+10 1.291586558137485685e+00
6.309573444801788330e+09 2.444632803176161939e+00 -8.938949288982408481e-01 -2.384883949870414632e+00 2.755035476761765745e-01 6.046033078363567993e-11 3.814788975763597767e-01 8.783876228511284801e-01 4.177656785243278881e-01 2.740781508216783905e+10 5.781139699783216095e+10 1.337690822238811306e+00
7.079457843841228485e+09 2.415852711202678638e+00 -8.820523143080180040e-01 -2.380695752303505941e+00 2.764060202275106515e-01 4.851073119921649630e-11 3.434296764987666561e-01 7.907760535978277661e-01 3.760365866131041845e-01 2.712930215829911423e+10 5.808990992170088196e+10 1.385447157825856701e+00
7.943282347242626190e+09 2.387218098141343336e+00 -8.701287123245314836e-01 -2.376460770003620215e+00 2.773045979469461741e-01 3.892307266645319873e-11 3.091769560118796667e-01 7.119062500102300017e-01 3.384695290229028930e-01 2.684797370620004272e+10 5.837123837379995728e+10 1.434917088432307253e+00
8.912509381337221146e+09 2.358727610412783893e+00 -8.581223255147281126e-01 -2.372132164722160041e+00 2.781982779215009804e-01 3.123265736304973948e-11 2.783613517522718350e-01 6.409506990104532065e-01 3.046481052973859516e-01 2.656378991953746033e+10 5.865542216046253967e+10 1.486165491510317294e+00
9.999999999999753952e+09 2.330380860543485699e+00 -8.460317136802906202e-01 -2.367670236376776316e+00 2.790859514728512014e-01 2.506500896134287555e-11 2.506500896134226108e-01 5.771431599014886782e-01 2.741957588245875210e-01 2.627669215161445999e+10 5.894251992838554382e+10 1.539263917447446284e+00
1.122018454301937675e+10 2.302177326593849660e+00 -8.338553388680360889e-01 -2.363132621183107851e+00 2.799664337947309622e-01 2.011598178617282738e-11 2.257050279048756769e-01 5.197050326675718424e-01 2.467745540103611357e-01 2.598662670227743912e+10 5.923258537772256470e+10 1.594287134400934391e+00
1.258925411794135284e+10 2.274116059712492532e+00 -8.215914317183545812e-01 -2.358539932925511007e+00 2.808384677890299330e-01 1.614404964355666557e-11 2.032415434553953848e-01 4.679809482374949758e-01 2.220824044877345582e-01 2.569355876592286301e+10 5.952565331407713318e+10 1.651310020745048401e+00
1.412537544622714996e+10 2.246196048266026590e+00 -8.092381402477827335e-01 -2.353879430416150775e+00 2.817007069032525512e-01 1.295650205206579790e-11 1.830154559552419069e-01 4.214086606700483961e-01 1.998476642650460766e-01 2.539745660022353363e+10 5.982175547977646637e+10 1.710410318000604724e+00
1.584893192461071968e+10 2.218417156898803366e+00 -7.967939491963059728e-01 -2.349084562968152490e+00 2.825516803473313576e-01 1.039941069700823637e-11 1.648195521929520513e-01 3.795110439134454783e-01 1.798246716504588172e-01 2.509827159402657700e+10 6.012094048597341919e+10 1.771673032744343956e+00
1.778279410038879013e+10 2.190779559236382568e+00 -7.842574436102039970e-01 -2.344198131045772016e+00 2.833898051949608199e-01 8.347244541034465287e-12 1.484373309788102335e-01 3.417895855556317142e-01 1.617921559137319720e-01 2.479595113089619827e+10 6.042326094910380554e+10 1.835189205074383212e+00
1.995262314968825912e+10 2.163282906382274717e+00 -7.716269319375084201e-01 -2.339252573105730537e+00 2.842134054237261953e-01 6.699868873618087717e-12 1.336799587876280615e-01 3.078094803364507803e-01 1.455521792664299652e-01 2.449046162118000793e+10 6.072875045881999207e+10 1.901050976475494814e+00
2.238721138568273544e+10 2.135926699419994357e+00 -7.589006037581762509e-01 -2.334262196304972115e+00 2.850206933206994586e-01 5.377319918677174285e-12 1.203831977078681920e-01 2.771925564890923011e-01 1.309271283457914548e-01 2.418178224818716812e+10 6.103742983181283569e+10 1.969352471883066613e+00
2.511886431509510422e+10 2.108711024364482434e+00 -7.460768718925226972e-01 -2.329150235953750148e+00 2.858097407939671486e-01 4.316070813644595693e-12 1.084147971422807222e-01 2.496342957597890710e-01 1.177564570395694815e-01 2.386987978918107986e+10 6.134933229081892395e+10 2.040195364627448438e+00
2.818382931264379883e+10 2.081636662103496516e+00 -7.331544410842538717e-01 -2.323927944852839822e+00 2.865784704712968090e-01 3.464358357666241910e-12 9.763888463029635201e-02 2.248218402462858478e-01 1.058950536394176606e-01 2.355470802981007385e+10 6.166450405018992615e+10 2.113690725374414381e+00
3.162277660168288803e+10 2.054703916908025896e+00 -7.201317582042783272e-01 -2.318645717949016305e+00 2.873246826765989970e-01 2.780559478744548201e-12 8.792901122403067038e-02 2.024640304861591578e-01 9.521290687110657569e-02 2.323623765038017654e+10 6.198297442961982727e+10 2.189952651625657332e+00
3.548133892335644531e+10 2.027912853515302594e+00 -7.070071131662322150e-01 -2.313329578074905246e+00 2.880460398982480075e-01 2.231498060323237489e-12 7.917653898514129263e-02 1.823107183820482646e-01 8.559353814940143246e-02 2.291446007052482224e+10 6.230475200947517395e+10 2.269096714555448813e+00
3.981071705534854889e+10 2.001263761653670592e+00 -6.937788618341488300e-01 -2.307917959249551121e+00 2.887400457593713443e-01 1.790815582545091513e-12 7.129365245501181891e-02 1.641597013680085870e-01 7.693177765565004100e-02 2.258936147524166489e+10 6.262985060475833130e+10 2.351246041623151761e+00
4.466835921509506989e+10 1.974757826391449367e+00 -6.804457712860605412e-01 -2.302379321482272978e+00 2.894040211330881629e-01 1.437176709378388452e-12 6.419632551008214172e-02 1.478175021445085335e-01 6.913234756783714907e-02 2.226090945756363297e+10 6.295830262243637085e+10 2.436536369870591301e+00
5.011872336272570801e+10 1.948395974433285494e+00 -6.670064568596771881e-01 -2.296778839495748237e+00 2.900351275980638799e-01 1.153264159007238603e-12 5.780012734943030389e-02 1.330897116079556852e-01 6.210966722402556928e-02 2.192908316449930954e+10 6.329012891550068665e+10 2.525109791147542193e+00
5.623413251903306580e+10 1.922178739384432511e+00 -6.534593027821663513e-01 -2.291140540696054995e+00 2.906303608588293175e-01 9.253102741622732178e-13 5.203402057846408940e-02 1.198127601125168334e-01 5.578710543101378372e-02 2.159388683779574966e+10 6.362532524220425415e+10 2.617110484326616415e+00
6.309573444801736450e+10 1.896106592951521508e+00 -6.398026221636902156e-01 -2.285437710880715123e+00 2.911865327247616375e-01 7.423310763774562981e-13 4.683792446762288092e-02 1.078483066659295248e-01 5.009557876155264905e-02 2.125532846910324478e+10 6.396388361089675903e+10 2.712690213008188245e+00
7.079457843841171265e+10 1.870180838156677128e+00 -6.260351310874969766e-01 -2.279601117877980254e+00 2.917002445386355225e-01 5.955196381039590416e-13 4.215956173136528595e-02 9.707597836980395856e-02 4.497247163565933070e-02 2.091339794202203369e+10 6.430581413797796631e+10 2.812015743482072505e+00
7.943282347242561340e+10 1.844402868197793977e+00 -6.121555764336729100e-01 -2.273687113431928086e+00 2.921678978577404995e-01 4.776859960544762816e-13 3.794394739984500997e-02 8.736916765223330661e-02 4.036134298510841989e-02 2.056808712611605453e+10 6.465112495388394165e+10 2.915265616690203565e+00
8.912509381337149048e+10 1.818773506188863687e+00 -5.981623762191577987e-01 -2.267726202384666045e+00 2.925856973083326706e-01 3.831006164835279055e-13 3.414387838405487374e-02 7.861918538412639157e-02 3.621163415919944478e-02 2.021941407751746368e+10 6.499979800248253632e+10 3.022622832513254920e+00
9.999999999999673462e+10 1.793293351410121916e+00 -5.840537905043314826e-01 -2.261725081120246728e+00 2.929496321037468043e-01 3.071831118466348931e-13 3.071831118466248484e-02 7.073152541575611352e-02 3.247786638920240054e-02 1.986741170715580368e+10 6.535180037284419250e+10 3.134277918761244397e+00
1.122018454301928558e+11 1.767963556143776982e+00 -5.698283509621500098e-01 -2.255593631012833722e+00 2.932554561549623462e-01 2.462875425730392188e-13 2.763391678316218930e-02 6.362944484594723615e-02 2.911884213265983345e-02 1.951209936523107147e+10 6.570711271476892853e+10 3.250438594718060958e+00
1.258925411794125061e+11 1.742785721118789155e+00 -5.554848221582667778e-01 -2.249355331468927410e+00 2.934986867200640170e-01 1.974362214028205070e-13 2.485574763326218670e-02 5.723247397557154614e-02 2.609729416212187847e-02 1.915348729717649078e+10 6.606572478282350922e+10 3.371331872431647891e+00
1.412537544622703552e+11 1.717760835947551801e+00 -5.410216031306924744e-01 -2.243059948819849936e+00 2.936746087204147315e-01 1.582392253160598578e-13 2.235188467909459548e-02 5.146711646240521854e-02 2.337980440117247080e-02 1.879161067171571732e+10 6.642760140828428650e+10 3.497193872997415909e+00
1.584893192461058960e+11 1.692889567274565188e+00 -5.264368720066979757e-01 -2.236733014820138532e+00 2.937782585283611470e-01 1.267892385740156917e-13 2.009474010932785562e-02 4.626984902332786226e-02 2.093638026402915367e-02 1.842653066409099579e+10 6.679268141590900421e+10 3.628268910063669583e+00
1.778279410038864746e+11 1.668172785893116794e+00 -5.117288872365579611e-01 -2.230290746707652261e+00 2.938044118337527211e-01 1.015713640082983090e-13 1.806222652655194855e-02 4.158981354632013822e-02 1.873988869978796337e-02 1.805830296951587296e+10 6.716090911048413086e+10 3.764820988059876417e+00
1.995262314968809509e+11 1.643612083643803068e+00 -4.968963099371835335e-01 -2.223709109537081563e+00 2.937475818940634698e-01 8.135515075744940651e-14 1.623248664349450157e-02 3.737668176753539823e-02 1.676572631694158225e-02 1.768696648530057144e+10 6.753224559469943237e+10 3.907142124105569714e+00
2.238721138568255310e+11 1.619208616835756676e+00 -4.819375217592484772e-01 -2.217058612600819600e+00 2.936020179346662262e-01 6.514401943745908173e-14 1.458392933659409529e-02 3.358073828772011049e-02 1.499179081556020060e-02 1.731258100219359207e+10 6.790663107780641174e+10 4.055541302868223674e+00
2.511886431509489746e+11 1.594963125154779782e+00 -4.668506169443427112e-01 -2.210367488129703073e+00 2.933616934353468486e-01 5.214524225695685749e-14 1.309829264930252070e-02 3.015993339795747241e-02 1.339827402341826727e-02 1.693524041186607552e+10 6.828397166813392639e+10 4.210338836484801561e+00
2.818382931264356689e+11 1.570876284558702318e+00 -4.516336066873496979e-01 -2.203587700070419597e+00 2.930202997194319980e-01 4.172745822918506344e-14 1.176039560381816028e-02 2.707931160506440657e-02 1.196729289834272576e-02 1.655504491912692261e+10 6.866416716087307739e+10 4.371877922704763719e+00
3.162277660168262939e+11 1.546949567874087439e+00 -4.362849711074300307e-01 -2.196646877119079022e+00 2.925712597770463996e-01 3.338292694863574124e-14 1.055660841206998782e-02 2.430748916220790146e-02 1.068262287916092387e-02 1.617207767020058823e+10 6.904713440979940796e+10 4.540538553885503426e+00
3.548133892335615234e+11 1.523184378324127675e+00 -4.208031291752503678e-01 -2.189618851929832744e+00 2.920077244230770974e-01 2.669745932203992081e-14 9.472616025978125576e-03 2.181150445307373023e-02 9.529648038778888025e-03 1.578643474983755875e+10 6.943277733016244507e+10 4.716730322690404265e+00
3.981071705534822998e+11 1.499581575349967943e+00 -4.051861194277533440e-01 -2.182534719285749603e+00 2.913225587728445753e-01 2.134173369196322464e-14 8.496297214813403054e-03 1.956344731247617458e-02 8.495274244640145522e-03 1.539825068795956039e+10 6.982096139204043579e+10 4.900881468349743031e+00
4.466835921509470215e+11 1.476141813994492624e+00 -3.894318015049669790e-01 -2.175390861059331549e+00 2.905083447617288761e-01 1.705269481144308193e-14 7.617158974229211801e-03 1.753915670502599958e-02 7.567709144202594898e-03 1.500768063355602646e+10 7.021153144644396973e+10 5.093447756488183487e+00
5.011872336272529907e+11 1.452866377229119488e+00 -3.735384169931994514e-01 -2.168083013186024033e+00 2.895574177794363324e-01 1.362074778876621435e-14 6.826544904186261815e-03 1.571870053303375467e-02 6.736262713251104685e-03 1.461486899463938332e+10 7.060434308536061096e+10 5.294931278881007231e+00
5.623413251903260498e+11 1.429756876124020248e+00 -3.575044131208495735e-01 -2.160653874420851661e+00 2.884618813658840208e-01 1.087466246328503319e-14 6.115272100601200703e-03 1.408093437844670955e-02 5.991271840464096159e-03 1.421996141127288055e+10 7.099925066872711182e+10 5.505883167484294738e+00
6.309573444801684570e+11 1.406814308437030814e+00 -3.413277924765660831e-01 -2.153156423124531038e+00 2.872135795102505051e-01 8.677496187284258169e-15 5.475129951065662443e-03 1.260695260752901434e-02 5.324074665814706141e-03 1.382314289533469200e+10 7.139606918466531372e+10 5.726887091264482699e+00
7.079457843841113281e+11 1.384039378340966131e+00 -3.250063093492129851e-01 -2.145617597101035834e+00 2.858041149791462066e-01 6.920015009662437044e-15 4.898995453965297384e-03 1.128035390294609280e-02 4.726892003052831324e-03 1.342463468705505943e+10 7.179457739294494629e+10 5.958561689885376822e+00
7.943282347242496338e+11 1.361433097084914223e+00 -3.085378928019563705e-01 -2.137927307122040155e+00 2.842249045479036118e-01 5.515593891522523878e-15 4.381191959308940870e-03 1.008806729505014321e-02 4.192681473102927679e-03 1.302465679509985733e+10 7.219455528490014648e+10 6.201585137272164872e+00
8.912509381337076416e+11 1.338997126255136338e+00 -2.919209205193808998e-01 -2.130076097392648471e+00 2.824672474570421588e-01 4.393752869374549590e-15 3.915936366757737097e-03 9.016776703209630067e-03 3.715060373146435689e-03 1.262342061055150032e+10 7.259579146944850159e+10 6.456711397550784604e+00
9.999999999999591064e+11 1.316732622514782403e+00 -2.751533820395076768e-01 -2.122143729161189096e+00 2.805222833821778838e-01 3.497655609380415355e-15 3.497655609380272493e-03 8.053649666586020286e-03 3.288299713901546122e-03 1.222117410149491692e+10 7.299803797850508118e+10 6.724750900785512187e+00
1.122018454301919434e+12 1.294640363863002852e+00 -2.582329452798759473e-01 -2.114167429106951879e+00 2.783810248068715465e-01 2.782130760630802338e-15 3.121602055708796314e-03 7.187754359734643307e-03 2.907264613243531158e-03 1.181821303391499329e+10 7.340099904608500671e+10 7.006564848811526858e+00
1.258925411794114746e+12 1.272721133948282679e+00 -2.411572334789065242e-01 -2.106070294898441553e+00 2.760344294617962380e-01 2.211326587604919492e-15 2.783895234911797686e-03 6.410155668365062794e-03 2.567316862541039937e-03 1.141484551138818932e+10 7.380436656861181641e+10 7.303093186605833509e+00
1.412537544622691895e+12 1.250976512336975155e+00 -2.239244561981878212e-01 -2.097778818425379832e+00 2.734735529689497069e-01 1.756364360592499434e-15 2.480930601374133331e-03 5.712553819476833168e-03 2.264249125344993795e-03 1.101136789613444901e+10 7.420784418386555481e+10 7.615386161255028874e+00
1.584893192461046143e+12 1.229407876524741372e+00 -2.065326522741702808e-01 -2.089389579554077336e+00 2.706895240135102632e-01 1.393767483698805319e-15 2.208972596787798452e-03 5.086347372195931804e-03 1.994276595553175907e-03 1.060810504437509537e+10 7.461110703562490845e+10 7.944590851451839519e+00
1.778279410038850098e+12 1.208016087057015797e+00 -1.889794165241300283e-01 -2.080937708464377423e+00 2.676735636625683923e-01 1.104934903752157233e-15 1.964882988775719982e-03 4.524310279432559694e-03 1.754010154262464639e-03 1.020543491589440918e+10 7.501377716410559082e+10 8.291936461757138943e+00
1.995262314968793213e+12 1.186801814673739353e+00 -1.712621384810008862e-01 -2.072402498683441507e+00 2.644170916813715078e-01 8.750550154110685883e-16 1.745964295774141747e-03 4.020231360349385726e-03 1.540396613267916784e-03 9.803762317261838913e+09 7.541544976273815918e+10 8.658762248005402284e+00
2.238721138568236816e+12 1.165766421765100258e+00 -1.533787434739841971e-01 -2.063660272901824744e+00 2.609119616086278404e-01 6.923308819933149262e-16 1.549935780402025669e-03 3.568859023051797197e-03 1.350669353682887970e-03 9.403484910605918884e+09 7.581572716939407349e+10 9.046563820673545919e+00
2.511886431509469238e+12 1.144911468958268008e+00 -1.353273143297796799e-01 -2.054781232514899525e+00 2.571505222728069917e-01 5.471495052407201329e-16 1.374377418221284187e-03 3.164620955343972267e-03 1.182332354222994384e-03 9.005013696254043579e+09 7.621419838374595642e+10 9.457001878399914574e+00
2.818382931264333984e+12 1.124237895075871796e+00 -1.171053795000818604e-01 -2.045823342253474841e+00 2.531255884170584558e-01 4.318680764490023472e-16 1.217169615221828710e-03 2.802636611655081461e-03 1.033150915048018734e-03 8.608811905568439484e+09 7.661040017443156433e+10 9.891877856283743498e+00
3.162277660168236816e+12 1.103746358385955473e+00 -9.871017362001738293e-02 -2.036813197005148623e+00 2.488306030894584242e-01 3.404086441360095017e-16 1.076466650679462015e-03 2.478656062959758155e-03 9.011185981826482861e-04 8.215384358469356537e+09 7.700382772153063965e+10 1.035315419584149588e+01
3.548133892335586426e+12 1.083437930165795482e+00 -8.013925393506884931e-02 -2.027604615284055001e+00 2.442599218575562947e-01 2.679670324735330122e-16 9.507829099479331433e-04 2.189258555119611219e-03 7.844207327306645288e-04 7.825234829128265381e+09 7.739397725087173462e+10 1.084302132891435377e+01
3.981071705534790039e+12 1.063314249887338914e+00 -6.139068115318268432e-02 -2.018209338461781410e+00 2.394090411935697049e-01 2.106423582950662100e-16 8.385823325956095163e-04 1.930907178282825504e-03 6.814165893956040552e-04 7.438863268828734398e+09 7.778034881117126465e+10 1.136394437340216612e+01
4.466835921509433594e+12 1.043376380579110974e+00 -4.246197437380988537e-02 -2.008720913128554830e+00 2.342745125111659610e-01 1.653130927242946552e-16 7.384264608766991436e-04 1.700289761087038455e-03 5.906366659113578086e-04 7.056813385946885109e+09 7.816239869405311584e+10 1.191863533027362010e+01
5.011872336272489258e+12 1.023625019747482989e+00 -2.335026789993123117e-02 -1.999188199087267970e+00 2.288541377872615190e-01 1.295082547294357489e-16 6.490788391973898374e-04 1.494559259313789313e-03 5.107654404013374071e-04 6.679676996235062599e+09 7.853953508376493835e+10 1.251006305242456484e+01
5.623413251903214844e+12 1.004060947712634322e+00 -4.052724320132077701e-03 -1.989491417212964297e+00 2.231472657876859556e-01 1.012786352436802456e-16 5.695316195639835242e-04 1.311395017196784500e-03 4.406165834885733871e-04 6.308050588113591194e+09 7.891116149188641357e+10 1.314154380728747995e+01
6.309573444801632812e+12 9.846857329401648151e-01 1.543274157086273538e-02 -1.979558570845339371e+00 2.171552254156911277e-01 7.905778288010865989e-17 4.988208874652267115e-04 1.148577539551491611e-03 3.791172695698667499e-04 5.942511826587744713e+09 7.927670025341226196e+10 1.381684261664499225e+01
7.079457843841054688e+12 9.655006121317447620e-01 3.510854310885468815e-02 -1.969516194940995835e+00 2.108812291359164759e-01 6.158364059458735815e-17 4.359787874596398726e-04 1.003878256866186239e-03 3.253058746594250368e-04 5.583663123020684242e+09 7.963554895697930908e+10 1.454016599504872964e+01
7.943282347242431641e+12 9.465063263608051169e-01 5.497762440284655050e-02 -1.959411712572997288e+00 2.043304997890651453e-01 4.786283231117610705e-17 3.801879909863898287e-04 8.754152005806158576e-04 2.783235382232551606e-04 5.232148525292873383e+09 7.998706355470712280e+10 1.531616446188493619e+01
8.912509381337003906e+12 9.277034546652105362e-01 7.504315042641658551e-02 -1.949194155697850928e+00 1.975105643625032770e-01 3.711069378739350339e-17 3.307494065280694819e-04 7.615786529881603479e-04 2.373986918840359506e-04 4.888617350326308250e+09 8.033059472967369080e+10 1.615005080246013236e+01
9.999999999999509766e+12 9.090933418303925873e-01 9.530750379447351650e-02 -1.938713675582305562e+00 1.904318110008310916e-01 2.870505145305669143e-17 2.870505145305528327e-04 6.609582356943217085e-04 2.018352696669740347e-04 4.553688369168163300e+09 8.066552371083183289e+10 1.704777272650408904e+01
1.122018454301910156e+13 8.906773973372363873e-01 1.157729851577121161e-01 -1.928082679461801785e+00 1.831074716947107550e-01 2.214387486801916978e-17 2.484583625166978250e-04 5.720965217606590030e-04 1.710089007305996443e-04 4.227973096480243683e+09 8.099123898351976013e+10 1.801608525124257554e+01
1.258925411794104297e+13 8.724563916802848818e-01 1.364426070368357502e-01 -1.917368336701742004e+00 1.755535127769856096e-01 1.703242607535301826e-17 2.144255401076643707e-04 4.937330522091048753e-04 1.443631613813556530e-04 3.912104111198719501e+09 8.130710796880128479e+10 1.906255919574756419e+01
1.412537544622680273e+13 8.544308102805817651e-01 1.573197507047241761e-01 -1.906591035569184855e+00 1.677888966929194092e-01 1.305966728017934777e-17 1.844727035353369265e-04 4.247640972247768414e-04 1.214007326455087104e-04 3.606712030947104931e+09 8.161250004905290222e+10 2.019573038113250973e+01
1.584893192461033008e+13 8.366016625457918243e-01 1.784072327111416723e-01 -1.895553040075119045e+00 1.598360565881418449e-01 9.981731521544033837e-18 1.581997833746884763e-04 3.642684629134449923e-04 1.016749186420532445e-04 3.312381570437726498e+09 8.190683050956227112e+10 2.142538931647142775e+01
1.778279410038835547e+13 8.189704338075789458e-01 1.997072961377476807e-01 -1.884299753622015627e+00 1.517210003337598201e-01 7.602903715346945026e-18 1.352008713350923554e-04 3.113115108959896727e-04 8.478541929681744974e-05 3.029650206179182053e+09 8.218956187382081604e+10 2.276283109847567232e+01
1.995262314968776953e+13 8.015379559229961481e-01 2.212229519427576507e-01 -1.872946808604439184e+00 1.434728311020853075e-01 5.768997428631594774e-18 1.151066316450039797e-04 2.650428141305428758e-04 7.037656117115420108e-05 2.759043008973591805e+09 8.246016907102641296e+10 2.422092097309008096e+01
2.238721138568218750e+13 7.843046900739208960e-01 2.429576988324978482e-01 -1.861558836631590275e+00 1.351238122987860890e-01 4.359420319941238146e-18 9.759526422156277739e-05 2.247214005433856147e-04 5.813245580430604709e-05 2.501063386830323219e+09 8.271814869316967773e+10 2.581430537404225589e+01
2.511886431509448438e+13 7.672712733740392199e-01 2.649148590839551787e-01 -1.849948359728847525e+00 1.267095193135684694e-01 3.280294601390862506e-18 8.239727500587402064e-05 1.897267371318564011e-04 4.777125236242503871e-05 2.256148245235023499e+09 8.296306383476498413e+10 2.755990975001354570e+01
2.818382931264310938e+13 7.504391199810402924e-01 2.870967504780606028e-01 -1.838051122357082345e+00 1.182689655796054923e-01 2.457220236046114898e-18 6.925387571629630808e-05 1.594629418564062339e-04 3.904151038771850604e-05 2.024648332686684847e+09 8.319456374731330872e+10 2.947753269598629444e+01
3.162277660168211328e+13 7.338091763495873110e-01 3.095062618930465304e-01 -1.826037387333925288e+00 1.098437031217628923e-01 1.831536997271335793e-18 5.791828530242711315e-05 1.333617803491448121e-04 3.172089233257976309e-05 1.806859679632773399e+09 8.341235240036723328e+10 3.159013884474894596e+01
3.548133892335557031e+13 7.173818950086039425e-01 3.321469511572435751e-01 -1.813979761978739891e+00 1.014773985587640592e-01 1.357837157838270150e-18 4.817788039998551576e-05 1.109336692210566663e-04 2.561350609332474951e-05 1.603026057062090874e+09 8.361618602293791199e+10 3.392425531674162897e+01
3.981071705534757812e+13 7.011576017471764510e-01 3.550225930409993125e-01 -1.801770937089204105e+00 9.321551374416577052e-02 1.000954440862971535e-18 3.984871403048939999e-05 9.175505490158758070e-05 2.054628799025866434e-05 1.413303315943873882e+09 8.380590876405612183e+10 3.651087234887713606e+01
4.466835921509397656e+13 6.851374682637231261e-01 3.781357772574949205e-01 -1.789223965040033004e+00 8.510518676370583402e-02 7.335101191475570333e-19 3.276469348998946015e-05 7.544349480656879477e-05 1.636632424755477257e-05 1.237734024555202723e+09 8.398147805544479370e+10 3.938670191937347198e+01
5.011872336272448438e+13 6.693225803242935923e-01 4.014891522202239105e-01 -1.776520700025950861e+00 7.719401477126826283e-02 5.340310621573535296e-19 2.676495507136632623e-05 6.162858656198348705e-05 1.293952221334097942e-05 1.076266944365261793e+09 8.414294513563473511e+10 4.259519261962069692e+01
5.623413251903168750e+13 6.537133576811685609e-01 4.250863146099038148e-01 -1.763746827428858577e+00 6.952891827322035811e-02 3.860638665323643226e-19 2.170996663139073657e-05 4.998904553483847165e-05 1.014908141092044197e-05 9.287710270592178106e+08 8.429044105294078064e+10 4.618749633323397319e+01
6.309573444801581250e+13 6.383099241386829270e-01 4.489313390755466093e-01 -1.750904028663016865e+00 6.215540831923799248e-02 2.769880262205565040e-19 1.747676294769227374e-05 4.024173383714690883e-05 7.893311926620818130e-06 7.950167179836591482e+08 8.442419536201634216e+10 5.022426364857517456e+01
7.079457843840996875e+13 6.231130558035337108e-01 4.730273066687500361e-01 -1.737713851655964037e+00 5.511703278647745591e-02 1.971650394526242272e-19 1.395821585084100137e-05 3.213997974293969598e-05 6.083769087118660295e-06 6.746562662627395391e+08 8.454455581373725891e+10 5.477836843678687728e+01
7.943282347242367188e+13 6.081239031715904853e-01 4.973766296667780362e-01 -1.724282501759127006e+00 4.845413937956631611e-02 1.391462994332862911e-19 1.105278343972523558e-05 2.544997438440278333e-05 4.644020233935104834e-06 5.672337752733794451e+08 8.465197830472662354e+10 5.993796110498320928e+01
8.912509381336929688e+13 5.933428704939301968e-01 5.219828506271245727e-01 -1.710761900874457009e+00 4.220228736317267054e-02 9.728712862039464081e-20 8.670724465125996964e-06 1.996508089885789405e-05 3.508643851853592897e-06 4.722099495044751763e+08 8.474700213049552917e+10 6.580924439003368320e+01
9.999999999999428125e+13 5.787699641342950452e-01 5.468501789122004464e-01 -1.697239123690341023e+00 3.639141387949582779e-02 6.733640105919286930e-20 6.733640105918901470e-06 1.550477932947571155e-05 2.621897346145256568e-06 3.889632584782330394e+08 8.483024882152177429e+10 7.252060836566636226e+01
1.122018454301901094e+14 5.644054888242103774e-01 5.719823339901525250e-01 -1.683410212991329091e+00 3.104517604718943363e-02 4.611379588575151372e-20 5.174052998172428070e-06 1.191369730395298155e-05 1.936435430309542036e-06 3.167828395695411563e+08 8.490242924043046570e+10 8.022917504601133487e+01
1.258925411794094062e+14 5.502505138076192459e-01 5.973816248047720823e-01 -1.669235342046607284e+00 2.618024019901933619e-02 3.122203091347940829e-20 3.930620812479999815e-06 9.050588889028593332e-06 1.412328275485004909e-06 2.548793281242878437e+08 8.496433275187571716e+10 8.912949557811404588e+01
1.412537544622668750e+14 5.363054837878005188e-01 6.230513478212190703e-01 -1.654953806705779851e+00 2.180511451960101543e-02 2.087766072263664347e-20 2.949047961461829755e-06 6.790433874586489089e-06 1.016302706394629458e-06 2.024149302837121487e+08 8.501679714971629333e+10 9.946240875007261195e+01
1.584893192461020000e+14 5.225703256886755632e-01 6.489957095807393772e-01 -1.640686732752005605e+00 1.791987820027926212e-02 1.377339090100032001e-20 2.182935347609996170e-06 5.026394390376552773e-06 7.208819997705547452e-07 1.585198276735547185e+08 8.506069225232644653e+10 1.115266368983380545e+02
1.778279410038820938e+14 5.090448940932894573e-01 6.752190657448492450e-01 -1.626216701292570344e+00 1.451627178632699383e-02 8.956938395931440551e-21 1.592793912647102427e-06 3.667543519472878626e-06 5.035335520243198814e-07 1.222992892284748852e+08 8.509691279077153015e+10 1.256966959197829539e+02
1.995262314968760312e+14 4.957299813375772302e-01 7.017238929571505412e-01 -1.611303941987402899e+00 1.157814570852173236e-02 5.736308207136985282e-21 1.144543959274643993e-06 2.635409858902179636e-06 3.459597175649440707e-07 9.284866147331354022e+07 8.512636341852668762e+10 1.424485901820495997e+02
2.238721138568200312e+14 4.826261188020630200e-01 7.285130062402308537e-01 -1.596250815653814881e+00 9.081679166522126437e-03 3.612783495999010229e-21 8.088014781563306813e-07 1.862334226794316374e-06 2.335161154225321469e-07 6.927970903189325333e+07 8.514993237096810913e+10 1.623906602243657176e+02
2.511886431509428125e+14 4.697331240622760751e-01 7.555905666936038045e-01 -1.581181112892473095e+00 6.996265904981118465e-03 2.234495747170975225e-21 5.612799548584294042e-07 1.292394857053390588e-06 1.546478883263398116e-07 5.074071876642213017e+07 8.516847136123358154e+10 1.863024939290807822e+02
2.818382931264288125e+14 4.570504939434572589e-01 7.829614041620591713e-01 -1.566048468212745348e+00 5.285875810642957050e-03 1.355307032049988721e-21 3.819774205752149870e-07 8.795355144768072131e-07 1.003496290380850889e-07 3.642767629885427654e+07 8.518278440370114136e+10 2.151929683493460175e+02
3.162277660168185625e+14 4.445785467715028805e-01 8.106285314918604268e-01 -1.550435545895939793e+00 3.910657563496323930e-03 8.051440420000945071e-22 2.546089017234414288e-07 5.862586616519822997e-07 6.370477463486551522e-08 2.559572492319344357e+07 8.519361635507681274e+10 2.503855944414912642e+02
3.548133892335528125e+14 4.323178491746537677e-01 8.385941992998120487e-01 -1.534568350628639832e+00 2.828412749944467838e-03 4.676216578762073757e-22 1.659184253100700393e-07 3.820412927720132773e-07 3.949727577426572770e-08 1.757210910324792191e+07 8.520163997089675903e+10 2.936371177838819335e+02
3.981071705534725000e+14 4.202681024042307367e-01 8.668624322987459330e-01 -1.518661426522896818e+00 1.996190839709395450e-03 2.649980354145773056e-22 1.054976180811262747e-07 2.429172427399804848e-07 2.387331238646595380e-08 1.176559755071117729e+07 8.520744648244929504e+10 3.472927946661275200e+02
4.466835921509360625e+14 4.084285631113203641e-01 8.954382560791671608e-01 -1.502831321351033811e+00 1.372010481859833615e-03 1.462225745630760274e-22 6.531522485939289650e-08 1.503938631067922159e-07 1.404053474029667632e-08 7.668458370814625174e+06 8.521154362162918091e+10 4.145135997514906308e+02
5.011872336272406875e+14 3.967989497029164037e-01 9.243255504929759336e-01 -1.486558252633941812e+00 9.163621351408111860e-04 7.841860442410485336e-23 3.930240341622601099e-08 9.049712822504027666e-08 8.018259957000889812e-09 4.855096461906745099e+06 8.521435698353808594e+10 4.996201620680905080e+02
5.623413251903122500e+14 3.853797347156693309e-01 9.535261068553964048e-01 -1.469866629655211199e+00 5.933605079013696409e-04 4.077877623588495465e-23 2.293159106812675915e-08 5.280193975210408783e-08 4.435783257572296251e-09 2.978878508928381838e+06 8.521623320149107361e+10 6.086158067935506324e+02
6.309573444801530000e+14 3.741705813192353625e-01 9.830434857654436476e-01 -1.453118979493738028e+00 3.715330501207328765e-04 2.050409606630832370e-23 1.293721000496385072e-08 2.978902690236318874e-08 2.371009091210622609e-09 1.766670556883883197e+06 8.521744540944311523e+10 7.499326470103241036e+02
7.079457843840938750e+14 3.631705850569630356e-01 1.012882623814013394e+00 -1.436524089988151065e+00 2.243248685726551266e-04 9.939278965651466351e-24 7.036470643550452499e-09 1.620207241112949181e-08 1.221231608373310517e-09 1.010025702616189839e+06 8.521820205429737854e+10 9.355506852713158423e+02
7.943282347242301250e+14 3.523788658819633213e-01 1.043048358676608833e+00 -1.419639123659870883e+00 1.302024394330472397e-04 4.631926452668054271e-24 3.679269962520280857e-09 8.471832168799960741e-09 6.043839938750768087e-10 5.550355937844973523e+05 8.521865704440621948e+10 1.182757421785645647e+03
8.912509381336857500e+14 3.417956112190748130e-01 1.073542348584736184e+00 -1.402153911322771451e+00 7.240775673257627296e-05 2.068741852940077658e-24 1.843768117189263474e-09 4.245432981577696812e-09 2.864523651156367140e-10 2.922065533060577000e+05 8.521891987344670105e+10 1.516989340795776570e+03
9.999999999999345000e+14 3.314205201194483363e-01 1.104367256415212051e+00 -1.384585400650694798e+00 3.844126817927261223e-05 8.819987593469818688e-25 8.819987593469240650e-10 2.030877195311470245e-09 1.295446106934081735e-10 1.468409702329045394e+05 8.521906523902976990e+10 1.976333428772599746e+03
1.122018454301891875e+15 3.212525074580991902e-01 1.135527837486128622e+00 -1.367146843007085222e+00 1.940494403433911703e-05 3.574750938764079298e-25 4.010936522826309387e-10 9.235522646405232692e-10 5.568387419460864588e-11 7.016297323914713343e+04 8.521914191702676392e+10 2.618726755787511593e+03
1.258925411794083750e+15 3.112901584881830330e-01 1.167029816270797493e+00 -1.349659008130709825e+00 9.272730687834613116e-06 1.371410902276569825e-25 1.726504034887426631e-10 3.975422453725860601e-10 2.265651144428105095e-11 3.174500525414231015e+04 8.521918033499475098e+10 3.534019867840561346e+03
1.412537544622657250e+15 3.015330925357878056e-01 1.198875509183692900e+00 -1.331453939423273836e+00 4.174584911385923269e-06 4.958356663207101875e-26 7.003864946409951844e-11 1.612699501894709791e-10 8.686206555229683451e-12 1.353810789356035821e+04 8.521919854189210510e+10 4.864706192047382501e+03
1.584893192461007250e+15 2.919810157690437280e-01 1.231066493316965049e+00 -1.313013510781518622e+00 1.761456225839627460e-06 1.680233825625107770e-26 2.662991151975948371e-11 6.131763729314860929e-11 3.121516868164217813e-12 5.413563758916445295e+03 8.521920666643623352e+10 6.842446933913445719e+03
1.778279410038806500e+15 2.826326288320317182e-01 1.263607355976849034e+00 -1.294658655596879981e+00 6.925851052547387147e-07 5.304820982707376666e-27 9.433453927490355876e-12 2.172133038888542869e-11 1.045542676113376355e-12 2.018351246093719965e+03 8.521921006164875793e+10 9.852642963479396713e+03
1.995262314968744250e+15 2.734861318555508181e-01 1.296504364601130499e+00 -1.276531140176443424e+00 2.521372679250576706e-07 1.550339269187663767e-27 3.093333519226329128e-12 7.122663649029356009e-12 3.244428251655097266e-13 6.973968223359452168e+02 8.521921138260317993e+10 1.455304733218274123e+04
2.238721138568182000e+15 2.645404409514068300e-01 1.329761143524633038e+00 -1.257698235884421090e+00 8.440003056859526206e-08 4.167275803339752011e-28 9.329368431180405316e-13 2.148166467668525069e-12 9.267207224806367655e-14 2.218786212999745544e+02 8.521921185812138367e+10 2.209786800873035099e+04
2.511886431509407500e+15 2.557952064586569985e-01 1.363378129424015706e+00 -1.238348556894109054e+00 2.578219983010386826e-08 1.022412659292586532e-28 2.568184486280498926e-13 5.913463314168048299e-13 2.418425227093072695e-14 6.451510863643503058e+01 8.521921201548489380e+10 3.457979745931712387e+04
2.818382931264265000e+15 2.472490389329717875e-01 1.397359195512262175e+00 -1.219064463592562486e+00 7.127279507896021764e-09 2.269646677729126852e-29 6.396733456512416711e-14 1.472902310082176703e-13 5.718338210305244278e-15 1.700223115582852174e+01 8.521921206299777222e+10 5.592123069493200455e+04
3.162277660168159500e+15 2.388999097314201681e-01 1.431710602501343743e+00 -1.200212542507897995e+00 1.766435992669066036e-09 4.515495255648665997e-30 1.427924977153308914e-14 3.287918766307072523e-14 1.214102743523053046e-15 4.024896314655166840e+00 8.521921207597509766e+10 9.373782085773059225e+04
3.548133892335499000e+15 2.307459544349949598e-01 1.466437937995575647e+00 -1.180853150146676800e+00 3.884892655929321134e-10 7.973207122769120686e-31 2.829000642290792413e-15 6.514014707009359931e-15 2.292726842710550387e-16 8.477533899422577957e-01 8.521921207915225220e+10 1.633863966175360838e+05
3.981071705534692500e+15 2.227865110022713979e-01 1.501541315839590718e+00 -1.160592159376024002e+00 7.498170117504042819e-11 1.236003176497172806e-31 4.920617273903896874e-16 1.133013998322011320e-15 3.809696663777158823e-17 1.571732317471032925e-01 8.521921207984281921e+10 2.971916027582873357e+05
4.466835921509324000e+15 2.150201526440189415e-01 1.537023522019163702e+00 -1.140354580692280129e+00 1.254505130268682247e-11 1.660691070508616391e-32 7.418034528277661236e-17 1.708065572412726172e-16 5.501452748689624146e-18 2.533386084187520121e-02 8.521921207997467041e+10 5.664664645809294889e+05
5.011872336272366000e+15 2.074446273670402796e-01 1.572890830986255262e+00 -1.120562392132197216e+00 1.794482002116138222e-12 1.907011376618932840e-33 9.557697563433111258e-18 2.200741193290659655e-17 6.811035193351639487e-19 3.502280727521791918e-03 8.521921207999649048e+10 1.136568525697710924e+06
5.623413251903077000e+15 2.000574191527718926e-01 1.609150857874343421e+00 -1.100692777246160992e+00 2.161170265005208441e-13 1.843615995407729930e-34 1.036741461999631112e-18 2.387185435689203669e-18 7.123858512027159628e-20 4.092189956895647446e-04 8.521921207999958801e+10 2.412282899898130447e+06
6.309573444801478000e+15 1.928574233349235334e-01 1.645804102276799519e+00 -1.079628647861075930e+00 2.155421906047113415e-14 1.476739103781655022e-35 9.317593834120664531e-20 2.145455266501947807e-19 6.195311061786914900e-21 3.977347140312362885e-05 8.521921207999995422e+10 5.444762756096030585e+06
7.079457843840881000e+15 1.858434525264343329e-01 1.682850612741441099e+00 -1.058434841628525191e+00 1.748013731183767532e-15 9.617962376096175535e-37 6.808995918522055372e-21 1.567829250024618640e-20 4.397155830259147975e-22 3.156357191325866919e-06 8.521921208000000000e+10 1.315051358942661621e+07
7.943282347242237000e+15 1.790131905771338849e-01 1.720295785481334550e+00 -1.037633830875996255e+00 1.129272438360068630e-16 4.988443306462531382e-38 3.962461365644252157e-22 9.123904472097284979e-22 2.494850933951864594e-23 2.003275475255543672e-07 8.521921208000000000e+10 3.422303063538482040e+07
8.912509381336785000e+15 1.723637621704289247e-01 1.758148139074077854e+00 -1.017336633709896798e+00 5.679089970163101522e-18 2.013325505119498016e-39 1.794378245206214876e-23 4.131708598604645389e-23 1.105821009624375888e-24 9.937201286214584664e-09 8.521921208000000000e+10 9.670265272257785499e+07
