# [1] m:            [M_sun/h] 
# [2] sigma 
# [3] ln(1/sigma) 
# [4] n_eff 
# [5] f(sigma) 
# [6] dn/dm:        [h^4/(Mpc^3*M_sun)] 
# [7] dn/dlnm:      [h^3/Mpc^3] 
# [8] dn/dlog10m:   [h^3/Mpc^3] 
# [9] n(>m):        [h^3/Mpc^3] 
# [11] rho(>m):     [M_sun*h^2/Mpc^3] 
# [11] rho(<m):     [M_sun*h^2/Mpc^3] 
# [12] Lbox(N=1):   [Mpc/h]
1.000000000000000000e+07 5.978369589185707156e+00 -1.788147886839543510e+00 -2.516550227174258580e+00 nan nan nan nan nan nan nan nan
1.122018454301963001e+07 5.923100820130700939e+00 -1.778860098951529300e+00 -2.515342399793555561e+00 nan nan nan nan nan nan nan nan
1.258925411794166267e+07 5.868206682217076420e+00 -1.769549081578841943e+00 -2.514138023199294913e+00 nan nan nan nan nan nan nan nan
1.412537544622752629e+07 5.813682642048691562e+00 -1.760214215515917724e+00 -2.512906992283254759e+00 nan nan nan nan nan nan nan nan
1.584893192461110838e+07 5.759525808767081756e+00 -1.750855146452095834e+00 -2.511612097271144872e+00 nan nan nan nan nan nan nan nan
1.778279410038919002e+07 5.705733038503749910e+00 -1.741471465595113122e+00 -2.510295397754528146e+00 nan nan nan nan nan nan nan nan
1.995262314968874678e+07 5.652300101853756864e+00 -1.732062559989805406e+00 -2.508972549403060803e+00 nan nan nan nan nan nan nan nan
2.238721138568333164e+07 5.599222388561548414e+00 -1.722627728913836531e+00 -2.507638659562521521e+00 nan nan nan nan nan nan nan nan
2.511886431509571895e+07 5.546496603714436979e+00 -1.713166485866891353e+00 -2.506239823006903400e+00 nan nan nan nan nan nan nan nan
2.818382931264443323e+07 5.494120011986164620e+00 -1.703678431625648804e+00 -2.504801537836156555e+00 nan nan nan nan nan nan nan nan
3.162277660168366507e+07 5.442088667517173128e+00 -1.694162933414131267e+00 -2.503349711651649212e+00 nan nan nan nan nan nan nan nan
3.548133892335738987e+07 5.390398095914105348e+00 -1.684619240433613996e+00 -2.501896268605507956e+00 nan nan nan nan nan nan nan nan
3.981071705534952879e+07 5.339044526089418596e+00 -1.675046709264022216e+00 -2.500384892548342730e+00 nan nan nan nan nan nan nan nan
4.466835921509607136e+07 5.288025402544890063e+00 -1.665444906347394838e+00 -2.498815086066697777e+00 nan nan nan nan nan nan nan nan
5.011872336272694170e+07 5.237337160405336256e+00 -1.655813193672858175e+00 -2.497224789290392710e+00 nan nan nan nan nan nan nan nan
5.623413251903456450e+07 5.186975555212628208e+00 -1.646150782655753764e+00 -2.495630999701516473e+00 nan nan nan nan nan nan nan nan
6.309573444801890850e+07 5.136936436674173656e+00 -1.636456877780812391e+00 -2.493993974527421997e+00 nan nan nan nan nan nan nan nan
7.079457843841329217e+07 5.087217155213705766e+00 -1.626730953196406926e+00 -2.492282848832468201e+00 nan nan nan nan nan nan nan nan
7.943282347242756188e+07 5.037814603895270693e+00 -1.616972377708890241e+00 -2.490542715304446819e+00 nan nan nan nan nan nan nan nan
8.912509381337386370e+07 4.988724763809795348e+00 -1.607180318748075987e+00 -2.488788457390606279e+00 nan nan nan nan nan nan nan nan
9.999999999999918044e+07 4.939943333224343647e+00 -1.597353860126820679e+00 -2.487007148044447113e+00 nan nan nan nan nan nan nan nan
1.122018454301956147e+08 4.891467341955263670e+00 -1.587492328404305431e+00 -2.485146141448008272e+00 nan nan nan nan nan nan nan nan
1.258925411794155836e+08 4.843294103857418875e+00 -1.577595089195956257e+00 -2.483238619650345758e+00 nan nan nan nan nan nan nan nan
1.412537544622738063e+08 4.795419837597225232e+00 -1.567661261874162548e+00 -2.481307318002476947e+00 nan nan nan nan nan nan nan nan
1.584893192461097836e+08 4.747840316823387141e+00 -1.557689844510294686e+00 -2.479360342419893559e+00 nan nan nan nan nan nan nan nan
1.778279410038908124e+08 4.700552148659770779e+00 -1.547679980254210719e+00 -2.477336878204255299e+00 nan nan nan nan nan nan nan nan
1.995262314968858361e+08 4.653552892136193719e+00 -1.537630990676852161e+00 -2.475245501263973580e+00 nan nan nan nan nan nan nan nan
2.238721138568310440e+08 4.606839095439975829e+00 -1.527541959240088953e+00 -2.473121908664224655e+00 nan nan nan nan nan nan nan nan
2.511886431509551406e+08 4.560406738848952202e+00 -1.517411816664466784e+00 -2.470983215579895642e+00 nan nan nan nan nan nan nan nan
2.818382931264426112e+08 4.514252053418950084e+00 -1.507239514988634621e+00 -2.468780066576241161e+00 nan nan nan nan nan nan nan nan
3.162277660168340802e+08 4.468372613143678507e+00 -1.497024273688450924e+00 -2.466489122950556556e+00 nan nan nan nan nan nan nan nan
3.548133892335702181e+08 4.422765391882213848e+00 -1.486765154721564564e+00 -2.464156857633553521e+00 nan nan nan nan nan nan nan nan
3.981071705534920692e+08 4.377426610308605248e+00 -1.476461019830845656e+00 -2.461799081137826750e+00 nan nan nan nan nan nan nan nan
4.466835921509580016e+08 4.332352318907601862e+00 -1.466110655219408532e+00 -2.459392892679898246e+00 nan nan nan nan nan nan nan nan
5.011872336272653341e+08 4.287539890948494303e+00 -1.455713116460086942e+00 -2.456887986117341605e+00 nan nan nan nan nan nan nan nan
5.623413251903399229e+08 4.242986757331090431e+00 -1.445267445152647046e+00 -2.454325158166575704e+00 nan nan nan nan nan nan nan nan
6.309573444801839590e+08 4.198689390728167048e+00 -1.434772426765017483e+00 -2.451724537077194288e+00 nan nan nan nan nan nan nan nan
7.079457843841286898e+08 4.154643906232601047e+00 -1.424226722163649983e+00 -2.449088544926806499e+00 nan nan nan nan nan nan nan nan
7.943282347242691517e+08 4.110847367980490219e+00 -1.413629179515590861e+00 -2.446353218449344613e+00 nan nan nan nan nan nan nan nan
8.912509381337294579e+08 4.067297562000137034e+00 -1.402978789235170609e+00 -2.443536538233947120e+00 nan nan nan nan nan nan nan nan
9.999999999999836683e+08 4.023991311547721494e+00 -1.392274273636986193e+00 -2.440672090010719053e+00 nan nan nan nan nan nan nan nan
1.122018454301946878e+09 3.980924980073798913e+00 -1.381514199347728900e+00 -2.437776290488367081e+00 nan nan nan nan nan nan nan nan
1.258925411794145584e+09 3.938095350852277576e+00 -1.370697192938602260e+00 -2.434790255507943701e+00 nan nan nan nan nan nan nan nan
1.412537544622726679e+09 3.895500402375548621e+00 -1.359822144081171524e+00 -2.431699739634265445e+00 nan nan nan nan nan nan nan nan
1.584893192461085081e+09 3.853137442051362882e+00 -1.348887736446004348e+00 -2.428551684105720199e+00 nan nan nan nan nan nan nan nan
1.778279410038893700e+09 3.811003181285457675e+00 -1.337892456655336515e+00 -2.425364292075170791e+00 nan nan nan nan nan nan nan nan
1.995262314968842030e+09 3.769094309915112184e+00 -1.326834736501818490e+00 -2.422103082342701441e+00 nan nan nan nan nan nan nan nan
2.238721138568292141e+09 3.727408832905594327e+00 -1.315713309384642482e+00 -2.418721628947059887e+00 nan nan nan nan nan nan nan nan
2.511886431509531021e+09 3.685944654513780616e+00 -1.304526844081670856e+00 -2.415268783975238698e+00 nan nan nan nan nan nan nan nan
2.818382931264402866e+09 3.644698891807031771e+00 -1.293273753490604916e+00 -2.411763404868371818e+00 nan nan nan nan nan nan nan nan
3.162277660168314457e+09 3.603668423530295151e+00 -1.281952333163530966e+00 -2.408200845559352654e+00 nan nan nan nan nan nan nan nan
3.548133892335673332e+09 3.562851203164574265e+00 -1.270561124080192172e+00 -2.404515159027930782e+00 nan nan nan nan nan nan nan nan
3.981071705534887791e+09 3.522245737255986331e+00 -1.259098779717281236e+00 -2.400735314111417829e+00 nan nan nan nan nan nan nan nan
4.466835921509543419e+09 3.481849679963747946e+00 -1.247563669812094878e+00 -2.396893609163798011e+00 nan nan nan nan nan nan nan nan
5.011872336272612572e+09 3.441660359013263726e+00 -1.235954017445083597e+00 -2.393005622236410446e+00 nan nan nan nan nan nan nan nan
5.623413251903352737e+09 3.401675724921244814e+00 -1.224268170477339046e+00 -2.389003256490064953e+00 nan nan nan nan nan nan nan nan
6.309573444801788330e+09 3.361894815593692964e+00 -1.212504748236942875e+00 -2.384883949870414632e+00 nan nan nan nan nan nan nan nan
7.079457843841228485e+09 3.322316011827232352e+00 -1.200662133646720253e+00 -2.380695752303505941e+00 nan nan nan nan nan nan nan nan
7.943282347242626190e+09 3.282937272790284577e+00 -1.188738531663233511e+00 -2.376460770003620215e+00 nan nan nan nan nan nan nan nan
8.912509381337221146e+09 3.243756737020685232e+00 -1.176732144853430251e+00 -2.372132164722160041e+00 nan nan nan nan nan nan nan nan
9.999999999999753952e+09 3.204773871659184259e+00 -1.164641533018992758e+00 -2.367670236376776316e+00 nan nan nan nan nan nan nan nan
1.122018454301937675e+10 3.165987958926805401e+00 -1.152465158206738227e+00 -2.363132621183107851e+00 nan nan nan nan nan nan nan nan
1.258925411794135284e+10 3.127397693949236501e+00 -1.140201251057056719e+00 -2.358539932925511007e+00 nan nan nan nan nan nan nan nan
1.412537544622714996e+10 3.089001685513434126e+00 -1.127847959586484761e+00 -2.353879430416150775e+00 nan nan nan nan nan nan nan nan
1.584893192461071968e+10 3.050799747476329760e+00 -1.115403768535008000e+00 -2.349084562968152490e+00 nan nan nan nan nan nan nan nan
1.778279410038879013e+10 3.012792118610334580e+00 -1.102867262948906024e+00 -2.344198131045772016e+00 nan nan nan nan nan nan nan nan
1.995262314968825912e+10 2.974978319107889124e+00 -1.090236751276210558e+00 -2.339252573105730537e+00 nan nan nan nan nan nan nan nan
2.238721138568273544e+10 2.937357662851739271e+00 -1.077510423096878389e+00 -2.334262196304972115e+00 nan nan nan nan nan nan nan nan
2.511886431509510422e+10 2.899930268130891164e+00 -1.064686691231224946e+00 -2.329150235953750148e+00 nan nan nan nan nan nan nan nan
2.818382931264379883e+10 2.862697208833619111e+00 -1.051764260422956010e+00 -2.323927944852839822e+00 nan nan nan nan nan nan nan nan
3.162277660168288803e+10 2.825658903397842092e+00 -1.038741577542980465e+00 -2.318645717949016305e+00 nan nan nan nan nan nan nan nan
3.548133892335644531e+10 2.788815440851149408e+00 -1.025616932504934464e+00 -2.313329578074905246e+00 nan nan nan nan nan nan nan nan
3.981071705534854889e+10 2.752167219632199124e+00 -1.012388681172850857e+00 -2.307917959249551121e+00 nan nan nan nan nan nan nan nan
4.466835921509506989e+10 2.715715869464293775e+00 -9.990555906247626794e-01 -2.302379321482272978e+00 nan nan nan nan nan nan nan nan
5.011872336272570801e+10 2.679462664765226432e+00 -9.856162761983793263e-01 -2.296778839495748237e+00 nan nan nan nan nan nan nan nan
5.623413251903306580e+10 2.643408339356753789e+00 -9.720691221208683785e-01 -2.291140540696054995e+00 nan nan nan nan nan nan nan nan
6.309573444801736450e+10 2.607553541936739716e+00 -9.584124415023923538e-01 -2.285437710880715123e+00 nan nan nan nan nan nan nan nan
7.079457843841171265e+10 2.571900064440282740e+00 -9.446449504261991148e-01 -2.279601117877980254e+00 nan nan nan nan nan nan nan nan
7.943282347242561340e+10 2.536449822813522381e+00 -9.307653957723749372e-01 -2.273687113431928086e+00 nan nan nan nan nan nan nan nan
8.912509381337149048e+10 2.501203949014868755e+00 -9.167721955578599369e-01 -2.267726202384666045e+00 nan nan nan nan nan nan nan nan
9.999999999999673462e+10 2.466163267183273611e+00 -9.026636098430337318e-01 -2.261725081120246728e+00 nan nan nan nan nan nan nan nan
1.122018454301928558e+11 2.431329361954096768e+00 -8.884381703008520370e-01 -2.255593631012833722e+00 nan nan nan nan nan nan nan nan
1.258925411794125061e+11 2.396704434673236683e+00 -8.740946414969688050e-01 -2.249355331468927410e+00 nan nan nan nan nan nan nan nan
1.412537544622703552e+11 2.362289846270142490e+00 -8.596314224693946127e-01 -2.243059948819849936e+00 nan nan nan nan nan nan nan nan
1.584893192461058960e+11 2.328086513524088907e+00 -8.450466913454001139e-01 -2.236733014820138532e+00 nan nan nan nan nan nan nan nan
1.778279410038864746e+11 2.294095633962752512e+00 -8.303387065752602103e-01 -2.230290746707652261e+00 nan nan nan nan nan nan nan nan
1.995262314968809509e+11 2.260319396708621920e+00 -8.155061292758857272e-01 -2.223709109537081563e+00 nan nan nan nan nan nan nan nan
2.238721138568255310e+11 2.226759391934942656e+00 -8.005473410979505600e-01 -2.217058612600819600e+00 nan nan nan nan nan nan nan nan
2.511886431509489746e+11 2.193416636868458003e+00 -7.854604362830447384e-01 -2.210367488129703073e+00 nan nan nan nan nan nan nan nan
2.818382931264356689e+11 2.160292061096270366e+00 -7.702434260260517807e-01 -2.203587700070419597e+00 nan nan nan nan nan nan nan nan
3.162277660168262939e+11 2.127387690071028459e+00 -7.548947904461322800e-01 -2.196646877119079022e+00 nan nan nan nan nan nan nan nan
3.548133892335615234e+11 2.094705453525806949e+00 -7.394129485139525615e-01 -2.189618851929832744e+00 nan nan nan nan nan nan nan nan
3.981071705534822998e+11 2.062246533376649094e+00 -7.237959387664554267e-01 -2.182534719285749603e+00 nan nan nan nan nan nan nan nan
4.466835921509470215e+11 2.030011830448118282e+00 -7.080416208436691727e-01 -2.175390861059331549e+00 nan nan nan nan nan nan nan nan
5.011872336272529907e+11 1.998003109101287533e+00 -6.921482363319015896e-01 -2.168083013186024033e+00 nan nan nan nan nan nan nan nan
5.623413251903260498e+11 1.966222584903440707e+00 -6.761142324595518227e-01 -2.160653874420851661e+00 nan nan nan nan nan nan nan nan
6.309573444801684570e+11 1.934671629985759145e+00 -6.599376118152682213e-01 -2.153156423124531038e+00 nan nan nan nan nan nan nan nan
7.079457843841113281e+11 1.903351212737005138e+00 -6.436161286879150678e-01 -2.145617597101035834e+00 nan nan nan nan nan nan nan nan
7.943282347242496338e+11 1.872262723841727317e+00 -6.271477121406584532e-01 -2.137927307122040155e+00 nan nan nan nan nan nan nan nan
8.912509381337076416e+11 1.841408448337674919e+00 -6.105307398580831491e-01 -2.130076097392648471e+00 nan nan nan nan nan nan nan nan
9.999999999999591064e+11 1.810789976884942254e+00 -5.937632013782098150e-01 -2.122143729161189096e+00 nan nan nan nan nan nan nan nan
1.122018454301919434e+12 1.780408379399350371e+00 -5.768427646185778634e-01 -2.114167429106951879e+00 nan nan nan nan nan nan nan nan
1.258925411794114746e+12 1.750264733565766395e+00 -5.597670528176086346e-01 -2.106070294898441553e+00 nan nan nan nan nan nan nan nan
1.412537544622691895e+12 1.720361211626961095e+00 -5.425342755368900427e-01 -2.097778818425379832e+00 nan nan nan nan nan nan nan nan
1.584893192461046143e+12 1.690699707935131579e+00 -5.251424716128724191e-01 -2.089389579554077336e+00 nan nan nan nan nan nan nan nan
1.778279410038850098e+12 1.661281405924956323e+00 -5.075892358628323331e-01 -2.080937708464377423e+00 nan nan nan nan nan nan nan nan
1.995262314968793213e+12 1.632107228007819488e+00 -4.898719578197028857e-01 -2.072402498683441507e+00 nan nan nan nan nan nan nan nan
2.238721138568236816e+12 1.603179047762651743e+00 -4.719885628126863075e-01 -2.063660272901824744e+00 nan nan nan nan nan nan nan nan
2.511886431509469238e+12 1.574499011386780278e+00 -4.539371336684818181e-01 -2.054781232514899525e+00 2.903637701416827421e-01 6.178186681040711180e-16 1.551890329543868319e-03 3.573359538769328540e-03 1.529914307651111241e-03 1.562716013220315361e+10 6.959205194779684448e+10 8.678492609337798314e+00
2.818382931264333984e+12 1.546068409962827905e+00 -4.357151988387840125e-01 -2.045823342253474841e+00 2.893910825982625723e-01 4.937421418544485180e-16 1.391554425048471171e-03 3.204172475206509916e-03 1.360476007301710671e-03 1.517699867337092590e+10 7.004221340662907410e+10 9.024774746169555328e+00
3.162277660168236816e+12 1.517888148750644151e+00 -4.173199929587196322e-01 -2.036813197005148623e+00 2.882506005108344538e-01 3.943365280355285283e-16 1.247001593195057496e-03 2.871327279430764892e-03 1.208588513435774822e-03 1.472423569527779961e+10 7.049497638472219849e+10 9.388016535851020805e+00
3.548133892335586426e+12 1.489959700986420721e+00 -3.987490732737711263e-01 -2.027604615284055001e+00 2.869310253362379326e-01 3.147796609415857287e-16 1.116880383604744757e-03 2.571712121945756747e-03 1.072512528401358117e-03 1.426911786897824860e+10 7.095009421102175903e+10 9.769354639778885740e+00
3.981071705534790039e+12 1.462285321295978102e+00 -3.800005004918849405e-01 -2.018209338461781410e+00 2.854207043856645254e-01 2.511253960096897372e-16 9.997482085953950364e-04 2.302005321859258626e-03 9.506695923062293604e-04 1.381188718912697601e+10 7.140732489087301636e+10 1.017005884196150944e+01
4.466835921509433594e+12 1.434866471571704771e+00 -3.610717937125120236e-01 -2.008720913128554830e+00 2.837075926358339495e-01 2.001949724076734916e-16 8.942380940561857989e-04 2.059059304961181110e-03 8.416429766357155264e-04 1.335283898110788155e+10 7.186637309889212036e+10 1.059149743672791644e+01
5.011872336272489258e+12 1.407704111034572936e+00 -3.419600872386335255e-01 -1.999188199087267970e+00 2.817792895048401580e-01 1.594585282814297621e-16 7.991857866764221375e-04 1.840193278933849276e-03 7.441616620383371484e-04 1.289233163470782089e+10 7.232688044529217529e+10 1.103513293548302698e+01
5.623413251903214844e+12 1.380799312792315048e+00 -3.226625436588341778e-01 -1.989491417212964297e+00 2.796231243701200464e-01 1.269110258591499779e-16 7.136731446289755259e-04 1.643293144092862739e-03 6.570745014626670766e-04 1.243073837892439270e+10 7.278847370107560730e+10 1.150257645477845792e+01
6.309573444801632812e+12 1.354154233821784237e+00 -3.031770777678396422e-01 -1.979558570845339371e+00 2.772263215005962289e-01 1.009273356968073647e-16 6.368084371671556580e-04 1.466305614513928237e-03 5.793345324974952422e-04 1.196842139366052818e+10 7.325079068633947754e+10 1.199564287737937462e+01
7.079457843841054688e+12 1.327770574853219587e+00 -2.835012762298476097e-01 -1.969516194940995835e+00 2.745759781582913783e-01 8.018441671690514706e-17 5.676621978803139418e-04 1.307090514695447188e-03 5.099996292672589809e-04 1.150579001455622673e+10 7.371342206544377136e+10 1.251632158920578597e+01
7.943282347242431641e+12 1.301649355021651244e+00 -2.636321949358556016e-01 -1.959411712572997288e+00 2.716591185419812704e-01 6.363403823706885717e-17 5.054631326122590055e-04 1.163871874211060229e-03 4.482255695445947125e-04 1.104332863681262398e+10 7.417588344318737793e+10 1.306675628005529255e+01
8.912509381337003906e+12 1.275791370628427401e+00 -2.435666689122857331e-01 -1.949194155697850928e+00 2.684628335921774855e-01 5.044207150585555571e-17 4.495654355100095890e-04 1.035162670130724194e-03 3.932497059360486329e-04 1.058155713877204704e+10 7.463765494122795105e+10 1.364930477275455445e+01
9.999999999999509766e+12 1.250198471042157866e+00 -2.233023155442286356e-01 -1.938713675582305562e+00 2.649745861328744456e-01 3.994137895723403706e-17 3.994137895723207663e-04 9.196842378054864969e-04 3.443785332376420863e-04 1.012098865410192680e+10 7.509822342589807129e+10 1.426662708383389422e+01
1.122018454301910156e+13 1.224872594601587927e+00 -2.028368341809898834e-01 -1.928082679461801785e+00 2.611822900726150087e-01 3.158575614409369676e-17 3.543980128675307349e-04 8.160315814154882851e-04 3.009856377571165729e-04 9.662166971240217209e+09 7.555704510875978088e+10 1.492169214887820949e+01
1.258925411794104297e+13 1.199814800902092138e+00 -1.821672123018663880e-01 -1.917368336701742004e+00 2.570743401204216294e-01 2.494168088526712275e-17 3.139971587932205389e-04 7.230051770797539436e-04 2.625097187947344709e-04 9.205713950258768082e+09 7.601349812974122620e+10 1.561774057112238623e+01
1.412537544622680273e+13 1.175025757501795054e+00 -1.612900686339780176e-01 -1.906591035569184855e+00 2.526398498388624514e-01 1.966394943670458230e-17 2.777606685490722734e-04 6.395675748211539571e-04 2.284453999972108898e-04 8.752308249748117447e+09 7.646690383025187683e+10 1.635833863007403721e+01
1.584893192461033008e+13 1.150506852552892978e+00 -1.402025866275604937e-01 -1.895553040075119045e+00 2.478690796208983527e-01 1.547937716984182521e-17 2.453315950001903932e-04 5.648968734878910200e-04 1.983337887894839793e-04 8.302629644500198364e+09 7.691658243549980164e+10 1.714751128018825099e+01
1.778279410038835547e+13 1.126260128705232511e+00 -1.189025232009544436e-01 -1.884299753622015627e+00 2.427537404325219861e-01 1.216465295502084398e-17 2.163215188018164259e-04 4.980987044868937213e-04 1.717588993401136560e-04 7.857364674602801323e+09 7.736184740539720154e+10 1.798982411055447983e+01
1.995262314968776953e+13 1.102286729940809895e+00 -9.738686739594461239e-02 -1.872946808604439184e+00 2.372869727348889957e-01 9.541234567130903466e-18 1.903726577007372283e-04 4.383492437353756735e-04 1.483477006345562937e-04 7.417269575308709145e+09 7.780194250469128418e+10 1.889033792249134081e+01
2.238721138568218750e+13 1.078587290483693506e+00 -7.565212050620437334e-02 -1.861558836631590275e+00 2.314636844045655784e-01 7.467577120237851670e-18 1.671782275296486366e-04 3.849420945829357642e-04 1.277654171765979616e-04 6.983169642536746979e+09 7.823604243746325684e+10 1.985464962860663007e+01
2.511886431509448438e+13 1.055162686501950775e+00 -5.369496025474696649e-02 -1.849948359728847525e+00 2.252810472304566936e-01 5.832144317404996123e-18 1.464968417749454310e-04 3.373214440416967682e-04 1.097088287109816875e-04 6.555896851883471489e+09 7.866331522811653137e+10 2.088908773074442848e+01
2.818382931264310938e+13 1.032014862765936236e+00 -3.151306886064156321e-02 -1.838051122357082345e+00 2.187391188105455020e-01 4.544642683920231960e-18 1.280854336905600855e-04 2.949276102455610101e-04 9.390260235379982424e-05 6.136263826628417015e+09 7.908294825337158203e+10 2.200091740417595787e+01
3.162277660168211328e+13 1.009145120853957023e+00 -9.103557445655621749e-03 -1.826037387333925288e+00 2.118407887438651382e-01 3.532239273519706921e-18 1.116992134502016080e-04 2.571969437895942285e-04 8.009948850292057600e-05 5.725127053557396889e+09 7.949408502644259644e+10 2.319833162135760318e+01
3.548133892335557031e+13 9.865540830904130365e-01 1.353713181854138310e-02 -1.813979761978739891e+00 2.045920948295370523e-01 2.737582481468964048e-18 9.713309185564108778e-05 2.236572093432205371e-04 6.807813467459988973e-05 5.323403584971076012e+09 7.989580849502893066e+10 2.449048866367410682e+01
3.981071705534757812e+13 9.642421975052246630e-01 3.641277370229709792e-02 -1.801770937089204105e+00 1.970027252513301963e-01 2.115428481611181870e-18 8.421672473224631032e-05 1.939161749492533313e-04 5.763880006728776316e-05 4.932013604453098297e+09 8.028719847554690552e+10 2.588779274262174468e+01
4.466835921509397656e+13 9.422110754352081008e-01 5.952595791879299741e-02 -1.789223965040033004e+00 1.890868798657216465e-01 1.629714298902101750e-18 7.279666372133411772e-05 1.676205127044444086e-04 4.860038287594507572e-05 4.551831723286579132e+09 8.066738035671342468e+10 2.740228442227274996e+01
5.011872336272448438e+13 9.204622100417284569e-01 8.287933288152178612e-02 -1.776520700025950861e+00 1.808632492248281043e-01 1.251218677703945463e-18 6.270948277411796318e-05 1.443939202250509295e-04 4.080002205270748152e-05 4.183727417878593922e+09 8.103548466212139893e+10 2.904779699111850633e+01
5.623413251903168750e+13 8.989961785742662803e-01 1.064764952712015933e-01 -1.763746827428858577e+00 1.723550079828538584e-01 9.570124554016761686e-19 5.381676523942175729e-05 1.239176813934526747e-04 3.409223201224471456e-05 3.828596361379854202e+09 8.139061571862014771e+10 3.084003447674666987e+01
6.309573444801581250e+13 8.778131512903553091e-01 1.303215197368444989e-01 -1.750904028663016865e+00 1.635902247868373238e-01 7.290199629926385619e-19 4.599804999228583970e-05 1.059144242190322602e-04 2.834642937193244109e-05 3.487317568838117123e+09 8.173189451116188049e+10 3.279698185698153878e+01
7.079457843840996875e+13 8.569141955032859581e-01 1.544174873300477868e-01 -1.737713851655964037e+00 1.546026089389642977e-01 5.530455459933270368e-19 3.915262628583786097e-05 9.015225363733709901e-05 2.344476242552307667e-05 3.160691589431447506e+09 8.205852049056855774e+10 3.493961012563758572e+01
7.943282347242367188e+13 8.363008933918190113e-01 1.787668103280758147e-01 -1.724282501759127006e+00 1.454315206935515303e-01 4.176373408872671705e-19 3.317411317419071993e-05 7.638621846818894365e-05 1.928130062288481515e-05 2.849444994460500717e+09 8.236976708553950500e+10 3.729247649611262716e+01
8.912509381336929688e+13 8.159738008879530158e-01 2.033730312884224900e-01 -1.710761900874457009e+00 1.361212743887525167e-01 3.137945537280714840e-19 2.796696903913872291e-05 6.439632600574683719e-05 1.576173701103632745e-05 2.554272454365289211e+09 8.266493962563470459e+10 3.988399388806956125e+01
9.999999999999428125e+13 7.959329267431992649e-01 2.282403595734985302e-01 -1.697239123690341023e+00 1.267211425208494280e-01 2.344768934704900648e-19 2.344768934704766634e-05 5.399029995566724803e-05 1.280207136200089689e-05 2.275813489563658714e+09 8.294339859043634033e+10 4.274709293962210666e+01
1.122018454301901094e+14 7.761786900288124569e-01 2.533725146514502757e-01 -1.683410212991329091e+00 1.172854741342355123e-01 1.742131662055549233e-19 1.954703874649969263e-05 4.500872002986721141e-05 1.032709586236246933e-05 2.014586203479445219e+09 8.320462587652055359e+10 4.592056932875003383e+01
1.258925411794094062e+14 7.567125611847143052e-01 2.787718054660698330e-01 -1.669235342046607284e+00 1.078735151375710827e-01 1.286477969173519477e-19 1.619579807105802716e-05 3.729220320755993837e-05 8.269572781426735023e-06 1.770964411584926128e+09 8.344824766841506958e+10 4.945068463822268257e+01
1.412537544622668750e+14 7.375351517733637063e-01 3.044415284825168766e-01 -1.654953806705779851e+00 9.854776171487912573e-02 9.435615356245942846e-20 1.332816094731559138e-05 3.068922471431427855e-05 6.570037083379833860e-06 1.545219950574626923e+09 8.367399212942536926e+10 5.339214798692856334e+01
1.584893192461020000e+14 7.186463612994674621e-01 3.303858902420372390e-01 -1.640686732752005605e+00 8.937305496860828424e-02 6.869299045124354113e-20 1.088710529359657457e-05 2.506848635489203670e-05 5.176094306649638456e-06 1.337518561840868473e+09 8.388169351815913391e+10 5.780950799394226181e+01
1.778279410038820938e+14 7.000459897835007439e-01 3.566092464061471068e-01 -1.626216701292570344e+00 8.041570414980583892e-02 4.961869815731171102e-20 8.823590928607860296e-06 2.031706893888994832e-05 4.041455424305058337e-06 1.147867815002019405e+09 8.407134426499798584e+10 6.277991677647352731e+01
1.995262314968760312e+14 6.817351268574397549e-01 3.831140736184484030e-01 -1.611303941987402899e+00 7.174275358006389214e-02 3.554442624271231938e-20 7.092045418927054092e-06 1.633003806045814734e-05 3.125277749321330873e-06 9.760874777260023355e+08 8.424312460227400208e+10 6.839701155658832477e+01
2.238721138568200312e+14 6.637145032835592984e-01 4.099031869015287155e-01 -1.596250815653814881e+00 6.341955845453681184e-02 2.522893948430884571e-20 5.648056012718012325e-06 1.300512957927988430e-05 2.391898558327860601e-06 8.218435576185228825e+08 8.439736852238146973e+10 7.477431002816031480e+01
2.511886431509428125e+14 6.459838681890570644e-01 4.369807473549017773e-01 -1.581181112892473095e+00 5.550774477080461233e-02 1.772828839125570557e-20 4.453144706388131615e-06 1.025374461787465992e-05 1.810426703398981367e-06 6.846658064266326427e+08 8.453454627357336426e+10 8.204894812924672465e+01
2.818382931264288125e+14 6.285425296006389440e-01 4.643515848233568666e-01 -1.566048468212745348e+00 4.806364909884602854e-02 1.232359668354099731e-20 3.473261454467713376e-06 7.997480049128174748e-06 1.354146086723898473e-06 5.639252983231501579e+08 8.465528678167684937e+10 9.038814916791707788e+01
3.162277660168185625e+14 6.113909252847369302e-01 4.920187121531581775e-01 -1.550435545895939793e+00 4.113710836373667135e-02 8.469495773125873964e-21 2.678289727624482609e-06 6.166990001547217204e-06 1.000034335457004230e-06 4.588210583832401633e+08 8.476039102161676025e+10 9.999885551096410552e+01
3.548133892335528125e+14 5.945298344768021881e-01 5.199843799611099104e-01 -1.534568350628639832e+00 3.476921967232729505e-02 5.748397275664577569e-21 2.039608320039470496e-06 4.696371713269513846e-06 7.284502925865788808e-07 3.684083324851608872e+08 8.485080374751483154e+10 1.111390531888434055e+02
3.981071705534725000e+14 5.779588463332782089e-01 5.482526129600436837e-01 -1.518661426522896818e+00 2.899012735197910307e-02 3.848493161010223555e-21 1.532112723224169603e-06 3.527819917282485552e-06 5.228455018227734854e-07 2.916386832307273746e+08 8.492757339676927185e+10 1.241296529968897318e+02
4.466835921509360625e+14 5.616769385898580103e-01 5.768284367404650226e-01 -1.502831321351033811e+00 2.381803769865234108e-02 2.538417045193645029e-21 1.133869244124262366e-06 2.610830418924953276e-06 3.693792434175834807e-07 2.273720453428795040e+08 8.499184003465711975e+10 1.393720979689404942e+02
5.011872336272406875e+14 5.456837239957172958e-01 6.057157311542734623e-01 -1.486558252633941812e+00 1.925875313548759682e-02 1.648087023588356515e-21 8.260001761292013381e-07 1.901935692365555319e-06 2.565600906353177748e-07 1.743860203874797225e+08 8.504482605961251831e+10 1.573754433363133103e+02
5.623413251903122500e+14 5.299798523901747549e-01 6.349162875166943776e-01 -1.469866629655211199e+00 1.530528875558004147e-02 1.051857912817395956e-21 5.915031726056504094e-07 1.361986387700454642e-06 1.749620386336653288e-07 1.314078424288724959e+08 8.508780423757112122e+10 1.787936360508254836e+02
6.309573444801530000e+14 5.145648605592113567e-01 6.644336664267413983e-01 -1.453118979493738028e+00 1.193749907217408687e-02 6.588044527607561056e-22 4.156775080456270579e-07 9.571328335187734827e-07 1.169840581031830746e-07 9.716256190131135285e+07 8.512204951809869385e+10 2.044675716329907686e+02
7.079457843840938750e+14 4.994375046808003371e-01 6.942728044753112560e-01 -1.436524089988151065e+00 9.123211781299604001e-03 4.042269033033474817e-22 2.861707321282416180e-07 6.589324618496813730e-07 7.658242571897062849e-08 7.040260066350853443e+07 8.514880947933648682e+10 2.354815905392433706e+02
7.943282347242301250e+14 4.845965745015777260e-01 7.244385393379066951e-01 -1.419639123659870883e+00 6.820000677429481975e-03 2.426201973062399134e-22 1.927200730347099755e-07 4.437543672904469612e-07 4.901525499046668163e-08 4.992822361897540838e+07 8.516928385638102722e+10 2.732475298112884730e+02
8.912509381336857500e+14 4.700423277709251946e-01 7.549325292460339343e-01 -1.402153911322771451e+00 4.977444184304916086e-03 1.422091716330181388e-22 1.267440576291417501e-07 2.918389777224400581e-07 3.062542136514401513e-08 3.461351397147277743e+07 8.518459856602853394e+10 3.196239461427398965e+02
9.999999999999345000e+14 4.557743506195799932e-01 7.857574370765098015e-01 -1.384585400650694798e+00 3.539299305479005030e-03 8.120589523301167954e-23 8.120589523300635838e-08 1.869834838267567050e-07 1.865485982641377841e-08 2.343638280882636085e+07 8.519577569719117737e+10 3.770532338901572302e+02
1.122018454301891875e+15 4.417911507677789729e-01 8.169180181474263724e-01 -1.367146843007085222e+00 2.446393440785758853e-03 4.506710884380562356e-23 5.056612780478190664e-08 1.164328120937225552e-07 1.106945242840159706e-08 1.549580161677200720e+07 8.520371627838322449e+10 4.487019469084124239e+02
1.258925411794083750e+15 4.280907826349527601e-01 8.484199969320953549e-01 -1.349659008130709825e+00 1.639616542736338067e-03 2.424946952478273822e-23 3.052827340727519073e-08 7.029394726243840211e-08 6.401283444497447233e-09 1.001743660778640956e+07 8.520919464339221191e+10 5.385726734489354612e+02
1.412537544622657250e+15 4.146727227127651183e-01 8.802656898449906508e-01 -1.331453939423273836e+00 1.062646087655423057e-03 1.262156219409122542e-23 1.782843047094377798e-08 4.105147823387596275e-08 3.617647807089513500e-09 6.355396838496150449e+06 8.521285668316149902e+10 6.514152257466304263e+02
1.584893192461007250e+15 4.015365669193276532e-01 9.124566739782630220e-01 -1.313013510781518622e+00 6.640213174682366940e-04 6.334026711418601465e-24 1.003875581579352289e-08 2.311508949365344940e-08 2.013483613901235762e-09 3.989854282265390269e+06 8.521522222571772766e+10 7.919248423291159042e+02
1.778279410038806500e+15 3.886805283613603001e-01 9.449975366381470065e-01 -1.294658655596879981e+00 nan nan nan nan nan nan nan nan
1.995262314968744250e+15 3.761021318323914397e-01 9.778945452624282497e-01 -1.276531140176443424e+00 nan nan nan nan nan nan nan nan
2.238721138568182000e+15 3.637998867535102709e-01 1.011151324185930900e+00 -1.257698235884421090e+00 nan nan nan nan nan nan nan nan
2.511886431509407500e+15 3.517733122658700529e-01 1.044768310085313567e+00 -1.238348556894109054e+00 nan nan nan nan nan nan nan nan
2.818382931264265000e+15 3.400204975852900713e-01 1.078749376173560037e+00 -1.219064463592562486e+00 nan nan nan nan nan nan nan nan
3.162277660168159500e+15 3.285386528923160965e-01 1.113100783162641605e+00 -1.200212542507897995e+00 nan nan nan nan nan nan nan nan
3.548133892335499000e+15 3.173252142106380291e-01 1.147828118656873730e+00 -1.180853150146676800e+00 nan nan nan nan nan nan nan nan
3.981071705534692500e+15 3.063792710911975026e-01 1.182931496500888802e+00 -1.160592159376024002e+00 nan nan nan nan nan nan nan nan
4.466835921509324000e+15 2.956988613925593534e-01 1.218413702680461563e+00 -1.140354580692280129e+00 nan nan nan nan nan nan nan nan
5.011872336272366000e+15 2.852808881407137842e-01 1.254281011647553123e+00 -1.120562392132197216e+00 nan nan nan nan nan nan nan nan
5.623413251903077000e+15 2.751218912701026698e-01 1.290541038535641283e+00 -1.100692777246160992e+00 nan nan nan nan nan nan nan nan
6.309573444801478000e+15 2.652203516274733719e-01 1.327194282938097603e+00 -1.079628647861075930e+00 nan nan nan nan nan nan nan nan
7.079457843840881000e+15 2.555746363007588839e-01 1.364240793402738960e+00 -1.058434841628525191e+00 nan nan nan nan nan nan nan nan
7.943282347242237000e+15 2.461815600863408726e-01 1.401685966142632633e+00 -1.037633830875996255e+00 nan nan nan nan nan nan nan nan
8.912509381336785000e+15 2.370371688067512139e-01 1.439538319735375715e+00 -1.017336633709896798e+00 nan nan nan nan nan nan nan nan
