# [1] m:            [M_sun/h] 
# [2] sigma 
# [3] ln(1/sigma) 
# [4] n_eff 
# [5] f(sigma) 
# [6] dn/dm:        [h^4/(Mpc^3*M_sun)] 
# [7] dn/dlnm:      [h^3/Mpc^3] 
# [8] dn/dlog10m:   [h^3/Mpc^3] 
# [9] n(>m):        [h^3/Mpc^3] 
# [11] rho(>m):     [M_sun*h^2/Mpc^3] 
# [11] rho(<m):     [M_sun*h^2/Mpc^3] 
# [12] Lbox(N=1):   [Mpc/h]
1.000000000000000000e+07 3.005018662568205823e+00 -1.100283778473112317e+00 -2.516550227174258580e+00 2.484790145747362011e-01 1.706189797353322696e-05 1.706189797353322604e+02 3.928647193204292876e+02 1.800702524152934245e+02 3.114790022729852676e+10 5.407131185270147705e+10 1.770867260636471707e-01
1.122018454301963001e+07 2.977237897262579036e+00 -1.090995990585098108e+00 -2.515342399793555561e+00 2.492403892426968970e-01 1.362823809782278816e-05 1.529113464537824996e+02 3.520913868941275382e+02 1.614463497599295749e+02 3.095092078904442596e+10 5.426829129095557404e+10 1.836498550577295719e-01
1.258925411794166267e+07 2.949645439748003195e+00 -1.081684973212410750e+00 -2.514138023199294913e+00 2.500043933830476406e-01 1.088546078575019818e-05 1.370398320226981639e+02 3.155458743618729045e+02 1.447554182285296349e+02 3.075284535066518784e+10 5.446636672933480835e+10 1.904532510593626160e-01
1.412537544622752629e+07 2.922239011319591295e+00 -1.072350107149486531e+00 -2.512906992283254759e+00 2.507708687535900038e-01 8.695113269742795104e-06 1.228217394825920223e+02 2.828075064282146514e+02 1.297965837087775185e+02 3.055366411552719879e+10 5.466554796447280121e+10 1.975053720502998045e-01
1.584893192461110838e+07 2.895017158891595166e+00 -1.062991038085664641e+00 -2.511612097271144872e+00 2.515396245388351049e-01 6.946364530814722849e-06 1.100924585724157225e+02 2.534972539599089885e+02 1.163889646990744922e+02 3.035335354231729126e+10 5.486585853768270874e+10 2.048154583165263387e-01
1.778279410038919002e+07 2.867978302203149088e+00 -1.053607357228682151e+00 -2.510295397754528146e+00 2.523104630566176398e-01 5.549523697779617452e-06 9.868603727284538252e+01 2.272329983111085596e+02 1.043707083922991075e+02 3.015189108374561691e+10 5.506732099625437927e+10 2.123931256944024126e-01
1.995262314968874678e+07 2.841120315350094128e+00 -1.044198451623374213e+00 -2.508972549403060803e+00 2.530831915509589303e-01 4.433588055850732545e-06 8.846171167935085577e+01 2.036906186136105532e+02 9.359761796918117227e+01 2.994926608939299774e+10 5.526994599060700226e+10 2.202478788841488178e-01
2.238721138568333164e+07 2.814440880994270699e+00 -1.034763620547405338e+00 -2.507638659562521521e+00 2.538576120596002794e-01 3.542096590810437794e-06 7.929766512698154202e+01 1.825896216306215081e+02 8.394061196307541195e+01 2.974547022417797470e+10 5.547374185582202148e+10 2.283894066912578735e-01
2.511886431509571895e+07 2.787938342952672954e+00 -1.025302377500460160e+00 -2.506239823006903400e+00 2.546334960253198720e-01 2.830204759331777753e-06 7.109152933359305848e+01 1.636942956816803019e+02 7.528351403026790933e+01 2.954048304271147537e+10 5.567872903728852844e+10 2.368281772660695561e-01
2.818382931264443323e+07 2.761611326317588322e+00 -1.015814323259217389e+00 -2.504801537836156555e+00 2.554105941628717624e-01 2.261540964664466658e-06 6.373888453165656642e+01 1.467642053666612014e+02 6.752205150405940515e+01 2.933427823982039642e+10 5.588493384017960358e+10 2.455753605688129615e-01
3.162277660168366507e+07 2.735457847708526735e+00 -1.006298825047699852e+00 -2.503349711651649212e+00 2.561886621228067762e-01 1.807161067313327172e-06 5.714745071490956008e+01 1.315868681187626805e+02 6.056327466692383865e+01 2.912684025363302994e+10 5.609237182636697388e+10 2.546421056487482848e-01
3.548133892335738987e+07 2.709475658078261073e+00 -9.967551320671828030e-01 -2.501896268605507956e+00 2.569674502565855168e-01 1.444056462706149880e-06 5.123705677774150757e+01 1.179776831453171440e+02 5.432416088532186649e+01 2.891816154625037384e+10 5.630105053374962616e+10 2.640395543588552885e-01
3.981071705534952879e+07 2.683662861895196095e+00 -9.871826008975910227e-01 -2.500384892548342730e+00 2.577466844601872809e-01 1.154024193568343090e-06 4.594253064517722152e+01 1.057865861980071998e+02 4.873005415173878418e+01 2.870822539593908310e+10 5.651098668406091309e+10 2.737795689180979597e-01
4.466835921509607136e+07 2.658018174641917586e+00 -9.775807979809637560e-01 -2.498815086066697777e+00 2.585260572285953962e-01 9.223347613706356112e-07 4.119918043747346559e+01 9.486461871889831343e+01 4.371377402881616803e+01 2.849700322801110840e+10 5.672220885198889160e+10 2.838750556455465479e-01
5.011872336272694170e+07 2.632539804439167686e+00 -9.679490853064270928e-01 -2.497224789290392710e+00 2.593052606468435606e-01 7.371764426635051521e-07 3.694634219937135100e+01 8.507209678892932914e+01 3.921535614112049473e+01 2.828447443424634933e+10 5.693473764575364685e+10 2.943390918013614188e-01
5.623413251903456450e+07 2.607225617816324004e+00 -9.582866742893226819e-01 -2.495630999701516473e+00 2.600839810046780554e-01 5.891803501400119900e-07 3.313204588738462064e+01 7.628935496068650934e+01 3.518131984738011653e+01 2.807063016970878983e+10 5.714858191029121399e+10 3.051846064185615992e-01
6.309573444801890850e+07 2.582073528634932114e+00 -9.485927694143810873e-01 -2.493993974527421997e+00 2.608618861966161551e-01 4.709259067687443067e-07 2.971341595817320069e+01 6.841766864722100649e+01 3.156364425718244249e+01 2.785545695097957611e+10 5.736375512902042389e+10 3.164251199081728472e-01
7.079457843841329217e+07 2.557082205089387106e+00 -9.388668448299757330e-01 -2.492282848832468201e+00 2.616386027580547280e-01 3.764522696012697105e-07 2.665077972860579791e+01 6.136568811975561744e+01 2.831906033800803968e+01 2.763892642414110565e+10 5.758028565585889435e+10 3.280754403293716925e-01
7.943282347242756188e+07 2.532250085482910862e+00 -9.291082693424590477e-01 -2.490542715304446819e+00 2.624137452153960659e-01 3.009404875863975344e-07 2.390455262615659393e+01 5.504226653167984296e+01 2.540886147172216525e+01 2.742101340759224319e+10 5.779819867240776062e+10 3.401508794649292233e-01
8.912509381337386370e+07 2.507575149716780860e+00 -9.193162103816447939e-01 -2.488788457390606279e+00 2.631869225074512375e-01 2.405754025081584620e-07 2.144130531772979964e+01 4.937042999893860440e+01 2.279854405845671650e+01 2.720170573643736267e+10 5.801750634356263733e+10 3.526665713126419521e-01
9.999999999999918044e+07 2.483055235531277383e+00 -9.094897517603895976e-01 -2.487007148044447113e+00 2.639577272797111740e-01 1.923233247433268969e-07 1.923233247433253368e+01 4.428408205890338678e+01 2.045718125701067791e+01 2.698099192615855408e+10 5.823822015384144592e+10 3.656380652858471358e-01
1.122018454301956147e+08 2.458688849967965329e+00 -8.996282200378743488e-01 -2.485146141448008272e+00 2.647257092317285565e-01 1.537681383657992005e-07 1.725306889300833291e+01 3.972665924144027372e+01 1.835691272450209510e+01 2.675884660901964569e+10 5.846036547098035431e+10 3.790822522912404291e-01
1.258925411794155836e+08 2.434474642839950853e+00 -8.897309808295250644e-01 -2.483238619650345758e+00 2.654903903927041675e-01 1.229490337085815063e-07 1.547836628912695112e+01 3.564025548124528342e+01 1.647273985643496275e+01 2.653524043875755310e+10 5.868397164124244690e+10 3.930170456464512907e-01
1.412537544622738063e+08 2.410410713465481525e+00 -8.797971535077316885e-01 -2.481307318002476947e+00 2.662512859167073809e-01 9.830782751871376907e-08 1.388634973004795903e+01 3.197450188451032460e+01 1.478237092229108107e+01 2.631015641953091049e+10 5.890905566046908569e+10 4.074603008416817773e-01
1.584893192461097836e+08 2.386494937475306610e+00 -8.698257361438632707e-01 -2.479360342419893559e+00 2.670078926207620218e-01 7.860453607054060516e-08 1.245797941147626098e+01 2.868555768169197506e+01 1.326586943313603051e+01 2.608358459584555054e+10 5.913562748415444946e+10 4.224300070852059497e-01
1.778279410038908124e+08 2.362725609445240238e+00 -8.598158718877795259e-01 -2.477336878204255299e+00 2.677596673140280048e-01 6.285694681347346975e-08 1.117772142963106319e+01 2.573765473750858135e+01 1.190528912265602202e+01 2.585550387941038895e+10 5.936370820058961487e+10 4.379454490892560892e-01
1.995262314968858361e+08 2.339101502425215973e+00 -8.497668823104207458e-01 -2.475245501263973580e+00 2.685060235548516472e-01 5.026856265888004069e-08 1.002989687009140951e+01 2.309469101734011787e+01 1.068448047878480978e+01 2.562588210904751205e+10 5.959332997095248413e+10 4.540275399878145879e-01
2.238721138568310440e+08 2.315620881366679207e+00 -8.396778508736577606e-01 -2.473121908664224655e+00 2.692463614721232190e-01 4.020186929555081845e-08 9.000077460190992085e+00 2.072344419562749351e+01 9.589027098460624288e+00 2.539469716092891312e+10 5.982451491907109070e+10 4.706974201887259013e-01
2.511886431509551406e+08 2.292281725762207234e+00 -8.295477082980355910e-01 -2.470983215579895642e+00 2.699800591434580732e-01 3.215047573392066634e-08 8.075834376261241232e+00 1.859529584826800175e+01 8.606058597363240636e+00 2.516193895113925934e+10 6.005727312886074066e+10 4.879761172295838390e-01
2.818382931264426112e+08 2.269082141157567012e+00 -8.193754066222032062e-01 -2.468780066576241161e+00 2.707064579498154600e-01 2.571338447330162259e-08 7.247016390459300794e+00 1.668687190935510500e+01 7.724004403422665810e+00 2.492759078539752960e+10 6.029162129460247040e+10 5.058858077463234126e-01
3.162277660168340802e+08 2.246020908124272353e+00 -8.091601653220197310e-01 -2.466489122950556556e+00 2.714248438626554738e-01 2.056738789818708914e-08 6.503979127845371799e+00 1.497596538492116913e+01 6.932433471065762021e+00 2.469162039604324722e+10 6.052759168395675659e+10 5.244508132363364661e-01
3.548133892335702181e+08 2.223096505577047743e+00 -7.989010463551332597e-01 -2.464156857633553521e+00 2.721344764650217019e-01 1.645157595087270235e-08 5.837239421362639291e+00 1.344074047586680365e+01 6.222015824546065943e+00 2.445400112705149460e+10 6.076521095294850159e+10 5.436961982267674021e-01
3.981071705534920692e+08 2.200307033843274418e+00 -7.885969114644144629e-01 -2.461799081137826750e+00 2.728345892571311659e-01 1.315921937975700381e-08 5.238779593967739956e+00 1.206273579855151823e+01 5.584428917685611005e+00 2.421472071955282593e+10 6.100449136044717407e+10 5.636468413251766174e-01
4.466835921509580016e+08 2.177650507704933069e+00 -7.782465468529774499e-01 -2.459392892679898246e+00 2.735243783511640547e-01 1.052601670230029312e-08 4.701798951624476253e+00 1.082629217626555196e+01 5.012203218315186781e+00 2.397376600213118362e+10 6.124544607786882019e+10 5.843285546015212217e-01
5.011872336272653341e+08 2.155125606839703334e+00 -7.678490080936557494e-01 -2.456887986117341605e+00 2.742029777184957218e-01 8.420693121892695995e-09 4.220343890985541080e+00 9.717700930691796302e+00 4.498603390641255473e+00 2.373110813399016953e+10 6.148810394600982666e+10 6.057695391622691661e-01
5.623413251903399229e+08 2.132731039893160485e+00 -7.574033367862157418e-01 -2.454325158166575704e+00 2.748694769937334859e-01 6.736692301890406040e-09 3.788320476444612339e+00 8.722930256545465610e+00 4.037587610960326145e+00 2.348671683882318878e+10 6.173249524117681122e+10 6.279995708499426232e-01
6.309573444801839590e+08 2.110465033859475259e+00 -7.469083183985864016e-01 -2.451724537077194288e+00 2.755229343251372476e-01 5.389429924098528277e-09 3.400500393171246749e+00 7.829941514036504735e+00 3.623765816695778685e+00 2.324057625719468307e+10 6.197863582280531311e+10 6.510484241237707304e-01
7.079457843841286898e+08 2.088325635995807339e+00 -7.363626137972187902e-01 -2.449088544926806499e+00 2.761623643780179438e-01 4.311541385134508304e-09 3.052337547803682050e+00 7.028266936358758876e+00 3.252310605435898783e+00 2.299267648083835602e+10 6.222653559916164398e+10 6.749464667653901628e-01
7.943282347242691517e+08 2.066311370594493990e+00 -7.257650711491595574e-01 -2.446353218449344613e+00 2.767867168604998263e-01 3.449564644460452564e-09 2.740086594601522485e+00 6.309282546242284795e+00 2.918871868370874090e+00 2.274299465042698669e+10 6.247621742957301331e+10 6.997265019915709372e-01
8.912509381337294579e+08 2.044421124805924528e+00 -7.151146808687395273e-01 -2.443536538233947120e+00 2.773948783333077261e-01 2.760078000487020400e-09 2.459922107256325319e+00 5.664179974094914805e+00 2.619535305362445499e+00 2.249149847585189819e+10 6.272771360414810181e+10 7.254239914840494574e-01
9.999999999999836683e+08 2.022653301844499207e+00 -7.044101652705549999e-01 -2.440672090010719053e+00 2.779856934924311851e-01 2.208387094207957240e-09 2.208387094207921120e+00 5.084999202683596842e+00 2.350805825942983596e+00 2.223816835289305115e+10 6.298104372710694885e+10 7.520748756204097552e-01
1.122018454301946878e+09 2.001006073804000529e+00 -6.936500909812977067e-01 -2.437776290488367081e+00 2.785579542762128824e-01 1.766895988374491344e-09 1.982489905788257456e+00 4.564851704079211814e+00 2.109559553273914201e+00 2.198299717649774933e+10 6.323621490350225067e+10 7.797153245890056095e-01
1.258925411794145584e+09 1.979477823801799152e+00 -6.828330845721710674e-01 -2.434790255507943701e+00 2.791103848031418755e-01 1.413747663851611552e-09 1.779802859887401389e+00 4.098147533644900697e+00 1.892984572330812298e+00 2.172596942838486099e+10 6.349324265161514282e+10 8.083838747407910974e-01
1.412537544622726679e+09 1.958067535730074971e+00 -6.719580357147404426e-01 -2.431699739634265445e+00 2.796416295309607780e-01 1.131269148280264314e-09 1.597960145019247769e+00 3.679439209119923504e+00 1.698544903761692426e+00 2.146705422594921494e+10 6.375215785405078125e+10 8.381228011163052161e-01
1.584893192461085081e+09 1.936773856161302376e+00 -6.610236280795731556e-01 -2.428551684105720199e+00 2.801502748224482531e-01 9.052202779777539292e-10 1.434677456244673355e+00 3.303466924003602312e+00 1.523972250433605069e+00 2.120622951931390381e+10 6.401298256068609619e+10 8.689757298723664869e-01
1.778279410038893700e+09 1.915595132088422581e+00 -6.500283482889051001e-01 -2.425364292075170791e+00 2.806348433942014164e-01 7.243033024909098529e-10 1.288013649442757647e+00 2.965761028779752451e+00 1.367241551614021944e+00 2.094348966901519394e+10 6.427572241098480225e+10 9.009864310434227974e-01
1.995262314968842030e+09 1.894529699663022315e+00 -6.389706281353874084e-01 -2.422103082342701441e+00 2.810937831432452350e-01 5.795459600160381262e-10 1.156346213812440293e+00 2.662585554264630616e+00 1.226532887037912856e+00 2.067882695928070831e+10 6.454038512071929169e+10 9.342008702566070300e-01
2.238721138568292141e+09 1.873576556083834443e+00 -6.278492010182112892e-01 -2.418721628947059887e+00 2.815254498913233872e-01 4.637544487015067617e-10 1.038216887413147882e+00 2.390582728252192091e+00 1.100203679974992799e+00 2.041221684167973328e+10 6.480699523832026672e+10 9.686695223915118280e-01
2.511886431509531021e+09 1.852734647928666378e+00 -6.166627357152396627e-01 -2.415268783975238698e+00 2.819281211015479127e-01 3.710914433634064419e-10 9.321395614338282565e-01 2.146330658747540809e+00 9.867808452999999869e-01 2.014363716801785278e+10 6.507557491198214722e+10 1.004445621063386307e+00
2.818382931264402866e+09 1.832002526095676709e+00 -6.054096451241738341e-01 -2.411763404868371818e+00 2.822999980099453743e-01 2.969266498975210535e-10 8.368530019086944938e-01 1.926925247222277759e+00 8.849494476507550056e-01 1.987308336587199020e+10 6.534612871412800598e+10 1.041582910778344084e+00
3.162277660168314457e+09 1.811378621690612700e+00 -5.940882247970998842e-01 -2.408200845559352654e+00 2.826391946362067364e-01 2.375707623642445889e-10 7.512647145336059928e-01 1.729850932577508438e+00 7.935300431557607004e-01 1.960055631121936798e+10 6.561865576878063202e+10 1.080137080410281447e+00
3.548133892335673332e+09 1.790861906033718087e+00 -5.826970157137610906e-01 -2.404515159027930782e+00 2.829437233644200855e-01 1.900890230528987667e-10 6.744613052549672805e-01 1.553004547281394476e+00 7.114586561592884939e-01 1.932604288550257492e+10 6.589316919449742126e+10 1.120168727722743229e+00
3.981071705534887791e+09 1.770451628442599068e+00 -5.712346713508500429e-01 -2.400735314111417829e+00 2.832114984786128220e-01 1.520953133146274508e-10 6.055023483813269936e-01 1.394220681155730945e+00 6.377780254483607081e-01 1.904952387114804459e+10 6.616968820885195923e+10 1.161743227684200575e+00
4.466835921509543419e+09 1.750146609783843843e+00 -5.596995614456635737e-01 -2.396893609163798011e+00 2.834403421347237439e-01 1.216863482039053270e-10 5.435529513145226366e-01 1.251576922949738213e+00 5.716330853457242123e-01 1.877099683957342148e+10 6.644821524042657471e+10 1.204927401653296481e+00
5.011872336272612572e+09 1.729945506842565539e+00 -5.480899090786526262e-01 -2.393005622236410446e+00 2.836279740982974862e-01 9.734642243798271978e-11 4.878878416520331385e-01 1.123403271241011137e+00 5.122585804909557394e-01 1.849047327618404007e+10 6.672873880381596375e+10 1.249789637481437898e+00
5.623413251903352737e+09 1.709847289449009544e+00 -5.364040621109078533e-01 -2.389003256490064953e+00 2.837720027005553036e-01 7.787439843632794138e-11 4.379199241508482943e-01 1.008347889274826548e+00 4.589648014780600138e-01 1.820795550966684723e+10 6.701125657033315277e+10 1.296403534958884274e+00
6.309573444801788330e+09 1.689851474008046139e+00 -5.246406398705119045e-01 -2.384883949870414632e+00 2.838699229377479871e-01 6.229636454814162640e-11 3.930634874606459550e-01 9.050621268271354936e-01 4.111295510755111904e-01 1.792343268855681992e+10 6.729577939144317627e+10 1.344849756452902723e+00
7.079457843841228485e+09 1.669957246629484082e+00 -5.127980252802889494e-01 -2.380695752303505941e+00 2.839191200468333953e-01 4.982932030052498437e-11 3.527645724548285622e-01 8.122704458709062436e-01 3.681962367580603468e-01 1.763690793004018402e+10 6.758230414995981598e+10 1.395212049168457424e+00
7.943282347242626190e+09 1.650163581492339659e+00 -5.008744232968022070e-01 -2.376460770003620215e+00 2.839168617994834443e-01 3.985118431093198535e-11 3.165492088537383286e-01 7.288814895056767718e-01 3.296674383736459268e-01 1.734840428383609772e+10 6.787080779616390228e+10 1.447575804551324063e+00
8.912509381337221146e+09 1.630469542935398586e+00 -4.888680364869991135e-01 -2.372132164722160041e+00 2.838602927968966183e-01 3.186831827335063566e-11 2.840266855786779399e-01 6.539956122259708016e-01 2.950955108303549013e-01 1.705794294638260460e+10 6.816126913361739349e+10 1.502031817448627793e+00
9.999999999999753952e+09 1.610874863117744527e+00 -4.767774246525615101e-01 -2.367670236376776316e+00 2.837464357229613765e-01 2.548357205589036708e-11 2.548357205588974161e-01 5.867809313213134814e-01 2.640760972416729135e-01 1.676552916281934738e+10 6.845368291718064880e+10 1.558680022116799790e+00
1.122018454301937675e+10 1.591379181248832930e+00 -4.646010498403070899e-01 -2.363132621183107851e+00 2.835721899081476982e-01 2.037506043113657757e-11 2.286119381125243377e-01 5.263984407783759423e-01 2.362466129391808112e-01 1.647117673877174759e+10 6.874803534122825623e+10 1.617626066013790886e+00
1.258925411794135284e+10 1.571981841435514005e+00 -4.523371426906255266e-01 -2.358539932925511007e+00 2.833343241636606669e-01 1.628752439447823192e-11 2.050477835542553195e-01 4.721399697634979797e-01 2.112831526756340783e-01 1.617492229608972740e+10 6.904428978391027832e+10 1.678978147973500423e+00
1.412537544622714996e+10 1.552682144386601903e+00 -4.399838512200535678e-01 -2.353879430416150775e+00 2.830294731411180376e-01 1.301761713650018783e-11 1.838787294683055240e-01 4.233964213924052977e-01 1.888947428967365783e-01 1.587680920925606537e+10 6.934240287074392700e+10 1.742850128972939228e+00
1.584893192461071968e+10 1.533479996537558065e+00 -4.275396601685768627e-01 -2.349084562968152490e+00 2.826541473492499290e-01 1.040318202986505153e-11 1.648793237906647779e-01 3.796486731033232864e-01 1.688186155343434358e-01 1.557686772450506401e+10 6.964234435549493408e+10 1.809366541771621373e+00
1.778279410038879013e+10 1.514375517906982438e+00 -4.150031545824748314e-01 -2.344198131045772016e+00 2.822047325809824425e-01 8.312338236268296860e-12 1.478165993483480378e-01 3.403602981565795882e-01 1.508183912528459347e-01 1.527512814757134628e+10 6.994408393242864990e+10 1.878661629861283933e+00
1.995262314968825912e+10 1.495368467320312478e+00 -4.023726429097793100e-01 -2.339252573105730537e+00 2.816774761888663492e-01 6.640088465579257937e-12 1.324871828342946978e-01 3.050630122070236427e-01 1.346828084937559122e-01 1.497164403703282547e+10 7.024756804296717834e+10 1.950874260083945044e+00
2.238721138568273544e+10 1.476458499901722066e+00 -3.896463147304471963e-01 -2.334262196304972115e+00 2.810684875810066097e-01 5.302755947903135921e-12 1.187139183323939334e-01 2.733488986830828749e-01 1.202225107215033062e-01 1.466648586462439537e+10 7.055272621537561035e+10 2.026149105389786875e+00
2.511886431509510422e+10 1.457645675109005667e+00 -3.768225828647936981e-01 -2.329150235953750148e+00 2.803737552937359823e-01 4.233980895030323329e-12 1.063527916149716174e-01 2.448863525709358002e-01 1.072666294401528886e-01 1.435971619863165665e+10 7.085949588136834717e+10 2.104643077509218863e+00
2.818382931264379883e+10 1.438930532730521294e+00 -3.639001520565248726e-01 -2.323927944852839822e+00 2.795891607035079218e-01 3.379866756924088547e-12 9.525758777662746146e-02 2.193387016090342367e-01 9.566100308565368693e-02 1.405138940886531258e+10 7.116782267113468933e+10 2.186527899353751803e+00
3.162277660168288803e+10 1.420313283093472601e+00 -3.508774691765493836e-01 -2.318645717949016305e+00 2.787104524492047264e-01 2.697196019372598594e-12 8.529282717156803917e-02 1.963939923845700875e-01 8.526768573581362809e-02 1.374158121199291801e+10 7.147763086800708008e+10 2.271983508707327459e+00
3.548133892335644531e+10 1.401793970947445622e+00 -3.377528241385032715e-01 -2.313329578074905246e+00 2.777332503397509922e-01 2.151604686665203227e-12 7.634181511665022457e-02 1.757835254597063246e-01 7.596324778970675595e-02 1.343039225721621513e+10 7.178881982278378296e+10 2.361196650420068988e+00
3.981071705534854889e+10 1.383372796567045260e+00 -3.245245728064198310e-01 -2.307917959249551121e+00 2.766530645214300144e-01 1.715850039438977419e-12 6.830922042951377560e-02 1.572877926750427535e-01 6.763646483633806161e-02 1.311792289085559845e+10 7.210128918914440918e+10 2.454368112756840414e+00
4.466835921509506989e+10 1.365050579130286712e+00 -3.111914822583314866e-01 -2.302379321482272978e+00 2.754653369825235121e-01 1.367957380143979208e-12 6.110441164721162194e-02 1.406981073750412370e-01 6.018681733508599030e-02 1.280426055556662941e+10 7.241495152443336487e+10 2.551719155387374816e+00
5.011872336272570801e+10 1.346827959221396087e+00 -2.977521678319483001e-01 -2.296778839495748237e+00 2.741654095368195598e-01 1.090161536903662909e-12 5.463750448875857174e-02 1.258075033542107590e-01 5.352417706685471538e-02 1.248950892909969902e+10 7.272970315090029907e+10 2.653485184233518535e+00
5.623413251903306580e+10 1.328705305694797056e+00 -2.842050137544371302e-01 -2.291140540696054995e+00 2.727485204804884211e-01 8.683779888562455454e-13 4.883248290195352920e-02 1.124409471839248192e-01 4.756796580340134917e-02 1.217380066454791832e+10 7.304541141545208740e+10 2.759911398465786370e+00
6.309573444801736450e+10 1.310682944617515444e+00 -2.705483331359611610e-01 -2.285437710880715123e+00 2.712098267097889370e-01 6.914038252446306378e-13 4.362463215397861804e-02 1.004494276850999013e-01 4.224570643167575162e-02 1.185727692606839943e+10 7.336193515393159485e+10 2.871259693546168723e+00
7.079457843841171265e+10 1.292761776703087229e+00 -2.567808420597678110e-01 -2.279601117877980254e+00 2.695444745681064291e-01 5.502876015808753343e-13 3.895737877380273106e-02 8.970267962668082573e-02 3.749190374888125565e-02 1.154006708097737122e+10 7.367914499902262878e+10 2.987818203194216871e+00
7.943282347242561340e+10 1.274942764999015488e+00 -2.429012874059438276e-01 -2.273687113431928086e+00 2.677475840258980999e-01 4.377594948123498735e-13 3.477247267480760434e-02 8.006657722755479434e-02 3.324767232752538076e-02 1.122230763887926102e+10 7.399690444112074280e+10 3.109898761760309771e+00
8.912509381337149048e+10 1.257226478482526444e+00 -2.289080871914285498e-01 -2.267726202384666045e+00 2.658142186918246996e-01 3.480470576236372423e-13 3.101972666217458346e-02 7.142556020107314330e-02 2.946036889180969620e-02 1.090416453766548920e+10 7.431504754233450317e+10 3.237829232894670728e+00
9.999999999999673462e+10 1.239613331405849950e+00 -2.147995014766024835e-01 -2.261725081120246728e+00 2.637394195737043923e-01 2.765536691050844086e-13 2.765536691050753809e-02 6.367883558941546396e-02 2.608275899704749420e-02 1.058582220485212517e+10 7.463338987514787292e+10 3.371958004627297001e+00
1.122018454301928558e+11 1.222104120283614037e+00 -2.005740619344209552e-01 -2.255593631012833722e+00 2.615182917647463912e-01 2.196334153885394832e-13 2.464327452473024857e-02 5.674323656320379855e-02 2.307220719323202496e-02 1.026745771942675591e+10 7.495175436057324219e+10 3.512666770025462348e+00
1.258925411794125061e+11 1.204699951619089493e+00 -1.862305331305376122e-01 -2.249355331468927410e+00 2.591460382527551176e-01 1.743272351774957480e-13 2.194649863327601327e-02 5.053368059639554849e-02 2.039028426424205342e-02 9.949244986339195251e+09 7.526996709366079712e+10 3.660374938498355490e+00
1.412537544622703552e+11 1.187401509481458506e+00 -1.717673141029633366e-01 -2.243059948819849936e+00 2.566178950061464015e-01 1.382721410098802367e-13 1.953145905518204745e-02 4.497284646488575177e-02 1.800262108771003011e-02 9.631385064402961731e+09 7.558782701559704590e+10 3.815528950165724353e+00
1.584893192461058960e+11 1.170209254688472145e+00 -1.571825829789687823e-01 -2.236733014820138532e+00 2.539291760291044753e-01 1.095911148828231797e-13 1.736902119320042973e-02 3.999364927936096409e-02 1.587845869410386968e-02 9.314106322891119003e+09 7.590510575710888672e+10 3.978602508609889288e+00
1.778279410038864746e+11 1.153123789175652281e+00 -1.424745982088288787e-01 -2.230290746707652261e+00 2.510753609512804685e-01 8.679946880827496250e-14 1.543537081840660498e-02 3.554125475129835815e-02 1.399008609333739564e-02 8.997636462851835251e+09 7.622157561714816284e+10 4.150112513110455481e+00
1.995262314968809509e+11 1.136146213302190899e+00 -1.276420209094544511e-01 -2.223709109537081563e+00 2.480522083538655165e-01 6.869954358849760674e-14 1.370736103776863668e-02 3.156236518985345435e-02 1.231249559480860831e-02 8.682192764437391281e+09 7.653701931556260681e+10 4.330632232247241475e+00
2.238721138568255310e+11 1.119277326366326708e+00 -1.126832327315195198e-01 -2.217058612600819600e+00 2.448556728567733709e-01 5.432824618904095568e-14 1.216257931647462404e-02 2.800537382647218243e-02 1.082330211940047381e-02 8.368014213903824806e+09 7.685119786609617615e+10 4.520780345845701653e+00
2.511886431509489746e+11 1.102517639675582251e+00 -9.759632791661355944e-02 -2.210367488129703073e+00 2.414819401093768192e-01 4.292358051327701885e-14 1.078191594831056851e-02 2.482627893649467718e-02 9.502510800326307433e-03 8.055371674943125725e+09 7.716384040505686951e+10 4.721216062817888748e+00
2.818382931264356689e+11 1.085867620485544638e+00 -8.237931765962061559e-02 -2.203587700070419597e+00 2.379275159890798519e-01 3.388198870356181585e-14 9.549241863941036745e-03 2.198794196530530834e-02 8.332155277781312652e-03 7.744543591107880592e+09 7.747466848889212036e+10 4.932656597354411865e+00
3.162277660168262939e+11 1.069328286887002877e+00 -6.703068207970119818e-02 -2.196646877119079022e+00 2.341894187527738536e-01 2.672144989335233185e-14 8.450064404505368623e-03 1.945699233265367131e-02 7.296031920332343018e-03 7.435796459817222595e+09 7.778341562018276978e+10 5.155899280144991437e+00
3.548133892335615234e+11 1.052900608857442188e+00 -5.154884014752134092e-02 -2.189618851929832744e+00 2.302651289129957757e-01 2.105250443146548388e-14 7.469710449182841161e-03 1.719964392927026894e-02 6.379616013784248328e-03 7.129408830444313049e+09 7.808980324955569458e+10 5.391817121799634904e+00
3.981071705534822998e+11 1.036585180485219970e+00 -3.593183040002428941e-02 -2.182534719285749603e+00 2.261525683034630585e-01 1.656750478513210840e-14 6.595642453140222045e-03 1.518702799131935524e-02 5.569949215769511019e-03 6.825690612971926689e+09 7.839352146702807617e+10 5.641348395659804282e+00
4.466835921509470215e+11 1.020382454568475206e+00 -2.017751247723787583e-02 -2.175390861059331549e+00 2.218502094189841456e-01 1.302249654198249376e-14 5.816935534146026529e-03 1.339398904783199902e-02 4.855423789790730416e-03 6.524967115875510216e+09 7.869424496412449646e+10 5.905512857251613568e+00
5.011872336272529907e+11 1.004293317960701204e+00 -4.284127965470425382e-03 -2.168083013186024033e+00 2.173573042541211975e-01 1.022446271276894832e-14 5.124370182337668021e-03 1.179929839283389535e-02 4.225591603774085311e-03 6.227553794341437340e+09 7.899165828565856934e+10 6.185443245104845111e+00
5.623413251903260498e+11 9.883188843135271018e-01 1.174987590687945685e-02 -2.160653874420851661e+00 2.126739299636655478e-01 8.017548773321945055e-15 4.508599001967935650e-03 1.038143285221920092e-02 3.671073322647760463e-03 5.933764633647982597e+09 7.928544744635202026e+10 6.482397330749273046e+00
6.309573444801684570e+11 9.724598433266691266e-01 2.792649655116298535e-02 -2.153156423124531038e+00 2.078008819000175256e-01 6.278224600231178494e-15 3.961291921811931939e-03 9.121211728161890755e-03 3.183507208138235296e-03 5.643939527699640274e+09 7.957527255230035400e+10 6.797742678975058794e+00
7.079457843841113281e+11 9.567166817593113493e-01 4.424797967851606950e-02 -2.145617597101035834e+00 2.027398002811201250e-01 4.908825266926907736e-15 3.475182153999114513e-03 8.001902623237300283e-03 2.755429349353257472e-03 5.358439308709256172e+09 7.986077277129074097e+10 7.132967414025627839e+00
7.943282347242496338e+11 9.410900986369925558e-01 6.071639622577248985e-02 -2.137927307122040155e+00 1.974933836277743826e-01 3.832504762684776650e-15 3.044266742715677921e-03 7.009683220874660635e-03 2.380139703250459902e-03 5.077616745509593010e+09 8.014159533449040222e+10 7.489724626696975918e+00
8.912509381337076416e+11 9.255812425305690594e-01 7.733336850834819642e-02 -2.130076097392648471e+00 1.920655751787378185e-01 2.987562910910553985e-15 2.662668247082501573e-03 6.131020213320755204e-03 2.051622117395575807e-03 4.801810075118284225e+09 8.041740200488171387e+10 7.869869712336475587e+00
9.999999999999591064e+11 9.101909129829932610e-01 9.410090698822135002e-02 -2.122143729161189096e+00 1.864613845915656654e-01 2.324869525110113481e-15 2.324869525110018209e-03 5.353209911674474894e-03 1.764516364270696117e-03 4.531372889405457497e+09 8.068783919059454346e+10 8.275446522589406939e+00
1.122018454301919434e+12 8.949196477858755161e-01 1.110213437478532877e-01 -2.114167429106951879e+00 1.806869812674185283e-01 1.805779718565063966e-15 2.026118168634128292e-03 4.665309491741340651e-03 1.514053379185301878e-03 4.266678557994510174e+09 8.095253352200549316e+10 8.708692131837864281e+00
1.258925411794114746e+12 8.797679886359258683e-01 1.280970555488226414e-01 -2.106070294898441553e+00 1.747498634653358307e-01 1.399930508721953784e-15 1.762408092175930113e-03 4.058094600816373153e-03 1.295968276871360030e-03 4.008093513964613438e+09 8.121111856603538513e+10 9.172094973761527825e+00
1.412537544622691895e+12 8.647370274077714747e-01 1.453298328295411779e-01 -2.097778818425379832e+00 1.686591602055518557e-01 1.083201409630004388e-15 1.530062659490605140e-03 3.523099471089892378e-03 1.106438425073704270e-03 3.755959796644938469e+09 8.146325228335505676e+10 9.668466201788515235e+00
1.584893192461046143e+12 8.498277162947521779e-01 1.627216367535588015e-01 -2.089389579554077336e+00 1.624254429985997894e-01 8.363208801738601008e-16 1.325479269700581162e-03 3.052028807485192893e-03 9.420602181093278970e-04 3.510618547731611729e+09 8.170859353226838684e+10 1.020094591962295816e+01
1.778279410038850098e+12 8.350406501485646560e-01 1.802748725035989708e-01 -2.080937708464377423e+00 1.560606793897280631e-01 6.442059103690974829e-16 1.145578106234698950e-03 2.637791070276367198e-03 7.998147211652895236e-04 3.272421817020735264e+09 8.194679026297926331e+10 1.077300518514185690e+01
1.995262314968793213e+12 8.203762926179319903e-01 1.979921505467282516e-01 -2.072402498683441507e+00 1.495783587091492617e-01 4.950107126324551705e-16 9.876762204213845354e-04 2.274208541846981565e-03 6.770147308622063466e-04 3.041712513316130638e+09 8.217749956668386841e+10 1.138852013225509552e+01
2.238721138568236816e+12 8.058355854545419250e-01 2.158755455537447743e-01 -2.063660272901824744e+00 1.429937960333201308e-01 3.794345813697144230e-16 8.494482180161693971e-04 1.955926804074387994e-03 5.712613472141725521e-04 2.818802081273607731e+09 8.240040999872639465e+10 1.205188706652686292e+01
2.511886431509469238e+12 7.914196074413177850e-01 2.339269746979494857e-01 -2.054781232514899525e+00 1.363240098099526842e-01 2.900620767194699043e-16 7.286029948070951679e-04 1.677670394553635669e-03 4.804214172484722913e-04 2.603979776713659763e+09 8.261523230328634644e+10 1.276808837407721953e+01
2.818382931264333984e+12 7.771290075390371310e-01 2.521489095276472359e-01 -2.045823342253474841e+00 1.295874458247294470e-01 2.210945219337362003e-16 6.231290268140900548e-04 1.434807608154010840e-03 4.026094671807814267e-04 2.397530907386313438e+09 8.282168117261369324e+10 1.354270252635856409e+01
3.162277660168236816e+12 7.629642407752289524e-01 2.705441154077115606e-01 -2.036813197005148623e+00 1.228040362247613260e-01 1.680000568526186436e-16 5.312628266920296207e-04 1.223277865202946658e-03 3.361573303468577386e-04 2.199726368941838264e+09 8.301948571105816650e+10 1.438199515073916501e+01
3.548133892335586426e+12 7.489260476698936797e-01 2.891150350926601220e-01 -2.027604615284055001e+00 1.159953642279280134e-01 1.272535146022479304e-16 4.515125080790573383e-04 1.039645970403191245e-03 2.795842344567045241e-04 2.010797684718657970e+09 8.320841439528134155e+10 1.529310864776971179e+01
3.981071705534790039e+12 7.350155615073769022e-01 3.078636078745463633e-01 -2.018209338461781410e+00 1.091846292885746833e-01 9.606532689098650473e-17 3.824429547686567497e-04 8.806074465709051941e-04 2.315778990323523435e-04 1.830933572397549868e+09 8.338827850760244751e+10 1.628424508808455684e+01
4.466835921509433594e+12 7.212335171057331351e-01 3.267923146539191692e-01 -2.008720913128554830e+00 1.023961280073130836e-01 7.225464017591285690e-17 3.227496222335062524e-04 7.431584689243311706e-04 1.909837511449716187e-04 1.660300364057754993e+09 8.355891171594224548e+10 1.736472301591773970e+01
5.011872336272489258e+12 7.075803966159701641e-01 3.459040211277977228e-01 -1.999188199087267970e+00 9.565514724901046095e-02 5.413112166502449167e-17 2.712982712043366610e-04 6.246873550301613748e-04 1.567876055461094324e-04 1.499039858611254454e+09 8.372017222138874817e+10 1.854511044575439627e+01
5.623413251903214844e+12 6.940567394341080609e-01 3.652015647075970151e-01 -1.989491417212964297e+00 8.898790669819930943e-02 4.038845697603400343e-17 2.271209841829524546e-04 5.229653924858027741e-04 1.280962868582104317e-04 1.347247263814096928e+09 8.387196481618589783e+10 1.983754019213039044e+01
6.309573444801632812e+12 6.806636297613829489e-01 3.846870305985916061e-01 -1.979558570845339371e+00 8.242154707829484062e-02 3.000648389227133966e-17 1.893281139385431713e-04 4.359440928395677517e-04 1.041235497250762702e-04 1.204960469064344883e+09 8.401425161093565369e+10 2.125610458269842340e+01
7.079457843841054688e+12 6.674019224673427564e-01 4.043628321365836387e-01 -1.969516194940995835e+00 7.598344907932480519e-02 2.218944492315319923e-17 1.570892399116959916e-04 3.617113420904365106e-04 8.418216385182624632e-05 1.072176932325168133e+09 8.414703514767483521e+10 2.281707509393868349e+01
7.943282347242431641e+12 6.542721298187085255e-01 4.242319134305756467e-01 -1.959411712572997288e+00 6.970084450388634723e-02 1.632688138031660376e-17 1.296890286537900319e-04 2.986200241030946122e-04 6.767387969698803872e-05 9.488583482261776924e+08 8.427035373177381897e+10 2.453915713840860491e+01
8.912509381337003906e+12 6.412746520751788637e-01 4.442974394541456262e-01 -1.949194155697850928e+00 6.360056286425190553e-02 1.195004946079335115e-17 1.065049279267619406e-04 2.452366593745672839e-04 5.407746261004655366e-05 8.349159183933081627e+08 8.438429616160668945e+10 2.644404564334626784e+01
9.999999999999509766e+12 6.284104188191601548e-01 4.645617928222026127e-01 -1.938713675582305562e+00 5.770892370788243547e-02 8.698849292191308501e-18 8.698849292190881713e-05 2.002984070640053185e-04 4.293908594908228671e-05 7.301994659442203045e+08 8.448901261405578613e+10 2.855720734959659168e+01
1.122018454301910156e+13 6.156804043537655868e-01 4.850272741854412262e-01 -1.928082679461801785e+00 5.205105703476292645e-02 6.294729991398890176e-18 7.062803215197258760e-05 1.626270539806362722e-04 3.386594942296628624e-05 6.345072252444651127e+08 8.458470485475553894e+10 3.090857015435786437e+01
1.258925411794104297e+13 6.030851412830485758e-01 5.056968960645646938e-01 -1.917368336701742004e+00 4.665023601644679302e-02 4.526065492960420239e-18 5.697978864532282514e-05 1.312008119366717498e-04 2.652025277503361483e-05 5.475965772619349957e+08 8.467161550273806763e+10 3.353313162213761700e+01
1.412537544622680273e+13 5.906249651541163326e-01 5.265740397324532029e-01 -1.906591035569184855e+00 4.152754935544826498e-02 3.232251884556715457e-18 4.565677140613773636e-05 1.051286012340095597e-04 2.061201744576660785e-05 4.691790441489852667e+08 8.475003303585101318e+10 3.647202130423025324e+01
1.584893192461033008e+13 5.783005737196245111e-01 5.476615217388707268e-01 -1.895553040075119045e+00 3.670168218485430484e-02 2.292013115052229177e-18 3.632595983077684543e-05 8.364361359504727481e-05 1.589271207504020799e-05 3.989129716399015188e+08 8.482029910836009216e+10 3.977412749464244968e+01
1.778279410038835547e+13 5.661129937145078506e-01 5.689615851654766798e-01 -1.884299753622015627e+00 3.218843563451336681e-02 1.612997385586003109e-18 2.868360039234061720e-05 6.604643067680167345e-05 1.215046096824399953e-05 3.364091712502154708e+08 8.488280290874978638e+10 4.349797925212207872e+01
1.995262314968776953e+13 5.540628001596306085e-01 5.904772409704865943e-01 -1.872946808604439184e+00 2.800002925885660549e-02 1.125872372874681532e-18 2.246410717061327235e-05 5.172551829847477360e-05 9.206162243862101228e-06 2.812454249596436024e+08 8.493796665504035950e+10 4.771341028051015343e+01
2.238721138568218750e+13 5.421503118467860816e-01 6.122119878602269027e-01 -1.861558836631590275e+00 2.414487286129957805e-02 7.789718746330303366e-19 1.743900802091077567e-05 4.015479990555275385e-05 6.909154288761423375e-06 2.329700807729656100e+08 8.498624199922703552e+10 5.250391679226505914e+01
2.511886431509448438e+13 5.303759691805619569e-01 6.341691481116841222e-01 -1.849948359728847525e+00 2.062744281868586493e-02 5.340095178735972719e-19 1.341371262243591306e-05 3.088621472612700439e-05 5.133128922969437382e-06 1.911005650092698336e+08 8.502811151499072266e+10 5.797035269347998820e+01
2.818382931264310938e+13 5.187407496969104193e-01 6.563510395057896574e-01 -1.838051122357082345e+00 1.744820345939818509e-02 3.625133475461488812e-19 1.021701431079553016e-05 2.352554484694462274e-05 3.772834933642652887e-06 1.551289005751281083e+08 8.506408317942486572e+10 6.423583863310224729e+01
3.162277660168211328e+13 5.072453076322493981e-01 6.787605509207754739e-01 -1.826037387333925288e+00 1.460327048619136127e-02 2.434953430782585588e-19 7.699998837713713229e-06 1.772990253979107484e-05 2.741448748974264852e-06 1.245361833841625452e+08 8.509467589661584473e+10 7.145072221236942767e+01
3.548133892335557031e+13 4.958899557970211092e-01 7.014012401849726297e-01 -1.813979761978739891e+00 1.208450354760265757e-02 1.616989416757781588e-19 5.737294953146190170e-06 1.321060983322439065e-05 1.967935939648881306e-06 9.880121158260619640e+07 8.512041086841738892e+10 7.979879762224295803e+01
3.981071705534757812e+13 4.846749193928047705e-01 7.242768820687283116e-01 -1.801770937089204105e+00 9.879779776768505412e-03 1.060897381249863674e-19 4.223508546969753375e-06 9.724987820385497749e-06 1.394545998308636722e-06 7.740398999858337641e+07 8.514180809000141907e+10 8.950673569706420096e+01
4.466835921509397656e+13 4.736010083556760897e-01 7.473900662852240862e-01 -1.789223965040033004e+00 7.973424219178756531e-03 6.872186727305355885e-20 3.069693053284767095e-06 7.068229464560882015e-06 9.747155661849789644e-07 5.983186621803881228e+07 8.515938021378196716e+10 1.008573065882618209e+02
5.011872336272448438e+13 4.626689732209944839e-01 7.707434412479530206e-01 -1.776520700025950861e+00 6.346490371146745052e-03 4.390525617714584135e-20 2.200475388511922593e-06 5.066781827087834526e-06 6.713402838937622155e-07 4.559019498131857812e+07 8.517362188501867676e+10 1.142051698503987751e+02
5.623413251903168750e+13 4.518791041423605437e-01 7.943406036376329249e-01 -1.763746827428858577e+00 4.977276084320237520e-03 2.763665101707524746e-20 1.554123095676441253e-06 3.578500672782332783e-06 4.552082213970089645e-07 3.421083203672410548e+07 8.518500124796327209e+10 1.299959935425619904e+02
6.309573444801581250e+13 4.412314866994727081e-01 8.181856281032757749e-01 -1.750904028663016865e+00 3.842043284645729577e-03 1.712159914712649508e-20 1.080299873112467256e-06 2.487482383792126206e-06 3.035586449826481145e-07 2.525624681211036444e+07 8.519395583318789673e+10 1.487941299051132944e+02
7.079457843840996875e+13 4.307266573757832506e-01 8.422815956964790907e-01 -1.737713851655964037e+00 2.915796365578241737e-03 1.043040737846283450e-20 7.384162932991572306e-07 1.700266349374558666e-06 1.988649266534814162e-07 1.832326762788910419e+07 8.520088881237211609e+10 1.713223154041842520e+02
7.943282347242367188e+13 4.203654114511143902e-01 8.666309186945070353e-01 -1.724282501759127006e+00 2.172971211481569340e-03 6.240145975644641290e-21 4.956724137255357679e-07 1.141327910852795953e-06 1.278250701477978630e-07 1.304755418029146641e+07 8.520616452581970215e+10 1.985156058112664823e+02
8.912509381336929688e+13 4.101480283638657687e-01 8.912371396548537383e-01 -1.710761900874457009e+00 1.588118698298963266e-03 3.661022132195863523e-21 3.262889409847776156e-07 7.513080515203629317e-07 8.050917108846909210e-08 9.107071704256176949e+06 8.521010500829574585e+10 2.315891532949991074e+02
9.999999999999428125e+13 4.000745125129716584e-01 9.161044679399296120e-01 -1.697239123690341023e+00 1.136645333625641149e-03 2.103177587452851930e-21 2.103177587452731750e-07 4.842745360787841471e-07 4.961960639849054483e-08 6.222375349696997553e+06 8.521298970465029907e+10 2.721336385062977001e+02
1.122018454301901094e+14 3.901450745439805079e-01 9.412366230178814686e-01 -1.683410212991329091e+00 7.954511508055558391e-04 1.181544983013693101e-21 1.325715275529190029e-07 3.052572230988007353e-07 2.988131241905101012e-08 4.155428415435597301e+06 8.521505665158456421e+10 3.222553310467721417e+02
1.258925411794094062e+14 3.803604535713517865e-01 9.666359138325011369e-01 -1.669235342046607284e+00 5.434220749055755596e-04 6.480742992726455259e-22 8.158772040849842644e-08 1.878626687839745533e-07 1.755331512198168084e-08 2.707905102222079411e+06 8.521650417489778137e+10 3.847809981035836699e+02
1.412537544622668750e+14 3.707209569960540629e-01 9.923056368489480139e-01 -1.654953806705779851e+00 3.617603893370554126e-04 3.463733549612276961e-22 4.892653683396486633e-08 1.126575143657116094e-07 1.004031054323955854e-08 1.718809961259488948e+06 8.521749327003874207e+10 4.635368709666685731e+02
1.584893192461020000e+14 3.612265343042763144e-01 1.018249998608468543e+00 -1.640686732752005605e+00 2.342173899450494465e-04 1.800217407434674493e-22 2.853152313993041907e-08 6.569625986241846161e-08 5.581466187536325621e-09 1.060673651880660560e+06 8.521815140634811401e+10 5.637465545573680856e+02
1.778279410038820938e+14 3.518770849766051922e-01 1.044473354772578411e+00 -1.626216701292570344e+00 1.471682330539566511e-04 9.080684191542717360e-23 1.614799372688543096e-08 3.718212963728775682e-08 3.009506450043680914e-09 6.350692254269619007e+05 8.521857701077456665e+10 6.926304394716378283e+02
1.995262314968760312e+14 3.426731567149474134e-01 1.070978181984879596e+00 -1.611303941987402899e+00 8.954191598344064253e-05 4.436289199232760246e-23 8.851560657532065314e-09 2.038147161976590800e-08 1.570416418617345497e-09 3.681027309221949545e+05 8.521884397726907349e+10 8.603233778473510256e+02
2.238721138568200312e+14 3.336151168358834629e-01 1.097767295267960019e+00 -1.596250815653814881e+00 5.262504463065540491e-05 2.093477309996755820e-23 4.686711907002630679e-09 1.079155297222195459e-08 7.910908038176521997e-10 2.060385809136556345e+05 8.521900604141908264e+10 1.081246101661631428e+03
2.511886431509428125e+14 3.247028392385690188e-01 1.124844855721332859e+00 -1.581181112892473095e+00 2.979524490843571676e-05 9.516126021799187277e-24 2.390342783469117130e-09 5.503967660361883544e-09 3.837027880030579420e-10 1.110770323076023196e+05 8.521910100296769714e+10 1.376158156034569402e+03
2.818382931264288125e+14 3.159359761036475422e-01 1.152215693189788004e+00 -1.566048468212745348e+00 1.620382041005560253e-05 4.154685530750712751e-24 1.170949478463851915e-09 2.696210813760017953e-09 1.786983261500113145e-10 5.751629175229970133e+04 8.521915456370825195e+10 1.775387557283019760e+03
3.162277660168185625e+14 3.073147474737710216e-01 1.179882820519589259e+00 -1.550435545895939793e+00 8.437993054061617348e-06 1.737252552443353188e-24 5.493674936661775116e-10 1.264965401491241217e-09 7.966892076873023855e-11 2.851847583576767283e+04 8.521918356152416992e+10 2.324004806797578112e+03
3.548133892335528125e+14 2.988395450304904832e-01 1.207848488327541103e+00 -1.534568350628639832e+00 4.193131287161278697e-06 6.932506594850593407e-25 2.459746160802895175e-10 5.663774842414081978e-10 3.388534862541419576e-11 1.349408839148247716e+04 8.521919858591160583e+10 3.090267069147722850e+03
3.981071705534725000e+14 2.905101622638976422e-01 1.236116721326474988e+00 -1.518661426522896818e+00 1.981043468607752800e-06 2.629871938137736994e-25 1.046970876209991398e-10 2.410739532360040654e-10 1.369906268847897869e-11 6.070798786827686854e+03 8.521920600920121765e+10 4.179295208008295958e+03
4.466835921509360625e+14 2.823260853343453891e-01 1.264692545106896215e+00 -1.502831321351033811e+00 8.861930677374440674e-07 9.444638626147004228e-26 4.218765108094825628e-11 9.714065648742560200e-11 5.243697445393272542e-12 2.586688616811973588e+03 8.521920949331138611e+10 5.756000082610584286e+03
5.011872336272406875e+14 2.742871195907776172e-01 1.293579839520704766e+00 -1.486558252633941812e+00 3.736962772848811739e-07 3.197943195095095483e-26 1.602768303246770049e-11 3.690510402579373012e-11 1.892553432562802891e-12 1.039501007384067634e+03 8.521921104049899292e+10 8.084452556539719808e+03
5.623413251903122500e+14 2.663935916739701981e-01 1.322780395883125459e+00 -1.469866629655211199e+00 1.478425803877272348e-07 1.016050010657112444e-26 5.713669094525514853e-12 1.315620928335523800e-11 6.410205998340837169e-13 3.921348284766660299e+02 8.521921168786517334e+10 1.159781039810529546e+04
6.309573444801530000e+14 2.586452687500789827e-01 1.352297774793172813e+00 -1.453118979493738028e+00 5.458784766580093054e-08 3.012583866304407667e-27 1.900811916307181315e-12 4.376781183074361312e-12 2.026958381733455719e-13 1.381387685885077587e+02 8.521921194186123657e+10 1.702361240874062787e+04
7.079457843840938750e+14 2.510415256137956130e-01 1.382136912841742449e+00 -1.436524089988151065e+00 1.870272405874017664e-08 8.286713507076575408e-28 5.866543893733591479e-13 1.350821651710621459e-12 5.950576730372159832e-14 4.519200042784328986e+01 8.521921203480799866e+10 2.561417152578482637e+04
7.943282347242301250e+14 2.435817539330504822e-01 1.412302647704337666e+00 -1.419639123659870883e+00 5.908702282166442996e-09 2.102009341828068323e-28 1.669685369868130215e-13 3.844592642648606581e-13 1.612374440433473345e-14 1.364961686558901732e+01 8.521921206635038757e+10 3.958324231779213005e+04
8.912509381336857500e+14 2.362660832651903020e-01 1.442796637612465238e+00 -1.402153911322771451e+00 1.709722632791128551e-09 4.884800920482903344e-29 4.353583402976679115e-14 1.002449624480039154e-13 4.006138736513169602e-15 3.781360227292993592e+00 8.521921207621864319e+10 6.296385907964389480e+04
9.999999999999345000e+14 2.290943055794401884e-01 1.473621545442940883e+00 -1.384585400650694798e+00 4.497664558481897241e-10 1.031946849942604303e-29 1.031946849942536680e-14 2.376145433439848606e-14 9.059783169531226593e-16 9.537384483090922682e-01 8.521921207904626465e+10 1.033460936343120120e+05
1.122018454301891875e+15 2.220656707835766686e-01 1.504782126513857454e+00 -1.367146843007085222e+00 1.066881411545556876e-10 1.965393623771053855e-30 2.205207915838391681e-15 5.077678873961949286e-15 1.849999867441148373e-16 2.172708549090682784e-01 8.521921207978273010e+10 1.754995878565038147e+05
1.258925411794083750e+15 2.151792009343940770e-01 1.536284105298526326e+00 -1.349659008130709825e+00 2.261472624773067156e-11 3.344654683957009844e-31 4.210670775309589846e-16 9.695427758733542843e-16 3.381944549823288901e-17 4.432506890975655006e-02 8.521921207995567322e+10 3.092273076005135663e+05
1.412537544622657250e+15 2.084346328911987900e-01 1.568129798211421955e+00 -1.331453939423273836e+00 4.242189318286388220e-12 5.038653691182944046e-32 7.117287513147444852e-17 1.638816013032597174e-16 5.483836068817652521e-18 8.023295082704773318e-03 8.521921207999197388e+10 5.670724024216963444e+05
1.584893192461007250e+15 2.018317635428252266e-01 1.600320782344694104e+00 -1.313013510781518622e+00 6.968000706041131846e-13 6.646699651982093325e-33 1.053430903075936582e-17 2.425614293921907201e-17 7.803924627557030657e-19 1.274987319368172528e-03 8.521921207999871826e+10 1.086164600813684287e+06
1.778279410038806500e+15 1.953696947099997916e-01 1.632861645004578088e+00 -1.294658655596879981e+00 9.904317001078984744e-14 7.586162082908829700e-34 1.349031583325387679e-18 3.106260013743192709e-18 9.633238893164942321e-20 1.758074682582819138e-04 8.521921207999981689e+10 2.181436404616601299e+06
1.995262314968744250e+15 1.890471822338377073e-01 1.665758653628859332e+00 -1.276531140176443424e+00 1.202447919267423871e-14 7.393600492837015393e-35 1.475217243529203287e-19 3.396813233878110621e-19 1.018385550337470297e-20 2.076867905026278510e-05 8.521921207999998474e+10 4.613486532153123990e+06
2.238721138568182000e+15 1.828634768770464325e-01 1.699015432552362093e+00 -1.257698235884421090e+00 1.229337779305319403e-15 6.069890671031007602e-36 1.358879255403492238e-20 3.128935116670930153e-20 9.095886395117330410e-22 2.073642162177724227e-06 8.521921208000000000e+10 1.032091791878092661e+07
2.511886431509407500e+15 1.768183369366353452e-01 1.732632418451744760e+00 -1.238348556894109054e+00 1.042249357785188469e-16 4.133118758527797841e-37 1.038192492936298323e-21 2.390526557893446835e-21 6.759169639666799242e-23 1.723205848294683143e-07 8.521921208000000000e+10 2.454909865599172190e+07
2.818382931264265000e+15 1.709108019597523065e-01 1.766613484539991230e+00 -1.219064463592562486e+00 7.203305919610051883e-18 2.293856910059043473e-38 6.464967162072996387e-23 1.488613701408530306e-22 4.106998195810764970e-24 1.171359558784328719e-08 8.521921208000000000e+10 6.244416021075360477e+07
3.162277660168159500e+15 1.651394696477605228e-01 1.800964891529072798e+00 -1.200212542507897995e+00 3.981777509536251823e-19 1.017851624852388555e-39 3.218729454636570461e-24 7.411398460627022587e-24 2.001789807737804318e-25 6.389644750373913695e-10 8.521921208000000000e+10 1.709466162754732966e+08
3.548133892335499000e+15 1.595030512217467389e-01 1.835692227023304923e+00 -1.180853150146676800e+00 1.723861216385076789e-20 3.537987724878078339e-41 1.255325415730687365e-25 2.890493589118034276e-25 7.667785285310617972e-27 2.740233479843551790e-11 8.521921208000000000e+10 5.071191594698092341e+08
3.981071705534692500e+15 1.540010890458336501e-01 1.870795604867319994e+00 -1.160592159376024002e+00 5.714730764717326288e-22 9.420198884962046947e-43 3.750248724143186421e-27 8.635266807232041610e-27 2.256696423347637168e-28 9.032487167148278035e-13 8.521921208000000000e+10 1.642513520334619045e+09
4.466835921509324000e+15 1.486325968525208652e-01 1.906277811046892756e+00 -1.140354580692280129e+00 1.414612832244826439e-23 1.872638733835023685e-44 8.364769964304021303e-29 1.926059462613077710e-28 4.972823497430916928e-30 2.229982882806453088e-14 8.521921208000000000e+10 5.858669308551635742e+09
5.011872336272366000e+15 1.433960179523869061e-01 1.942145120013984538e+00 -1.120562392132197216e+00 2.542180867517205959e-25 2.701597357934683499e-46 1.354006106197935446e-30 3.117714275954279351e-30 7.973198399938661842e-32 4.007101933556071877e-16 8.521921208000000000e+10 2.323391928917293930e+10
5.623413251903077000e+15 1.382896131485787661e-01 1.978405146902072476e+00 -1.100692777246160992e+00 3.214428601101911115e-27 2.742112493886868585e-48 1.542003173633241336e-32 3.550593520957411177e-32 9.014787202906231235e-34 5.078931389723544803e-18 8.521921208000000000e+10 1.035177538855062561e+11
6.309573444801478000e+15 1.333126188409530510e-01 2.015058391304528573e+00 -1.079628647861075930e+00 2.764828236064432036e-29 1.894260218837526687e-50 1.195197397432109457e-34 2.752043710512455334e-34 6.950230774992941597e-36 4.390717046833283177e-20 8.521921208000000000e+10 5.240027806872443848e+11
7.079457843840881000e+15 1.284642142486659977e-01 2.052104901769169931e+00 -1.058434841628525191e+00 1.558621839080653212e-31 8.575885840832438035e-53 6.071262228376514871e-37 1.397959790271757649e-36 3.517250395503790158e-38 2.491957463118911671e-22 8.521921208000000000e+10 3.052101021853937012e+12
7.943282347242237000e+15 1.237427983338134918e-01 2.089550074509063826e+00 -1.037633830875996255e+00 5.522204507242623543e-34 2.439376290018712453e-55 1.937665462278689937e-39 4.461639608652327936e-39 1.119682080278033231e-40 8.898096679744454907e-25 8.521921208000000000e+10 2.074762663888973438e+13
8.912509381336785000e+15 1.191463835349191869e-01 2.127402428101806908e+00 -1.017336633709896798e+00 1.173153569103173990e-36 4.159011416453322661e-58 3.706722826622703063e-42 8.535044724442189145e-42 2.138416933845511078e-43 1.906372740911197711e-27 8.521921208000000000e+10 1.672255135599711875e+14
