# [1] m:            [M_sun/h] 
# [2] sigma 
# [3] ln(1/sigma) 
# [4] n_eff 
# [5] f(sigma) 
# [6] dn/dm:        [h^4/(Mpc^3*M_sun)] 
# [7] dn/dlnm:      [h^3/Mpc^3] 
# [8] dn/dlog10m:   [h^3/Mpc^3] 
# [9] n(>m):        [h^3/Mpc^3] 
# [11] rho(>m):     [M_sun*h^2/Mpc^3] 
# [11] rho(<m):     [M_sun*h^2/Mpc^3] 
# [12] Lbox(N=1):   [Mpc/h]
1.000000000000000000e+07 5.916646703602847168e+00 -1.777769853208667650e+00 -2.516550227174258580e+00 nan nan nan nan nan nan nan nan
1.122018454301963001e+07 5.861948549639095063e+00 -1.768482065320653218e+00 -2.515342399793555561e+00 nan nan nan nan nan nan nan nan
1.258925411794166267e+07 5.807621158987088528e+00 -1.759171047947965860e+00 -2.514138023199294913e+00 nan nan nan nan nan nan nan nan
1.412537544622752629e+07 5.753660045055133843e+00 -1.749836181885041642e+00 -2.512906992283254759e+00 nan nan nan nan nan nan nan nan
1.584893192461110838e+07 5.700062346831051840e+00 -1.740477112821219974e+00 -2.511612097271144872e+00 nan nan nan nan nan nan nan nan
1.778279410038919002e+07 5.646824952904800021e+00 -1.731093431964237261e+00 -2.510295397754528146e+00 nan nan nan nan nan nan nan nan
1.995262314968874678e+07 5.593943677537369652e+00 -1.721684526358929546e+00 -2.508972549403060803e+00 nan nan nan nan nan nan nan nan
2.238721138568333164e+07 5.541413958071180090e+00 -1.712249695282960449e+00 -2.507638659562521521e+00 nan nan nan nan nan nan nan nan
2.511886431509571895e+07 5.489232533611434484e+00 -1.702788452236015493e+00 -2.506239823006903400e+00 nan nan nan nan nan nan nan nan
2.818382931264443323e+07 5.437396697072387930e+00 -1.693300397994772721e+00 -2.504801537836156555e+00 nan nan nan nan nan nan nan nan
3.162277660168366507e+07 5.385902543332987236e+00 -1.683784899783254962e+00 -2.503349711651649212e+00 nan nan nan nan nan nan nan nan
3.548133892335738987e+07 5.334745644195158398e+00 -1.674241206802737914e+00 -2.501896268605507956e+00 nan nan nan nan nan nan nan nan
3.981071705534952879e+07 5.283922267505452020e+00 -1.664668675633146355e+00 -2.500384892548342730e+00 nan nan nan nan nan nan nan nan
4.466835921509607136e+07 5.233429884149548350e+00 -1.655066872716518978e+00 -2.498815086066697777e+00 nan nan nan nan nan nan nan nan
5.011872336272694170e+07 5.183264966057346435e+00 -1.645435160041982314e+00 -2.497224789290392710e+00 nan nan nan nan nan nan nan nan
5.623413251903456450e+07 5.133423312592062970e+00 -1.635772749024877903e+00 -2.495630999701516473e+00 nan nan nan nan nan nan nan nan
6.309573444801890850e+07 5.083900816310252146e+00 -1.626078844149936309e+00 -2.493993974527421997e+00 nan nan nan nan nan nan nan nan
7.079457843841329217e+07 5.034694854990847013e+00 -1.616352919565531066e+00 -2.492282848832468201e+00 nan nan nan nan nan nan nan nan
7.943282347242756188e+07 4.985802353775042661e+00 -1.606594344078014158e+00 -2.490542715304446819e+00 nan nan nan nan nan nan nan nan
8.912509381337386370e+07 4.937219335246461505e+00 -1.596802285117200126e+00 -2.488788457390606279e+00 nan nan nan nan nan nan nan nan
9.999999999999918044e+07 4.888941542084838332e+00 -1.586975826495944819e+00 -2.487007148044447113e+00 nan nan nan nan nan nan nan nan
1.122018454301956147e+08 4.840966034771789772e+00 -1.577114294773429348e+00 -2.485146141448008272e+00 nan nan nan nan nan nan nan nan
1.258925411794155836e+08 4.793290154894930488e+00 -1.567217055565080175e+00 -2.483238619650345758e+00 nan nan nan nan nan nan nan nan
1.412537544622738063e+08 4.745910160160553559e+00 -1.557283228243286688e+00 -2.481307318002476947e+00 nan nan nan nan nan nan nan nan
1.584893192461097836e+08 4.698821867851767031e+00 -1.547311810879418381e+00 -2.479360342419893559e+00 nan nan nan nan nan nan nan nan
1.778279410038908124e+08 4.652021920121740095e+00 -1.537301946623334858e+00 -2.477336878204255299e+00 nan nan nan nan nan nan nan nan
1.995262314968858361e+08 4.605507901201761456e+00 -1.527252957045975856e+00 -2.475245501263973580e+00 nan nan nan nan nan nan nan nan
2.238721138568310440e+08 4.559276394916936148e+00 -1.517163925609213093e+00 -2.473121908664224655e+00 nan nan nan nan nan nan nan nan
2.511886431509551406e+08 4.513323423046186278e+00 -1.507033783033590701e+00 -2.470983215579895642e+00 nan nan nan nan nan nan nan nan
2.818382931264426112e+08 4.467645255557306960e+00 -1.496861481357758539e+00 -2.468780066576241161e+00 nan nan nan nan nan nan nan nan
3.162277660168340802e+08 4.422239491490987717e+00 -1.486646240057575064e+00 -2.466489122950556556e+00 nan nan nan nan nan nan nan nan
3.548133892335702181e+08 4.377103135949294455e+00 -1.476387121090688703e+00 -2.464156857633553521e+00 nan nan nan nan nan nan nan nan
3.981071705534920692e+08 4.332232448625427779e+00 -1.466082986199969573e+00 -2.461799081137826750e+00 nan nan nan nan nan nan nan nan
4.466835921509580016e+08 4.287623520780385888e+00 -1.455732621588532671e+00 -2.459392892679898246e+00 nan nan nan nan nan nan nan nan
5.011872336272653341e+08 4.243273752802791066e+00 -1.445335082829210860e+00 -2.456887986117341605e+00 nan nan nan nan nan nan nan nan
5.623413251903399229e+08 4.199180602116786787e+00 -1.434889411521770963e+00 -2.454325158166575704e+00 nan nan nan nan nan nan nan nan
6.309573444801839590e+08 4.155340577812573599e+00 -1.424394393134141623e+00 -2.451724537077194288e+00 nan nan nan nan nan nan nan nan
7.079457843841286898e+08 4.111749835092235905e+00 -1.413848688532773901e+00 -2.449088544926806499e+00 nan nan nan nan nan nan nan nan
7.943282347242691517e+08 4.068405468402811920e+00 -1.403251145884714779e+00 -2.446353218449344613e+00 nan nan nan nan nan nan nan nan
8.912509381337294579e+08 4.025305286630461055e+00 -1.392600755604294527e+00 -2.443536538233947120e+00 nan nan nan nan nan nan nan nan
9.999999999999836683e+08 3.982446145829233952e+00 -1.381896240006110110e+00 -2.440672090010719053e+00 nan nan nan nan nan nan nan nan
1.122018454301946878e+09 3.939824446994760088e+00 -1.371136165716853039e+00 -2.437776290488367081e+00 nan nan nan nan nan nan nan nan
1.258925411794145584e+09 3.897437006611609966e+00 -1.360319159307726178e+00 -2.434790255507943701e+00 nan nan nan nan nan nan nan nan
1.412537544622726679e+09 3.855281824042962935e+00 -1.349444110450295664e+00 -2.431699739634265445e+00 nan nan nan nan nan nan nan nan
1.584893192461085081e+09 3.813356234495882013e+00 -1.338509702815128266e+00 -2.428551684105720199e+00 nan nan nan nan nan nan nan nan
1.778279410038893700e+09 3.771656983328760315e+00 -1.327514423024460433e+00 -2.425364292075170791e+00 nan nan nan nan nan nan nan nan
1.995262314968842030e+09 3.730180794554214252e+00 -1.316456702870942630e+00 -2.422103082342701441e+00 nan nan nan nan nan nan nan nan
2.238721138568292141e+09 3.688925693734984357e+00 -1.305335275753766400e+00 -2.418721628947059887e+00 nan nan nan nan nan nan nan nan
2.511886431509531021e+09 3.647889606765168491e+00 -1.294148810450794551e+00 -2.415268783975238698e+00 nan nan nan nan nan nan nan nan
2.818382931264402866e+09 3.607069680476585383e+00 -1.282895719859729056e+00 -2.411763404868371818e+00 nan nan nan nan nan nan nan nan
3.162277660168314457e+09 3.566462825839165074e+00 -1.271574299532655106e+00 -2.408200845559352654e+00 nan nan nan nan nan nan nan nan
3.548133892335673332e+09 3.526067017462927833e+00 -1.260183090449316312e+00 -2.404515159027930782e+00 nan nan nan nan nan nan nan nan
3.981071705534887791e+09 3.485880777312956091e+00 -1.248720746086405153e+00 -2.400735314111417829e+00 nan nan nan nan nan nan nan nan
4.466835921509543419e+09 3.445901783767789439e+00 -1.237185636181218573e+00 -2.396893609163798011e+00 nan nan nan nan nan nan nan nan
5.011872336272612572e+09 3.406127392142378696e+00 -1.225575983814207737e+00 -2.393005622236410446e+00 nan nan nan nan nan nan nan nan
5.623413251903352737e+09 3.366555574113053062e+00 -1.213890136846462964e+00 -2.389003256490064953e+00 nan nan nan nan nan nan nan nan
6.309573444801788330e+09 3.327185377518827369e+00 -1.202126714606067015e+00 -2.384883949870414632e+00 nan nan nan nan nan nan nan nan
7.079457843841228485e+09 3.288015199873575600e+00 -1.190284100015844171e+00 -2.380695752303505941e+00 nan nan nan nan nan nan nan nan
7.943282347242626190e+09 3.249043021416015975e+00 -1.178360498032357651e+00 -2.376460770003620215e+00 nan nan nan nan nan nan nan nan
8.912509381337221146e+09 3.210266999902403384e+00 -1.166354111222554391e+00 -2.372132164722160041e+00 nan nan nan nan nan nan nan nan
9.999999999999753952e+09 3.171686607974922190e+00 -1.154263499388116676e+00 -2.367670236376776316e+00 nan nan nan nan nan nan nan nan
1.122018454301937675e+10 3.133301135265210924e+00 -1.142087124575862145e+00 -2.363132621183107851e+00 nan nan nan nan nan nan nan nan
1.258925411794135284e+10 3.095109290370958721e+00 -1.129823217426180859e+00 -2.358539932925511007e+00 nan nan nan nan nan nan nan nan
1.412537544622714996e+10 3.057109696442517510e+00 -1.117469925955608900e+00 -2.353879430416150775e+00 nan nan nan nan nan nan nan nan
1.584893192461071968e+10 3.019302169258629043e+00 -1.105025734904132140e+00 -2.349084562968152490e+00 nan nan nan nan nan nan nan nan
1.778279410038879013e+10 2.981686945126528876e+00 -1.092489229318029942e+00 -2.344198131045772016e+00 nan nan nan nan nan nan nan nan
1.995262314968825912e+10 2.944263549192367879e+00 -1.079858717645334476e+00 -2.339252573105730537e+00 nan nan nan nan nan nan nan nan
2.238721138568273544e+10 2.907031302422619312e+00 -1.067132389466002529e+00 -2.334262196304972115e+00 nan nan nan nan nan nan nan nan
2.511886431509510422e+10 2.869990321885029338e+00 -1.054308657600348864e+00 -2.329150235953750148e+00 nan nan nan nan nan nan nan nan
2.818382931264379883e+10 2.833141670380654453e+00 -1.041386226792079928e+00 -2.323927944852839822e+00 nan nan nan nan nan nan nan nan
3.162277660168288803e+10 2.796485762027308031e+00 -1.028363543912104383e+00 -2.318645717949016305e+00 nan nan nan nan nan nan nan nan
3.548133892335644531e+10 2.760022684933424841e+00 -1.015238898874058604e+00 -2.313329578074905246e+00 nan nan nan nan nan nan nan nan
3.981071705534854889e+10 2.723752833424036623e+00 -1.002010647541974997e+00 -2.307917959249551121e+00 nan nan nan nan nan nan nan nan
4.466835921509506989e+10 2.687677820396582096e+00 -9.886775569938867081e-01 -2.302379321482272978e+00 nan nan nan nan nan nan nan nan
5.011872336272570801e+10 2.651798907111297954e+00 -9.752382425675034661e-01 -2.296778839495748237e+00 nan nan nan nan nan nan nan nan
5.623413251903306580e+10 2.616116819813693706e+00 -9.616910884899924072e-01 -2.291140540696054995e+00 nan nan nan nan nan nan nan nan
6.309573444801736450e+10 2.580632200504239471e+00 -9.480344078715162714e-01 -2.285437710880715123e+00 nan nan nan nan nan nan nan nan
7.079457843841171265e+10 2.545346822617436278e+00 -9.342669167953230325e-01 -2.279601117877980254e+00 nan nan nan nan nan nan nan nan
7.943282347242561340e+10 2.510262582318491642e+00 -9.203873621414991879e-01 -2.273687113431928086e+00 nan nan nan nan nan nan nan nan
8.912509381337149048e+10 2.475380599879060117e+00 -9.063941619269838545e-01 -2.267726202384666045e+00 nan nan nan nan nan nan nan nan
9.999999999999673462e+10 2.440701690929380607e+00 -8.922855762121577605e-01 -2.261725081120246728e+00 nan nan nan nan nan nan nan nan
1.122018454301928558e+11 2.406227423744454974e+00 -8.780601366699760657e-01 -2.255593631012833722e+00 nan nan nan nan nan nan nan nan
1.258925411794125061e+11 2.371959976942676462e+00 -8.637166078660927226e-01 -2.249355331468927410e+00 nan nan nan nan nan nan nan nan
1.412537544622703552e+11 2.337900697402759409e+00 -8.492533888385186414e-01 -2.243059948819849936e+00 nan nan nan nan nan nan nan nan
1.584893192461058960e+11 2.304050492438811659e+00 -8.346686577145240316e-01 -2.236733014820138532e+00 nan nan nan nan nan nan nan nan
1.778279410038864746e+11 2.270410547214793517e+00 -8.199606729443842390e-01 -2.230290746707652261e+00 nan nan nan nan nan nan nan nan
1.995262314968809509e+11 2.236983028251888328e+00 -8.051280956450096449e-01 -2.223709109537081563e+00 nan nan nan nan nan nan nan nan
2.238721138568255310e+11 2.203769509305809393e+00 -7.901693074670746997e-01 -2.217058612600819600e+00 nan nan nan nan nan nan nan nan
2.511886431509489746e+11 2.170770997101075572e+00 -7.750824026521687671e-01 -2.210367488129703073e+00 nan nan nan nan nan nan nan nan
2.818382931264356689e+11 2.137988411627390839e+00 -7.598653923951758093e-01 -2.203587700070419597e+00 nan nan nan nan nan nan nan nan
3.162277660168262939e+11 2.105423757425886500e+00 -7.445167568152563087e-01 -2.196646877119079022e+00 nan nan nan nan nan nan nan nan
3.548133892335615234e+11 2.073078944306363081e+00 -7.290349148830765902e-01 -2.189618851929832744e+00 nan nan nan nan nan nan nan nan
3.981071705534822998e+11 2.040955141982328414e+00 -7.134179051355795664e-01 -2.182534719285749603e+00 nan nan nan nan nan nan nan nan
4.466835921509470215e+11 2.009053241977901028e+00 -6.976635872127929794e-01 -2.175390861059331549e+00 nan nan nan nan nan nan nan nan
5.011872336272529907e+11 1.977374990438243163e+00 -6.817702027010256183e-01 -2.168083013186024033e+00 nan nan nan nan nan nan nan nan
5.623413251903260498e+11 1.945922580056306250e+00 -6.657361988286757404e-01 -2.160653874420851661e+00 nan nan nan nan nan nan nan nan
6.309573444801684570e+11 1.914697368796884902e+00 -6.495595781843922500e-01 -2.153156423124531038e+00 nan nan nan nan nan nan nan nan
7.079457843841113281e+11 1.883700315050740315e+00 -6.332380950570392075e-01 -2.145617597101035834e+00 nan nan nan nan nan nan nan nan
7.943282347242496338e+11 1.852932795144482281e+00 -6.167696785097825929e-01 -2.137927307122040155e+00 nan nan nan nan nan nan nan nan
8.912509381337076416e+11 1.822397070524290230e+00 -6.001527062272071777e-01 -2.130076097392648471e+00 nan nan nan nan nan nan nan nan
9.999999999999591064e+11 1.792094715427698937e+00 -5.833851677473339548e-01 -2.122143729161189096e+00 nan nan nan nan nan nan nan nan
1.122018454301919434e+12 1.762026788724324833e+00 -5.664647309877020032e-01 -2.114167429106951879e+00 nan nan nan nan nan nan nan nan
1.258925411794114746e+12 1.732194356972620586e+00 -5.493890191867325523e-01 -2.106070294898441553e+00 nan nan nan nan nan nan nan nan
1.412537544622691895e+12 1.702599569988324069e+00 -5.321562419060140714e-01 -2.097778818425379832e+00 nan nan nan nan nan nan nan nan
1.584893192461046143e+12 1.673244302565643604e+00 -5.147644379819964477e-01 -2.089389579554077336e+00 nan nan nan nan nan nan nan nan
1.778279410038850098e+12 1.644129725921043006e+00 -4.972112022319563618e-01 -2.080937708464377423e+00 nan nan nan nan nan nan nan nan
1.995262314968793213e+12 1.615256752942592300e+00 -4.794939241888268588e-01 -2.072402498683441507e+00 nan nan nan nan nan nan nan nan
2.238721138568236816e+12 1.586627237865704254e+00 -4.616105291818103917e-01 -2.063660272901824744e+00 nan nan nan nan nan nan nan nan
2.511886431509469238e+12 1.558243304729576062e+00 -4.435591000376058468e-01 -2.054781232514899525e+00 2.903172689838631193e-01 6.177197257209514765e-16 1.551641797514208840e-03 3.572787272622703070e-03 1.525136804968551087e-03 1.544544819023699570e+10 6.977376388976300049e+10 8.687544978482021563e+00
2.818382931264333984e+12 1.530106231287218677e+00 -4.253371652079078746e-01 -2.045823342253474841e+00 2.892829326622887165e-01 4.935576227581800846e-16 1.391034379577055962e-03 3.202975026256350225e-03 1.355742747496570125e-03 1.499540703983604622e+10 7.022380504016395569e+10 9.035265179831242222e+00
3.162277660168236816e+12 1.502216913452246283e+00 -4.069419593278436054e-01 -2.036813197005148623e+00 2.880765473005481025e-01 3.940984173827974791e-16 1.246248621197278009e-03 2.869593497333235935e-03 1.203928534406826460e-03 1.454286550099484062e+10 7.067634657900515747e+10 9.400113498899282050e+00
3.548133892335586426e+12 1.474576809250618181e+00 -3.883710396428950440e-01 -2.027604615284055001e+00 2.866867172937129782e-01 3.145116411180020318e-16 1.115929413384869617e-03 2.569522432093591241e-03 1.067950636171152235e-03 1.408807897502460861e+10 7.113113310497538757e+10 9.783245242991760904e+00
3.981071705534790039e+12 1.447188150030569220e+00 -3.696224668610087472e-01 -2.018209338461781410e+00 2.851017133215333343e-01 2.508447339691558494e-16 9.986308728870080340e-04 2.299432561313256417e-03 9.462267613359779750e-04 1.363129858659815979e+10 7.158791349340184021e+10 1.018595119838232854e+01
4.466835921509433594e+12 1.420052382591373563e+00 -3.506937600816361078e-01 -2.008720913128554830e+00 2.833094339728947642e-01 1.999140163648674859e-16 8.929831095118148437e-04 2.056169596257374256e-03 8.373367073967092917e-04 1.317282913355045700e+10 7.204638294644953918e+10 1.060962310992919377e+01
5.011872336272489258e+12 1.393170456250653055e+00 -3.315820536077575542e-01 -1.999188199087267970e+00 2.812974468791873961e-01 1.591858541750932899e-16 7.978191788660565819e-04 1.837046548161732316e-03 7.400063037862290036e-04 1.271303875883907890e+10 7.250617332116091919e+10 1.105574959216157716e+01
5.623413251903214844e+12 1.366543433036981892e+00 -3.122845100279582620e-01 -1.989491417212964297e+00 2.790530804108184992e-01 1.266523031092960982e-16 7.122182396888783679e-04 1.639943101666071655e-03 6.530815625405316438e-04 1.225231074520274353e+10 7.296690133479725647e+10 1.152597108166475337e+01
6.309573444801632812e+12 1.340173447657790451e+00 -2.927990441369634489e-01 -1.979558570845339371e+00 2.765635972130889852e-01 1.006860635251116282e-16 6.352861126796546581e-04 1.462800332842308614e-03 5.755129766778200283e-04 1.179101764756710434e+10 7.342819443243289185e+10 1.202213571983991791e+01
7.079457843841054688e+12 1.314062183284354202e+00 -2.731232425989716384e-01 -1.969516194940995835e+00 2.738161730389200854e-01 7.996253084500930999e-17 5.660913662040834536e-04 1.303473541094155898e-03 5.063561298294065724e-04 1.132957934456991386e+10 7.388963273543008423e+10 1.254627038310566967e+01
7.943282347242431641e+12 1.288210648529778402e+00 -2.532541613049796303e-01 -1.959411712572997288e+00 2.707979552147808944e-01 6.343231741729464346e-17 5.038608071854752159e-04 1.160182383569222445e-03 4.447647317128204333e-04 1.086849078877676773e+10 7.435072129122323608e+10 1.310056076957238957e+01
8.912509381337003906e+12 1.262619631474102944e+00 -2.331886352814096230e-01 -1.949194155697850928e+00 2.674962099387894754e-01 5.026045046434662894e-17 4.479467362737131237e-04 1.031435477399187057e-03 3.899742851886087484e-04 1.040828242338797760e+10 7.481092965661203003e+10 1.368741209777975598e+01
9.999999999999509766e+12 1.237290962392376681e+00 -2.129242819133525255e-01 -1.938713675582305562e+00 2.638986393867579494e-01 3.977919435926322297e-17 3.977919435926127235e-04 9.159497994294784479e-04 3.412896532678908368e-04 9.949478014316505432e+09 7.526973406568350220e+10 1.430953845011959480e+01
1.122018454301910156e+13 1.212226559611223164e+00 -1.924588005501140509e-01 -1.928082679461801785e+00 2.599934643840470794e-01 3.144198698468207895e-17 3.527848963673376435e-04 8.123172434088809504e-04 2.980829771969307107e-04 9.492631829996028900e+09 7.572658025000396729e+10 1.496997039911900096e+01
1.258925411794104297e+13 1.187427471786364208e+00 -1.717891786709903335e-01 -1.917368336701742004e+00 2.557694565982744916e-01 2.481507941898856391e-17 3.124033407625358074e-04 7.193352754413541699e-04 2.597916642256738054e-04 9.038375731069652557e+09 7.618083634893034363e+10 1.567201827182476492e+01
1.412537544622680273e+13 1.162894359583809267e+00 -1.509120350031020463e-01 -1.906591035569184855e+00 2.512161852289728214e-01 1.955314004174352708e-17 2.761954442422781303e-04 6.359635126651377954e-04 2.259091945230106227e-04 8.587397781943975449e+09 7.663181429805603027e+10 1.641932745881645417e+01
1.584893192461033008e+13 1.138628596823960670e+00 -1.298245529966843836e-01 -1.895553040075119045e+00 2.463244571944763206e-01 1.538291579127798621e-17 2.438027851779780498e-04 5.613766587812419467e-04 1.959756902368503214e-04 8.140386686054328918e+09 7.707882539394567871e+10 1.721601368036551349e+01
1.778279410038835547e+13 1.114632205067597415e+00 -1.085244895700784584e-01 -1.884299753622015627e+00 2.410866275648448631e-01 1.208111212291663303e-17 2.148359293855321554e-04 4.946780084426478626e-04 1.695743235562523741e-04 7.698037245573945045e+09 7.752117483442605591e+10 1.806674724936554455e+01
1.995262314968776953e+13 1.090906316485824812e+00 -8.700883376506853006e-02 -1.872946808604439184e+00 2.354965765273366041e-01 9.469243298552308440e-18 1.889362430487205623e-04 4.350417767702838886e-04 1.463313289259284651e-04 7.261112700664087296e+09 7.795809937933590698e+10 1.897670884748707110e+01
2.238721138568218750e+13 1.067451558754748842e+00 -6.527408687532826326e-02 -1.861558836631590275e+00 2.295500537749407544e-01 7.405838777382323699e-18 1.657960781975401955e-04 3.817595781345312035e-04 1.259112950533075321e-04 6.830443775652209282e+09 7.838876830434779358e+10 1.995163248516952592e+01
2.511886431509448438e+13 1.044268798996555780e+00 -4.331692662387098131e-02 -1.849948359728847525e+00 2.232451824645504124e-01 5.779439230707938121e-18 1.451729498534867432e-04 3.342730702386107204e-04 1.080104788439785246e-04 6.406866468909190178e+09 7.881234561109080505e+10 2.099800506706593595e+01
2.818382931264310938e+13 1.021359961903075764e+00 -2.113503522976544965e-02 -1.838051122357082345e+00 2.165830872939852325e-01 4.499847802641936901e-18 1.268229424025325164e-04 2.920206166257138542e-04 9.235313667236999687e-05 5.991195991152538300e+09 7.922801608884745789e+10 2.212327663408005662e+01
3.162277660168211328e+13 9.987263356146431903e-01 1.274476185220247207e-03 -1.826037387333925288e+00 2.095678310676735989e-01 3.494339913257225107e-18 1.105007304472744868e-04 2.544373346928475370e-04 7.869168788940560295e-05 5.584289135930746078e+09 7.963492294406925964e+10 2.333585475790482988e+01
3.548133892335557031e+13 9.763685360305519589e-01 2.391516544941744635e-02 -1.813979761978739891e+00 2.022067273540215648e-01 2.705664629421562977e-18 9.600060372944172664e-05 2.210495590658411379e-04 6.680451554543806556e-05 5.187060402975916862e+09 8.003215167702407837e+10 2.464514590908991920e+01
3.981071705534757812e+13 9.542870065550969061e-01 4.679080733317318025e-02 -1.801770937089204105e+00 1.945108387533731054e-01 2.088670437203442605e-18 8.315146779737537109e-05 1.914633302108109854e-04 5.649169331352148736e-05 4.800424733236641884e+09 8.041878734676335144e+10 2.606184369320675032e+01
4.466835921509397656e+13 9.324833418890603465e-01 6.990399154966887851e-02 -1.789223965040033004e+00 1.864958335426984970e-01 1.607382420324660773e-18 7.179913534708912191e-05 1.653236187400692876e-04 4.757201958974924066e-05 4.425249051883686066e+09 8.079396302811631775e+10 2.759833002179812311e+01
5.011872336272448438e+13 9.109590197778607568e-01 9.325736651239770192e-02 -1.776520700025950861e+00 1.781819420641485852e-01 1.232669295148437255e-18 6.177981140126911029e-05 1.422532727805458539e-04 3.988259730173365612e-05 4.062391871519900799e+09 8.115682020848010254e+10 2.926884078414561330e+01
5.623413251903168750e+13 8.897146115112426479e-01 1.168545289020775368e-01 -1.763746827428858577e+00 1.695939260174359475e-01 9.416813671889521975e-19 5.295463479320647256e-05 1.219325526797810613e-04 3.327795166522530909e-05 3.712733777727167130e+09 8.150647830227282715e+10 3.108955251670832709e+01
6.309573444801581250e+13 8.687502855889385200e-01 1.406995533677203591e-01 -1.750904028663016865e+00 1.607614649051860856e-01 7.164139382321520247e-19 4.520266360155306726e-05 1.040829793725606405e-04 2.762756336391661475e-05 3.377134693906457901e+09 8.184207738609353638e+10 3.307900762051755805e+01
7.079457843840996875e+13 8.480670983049036771e-01 1.647955209609238136e-01 -1.737713851655964037e+00 1.517198739105047600e-01 5.427334058638036908e-19 3.842258267257044302e-05 8.847126609619202419e-05 2.281370722719766939e-05 3.056372743550406933e+09 8.216283933644960022e+10 3.525884205198519084e+01
7.943282347242367188e+13 8.276666155029041017e-01 1.891448439589517860e-01 -1.724282501759127006e+00 1.425100710356902722e-01 4.092477809017385018e-19 3.250770673684891287e-05 7.485176093969042794e-05 1.873063155130049899e-05 2.751148426037528992e+09 8.246806365396246338e+10 3.765441108936901315e+01
8.912509381336929688e+13 8.075493873752918050e-01 2.137510649192984891e-01 -1.710761900874457009e+00 1.331778305215426117e-01 3.070091584334541182e-19 2.736222004694515624e-05 6.300383999131876358e-05 1.528424152802517806e-05 2.462125679458739281e+09 8.275708640054125977e+10 4.029508126843419547e+01
9.999999999999428125e+13 7.877154225832242451e-01 2.386183932043743627e-01 -1.697239123690341023e+00 1.237737385234807808e-01 2.290232010608608031e-19 2.290232010608477187e-05 5.273454087124861372e-05 1.239078200646091739e-05 2.189908748534898281e+09 8.302930333146510315e+10 4.321492475935127686e+01
1.122018454301901094e+14 7.681651358713103006e-01 2.637505482823264691e-01 -1.683410212991329091e+00 1.143532557896729668e-01 1.698577160052377490e-19 1.905834919634481300e-05 4.388347075657862288e-05 9.975331715765172272e-06 1.934977236287530184e+09 8.328423484371246338e+10 4.645411790144986952e+01
1.258925411794094062e+14 7.488999824981097397e-01 2.891498390969458043e-01 -1.669235342046607284e+00 1.049764737486482968e-01 1.251928432914503506e-19 1.576084517943626223e-05 3.629068716315700328e-05 7.970977767771728254e-06 1.697663905515356064e+09 8.352154817448464966e+10 5.006060962856259522e+01
1.412537544622668750e+14 7.299205677120852442e-01 3.148195621133929589e-01 -1.654953806705779851e+00 9.570640623197559926e-02 9.163565164942711163e-20 1.294387983807799711e-05 2.980438476066458059e-05 6.318600969676143595e-06 1.478196203640383959e+09 8.374101587635961914e+10 5.409116767539483561e+01
1.584893192461020000e+14 7.112267920554944389e-01 3.407639238729131548e-01 -1.640686732752005605e+00 8.660802687505468611e-02 6.656776323936617812e-20 1.055027947954283993e-05 2.429291625651632466e-05 4.966168444246585134e-06 1.276692478468386650e+09 8.394251960153161621e+10 5.861285165074419012e+01
1.778279410038820938e+14 6.928184576134743811e-01 3.669872800370230781e-01 -1.626216701292570344e+00 7.774733677410103350e-02 4.797224219715166745e-20 8.530805055259030236e-06 1.964290455147769238e-05 3.867772924046705486e-06 1.093111852675309181e+09 8.412610022732469177e+10 6.370590315415272897e+01
1.995262314968760312e+14 6.746966427682400402e-01 3.934921072493244298e-01 -1.611303941987402899e+00 6.919057526303325212e-02 3.427996803026430764e-20 6.839752836912025517e-06 1.574911292203736663e-05 2.982972487208804955e-06 9.272263921133563519e+08 8.429198568788664246e+10 6.946780620804815953e+01
2.238721138568200312e+14 6.568620707374082102e-01 4.202812205324046313e-01 -1.596250815653814881e+00 6.100176829248976640e-02 2.426711819178487114e-20 5.432731046808170922e-06 1.250932552262643239e-05 2.276511526092191302e-06 7.786551346526944637e+08 8.444055694534730530e+10 7.601688143026350986e+01
2.511886431509428125e+14 6.393144932382792689e-01 4.473587809857778042e-01 -1.581181112892473095e+00 5.324068170831076918e-02 1.700422460630089739e-20 4.271268106690597194e-06 9.834958270646671004e-06 1.717904431260349106e-06 6.468821603746076822e+08 8.457232991962539673e+10 8.349625561784513650e+01
2.818382931264288125e+14 6.220532254417459050e-01 4.747296184542329489e-01 -1.566048468212745348e+00 4.596126981448314663e-02 1.178454326454161006e-20 3.321335558952960658e-06 7.647657746876134770e-06 1.280839030822267400e-06 5.312363446434905529e+08 8.468797573535650635e+10 9.208067245359664810e+01
3.162277660168185625e+14 6.050787005945786889e-01 5.023967457840341488e-01 -1.550435545895939793e+00 3.921048682573613497e-02 8.072834130595522367e-21 2.552854302542547666e-06 5.878164261620182020e-06 9.426934806098506496e-07 4.308803056803195477e+08 8.478833177431968689e+10 1.019866121673476869e+02
3.548133892335528125e+14 5.883916898871153212e-01 5.303624135919859928e-01 -1.534568350628639832e+00 3.302611919494877202e-02 5.460210364085791931e-21 1.937355745209451080e-06 4.460926458745653247e-06 6.842162126006978646e-07 3.448394259632865787e+08 8.487437265403671265e+10 1.134842381470097479e+02
3.981071705534725000e+14 5.719917867174992843e-01 5.586306465909197660e-01 -1.518661426522896818e+00 2.743469072638748604e-02 3.642006064789672618e-21 1.449908729592003489e-06 3.338538226960482270e-06 4.892295954580393204e-07 2.720421148815591335e+08 8.494716996511843872e+10 1.269099752877245493e+02
4.466835921509360625e+14 5.558779793756560839e-01 5.872064703713409939e-01 -1.502831321351033811e+00 2.245060428354474225e-02 2.392682273379386811e-21 1.068771912748972586e-06 2.460938274106517515e-06 3.442426829313604294e-07 2.113331959900708199e+08 8.500787888400993347e+10 1.426850354179024407e+02
5.011872336272406875e+14 5.400498846088812588e-01 6.160937647851496557e-01 -1.486558252633941812e+00 1.807581810061532554e-02 1.546856177177609988e-21 7.752645682588551963e-07 1.785112637999304972e-06 2.380914101287120720e-07 1.614847856627814472e+08 8.505772729433721924e+10 1.613437292728410171e+02
5.623413251903122500e+14 5.245081455473137311e-01 6.452943211475703489e-01 -1.469866629655211199e+00 1.429963271466493102e-02 9.827440737319676882e-22 5.526376047453606656e-07 1.272495110514603156e-06 1.616512164158623518e-07 1.212284793753585666e+08 8.509798360062464905e+10 1.835722401415083027e+02
6.309573444801530000e+14 5.092523037593258417e-01 6.748117000576175917e-01 -1.453118979493738028e+00 1.109852548583974141e-02 6.125033363305903620e-22 3.864634785763833133e-07 8.898650447566040096e-07 1.075922125340807062e-07 8.930239256709986925e+07 8.512990968743290710e+10 2.102517990116306237e+02
7.079457843840938750e+14 4.942811282645672155e-01 7.046508381061872273e-01 -1.436524089988151065e+00 8.437453616158708397e-03 3.738426585707975841e-22 2.646603341581382813e-07 6.094029401393520754e-07 7.011051291168080621e-08 6.448011436589255929e+07 8.515473196563410950e+10 2.425151933279319962e+02
7.943282347242301250e+14 4.795934213047742811e-01 7.348165729687825554e-01 -1.419639123659870883e+00 6.271767065960098635e-03 2.231168932340256714e-22 1.772280479397381248e-07 4.080826612464751559e-07 4.467337287703446236e-08 4.559071880608192831e+07 8.517362136119392395e+10 2.818277492260050963e+02
8.912509381336857500e+14 4.651894379682293690e-01 7.653105628769100166e-01 -1.402153911322771451e+00 4.549566374811927702e-03 1.299843938966816870e-22 1.158487130031560962e-07 2.667515196036127057e-07 2.780251835578181252e-08 3.154336575546193868e+07 8.518766871424453735e+10 3.300947531503691721e+02
9.999999999999345000e+14 4.510687686586081213e-01 7.961354707073857728e-01 -1.384585400650694798e+00 3.213956388334358177e-03 7.374120785730666203e-23 7.374120785730182695e-08 1.697954059515985883e-07 1.688884521690124231e-08 2.135491705428932607e+07 8.519785716294570923e+10 3.897624664138436970e+02
1.122018454301891875e+15 4.372299365029924112e-01 8.272960517783023437e-01 -1.367146843007085222e+00 2.205932199451280436e-03 4.063736636850825898e-23 4.559587499969332442e-08 1.049883820763137472e-07 1.001925051620325128e-08 1.416505935107639804e+07 8.520504702064892578e+10 4.638614217621559987e+02
1.258925411794083750e+15 4.236710160077019061e-01 8.587980305629713262e-01 -1.349659008130709825e+00 1.467292830918446710e-03 2.170085008285425072e-23 2.731975162683896290e-08 6.290605284025923567e-08 5.821889643288814376e-09 9.240236084746623412e+06 8.520997184391525269e+10 5.558769641749021275e+02
1.412537544622657250e+15 4.103914890692928474e-01 8.906437234758666222e-01 -1.331453939423273836e+00 9.432292453635927974e-04 1.120319052781633395e-23 1.582492724010149545e-08 3.643824156077311280e-08 3.338282283262939655e-09 5.973625766224400140e+06 8.521323845423377991e+10 6.691019786053029748e+02
1.584893192461007250e+15 3.973909557777668966e-01 9.228347076091389933e-01 -1.313013510781518622e+00 nan nan nan nan nan nan nan nan
1.778279410038806500e+15 3.846676476883870710e-01 9.553755702690229779e-01 -1.294658655596879981e+00 nan nan nan nan nan nan nan nan
1.995262314968744250e+15 3.722191151496234696e-01 9.882725788933043320e-01 -1.276531140176443424e+00 nan nan nan nan nan nan nan nan
2.238721138568182000e+15 3.600438829718499156e-01 1.021529357816806982e+00 -1.257698235884421090e+00 nan nan nan nan nan nan nan nan
2.511886431509407500e+15 3.481414752607832619e-01 1.055146343716189650e+00 -1.238348556894109054e+00 nan nan nan nan nan nan nan nan
2.818382931264265000e+15 3.365100009598810948e-01 1.089127409804436120e+00 -1.219064463592562486e+00 nan nan nan nan nan nan nan nan
3.162277660168159500e+15 3.251466990528109058e-01 1.123478816793517687e+00 -1.200212542507897995e+00 nan nan nan nan nan nan nan nan
3.548133892335499000e+15 3.140490320346966957e-01 1.158206152287749591e+00 -1.180853150146676800e+00 nan nan nan nan nan nan nan nan
3.981071705534692500e+15 3.032160988562909165e-01 1.193309530131764662e+00 -1.160592159376024002e+00 nan nan nan nan nan nan nan nan
4.466835921509324000e+15 2.926459576340279534e-01 1.228791736311337424e+00 -1.140354580692280129e+00 nan nan nan nan nan nan nan nan
5.011872336272366000e+15 2.823355433681962179e-01 1.264659045278429206e+00 -1.120562392132197216e+00 nan nan nan nan nan nan nan nan
5.623413251903077000e+15 2.722814317162265407e-01 1.300919072166517365e+00 -1.100692777246160992e+00 nan nan nan nan nan nan nan nan
6.309573444801478000e+15 2.624821192091630895e-01 1.337572316568973463e+00 -1.079628647861075930e+00 nan nan nan nan nan nan nan nan
7.079457843840881000e+15 2.529359897937232260e-01 1.374618827033615043e+00 -1.058434841628525191e+00 nan nan nan nan nan nan nan nan
7.943282347242237000e+15 2.436398911515018917e-01 1.412063999773508494e+00 -1.037633830875996255e+00 nan nan nan nan nan nan nan nan
8.912509381336785000e+15 2.345899099294128654e-01 1.449916353366251798e+00 -1.017336633709896798e+00 nan nan nan nan nan nan nan nan
