# [1] m:            [M_sun/h] 
# [2] sigma 
# [3] ln(1/sigma) 
# [4] n_eff 
# [5] f(sigma) 
# [6] dn/dm:        [h^4/(Mpc^3*M_sun)] 
# [7] dn/dlnm:      [h^3/Mpc^3] 
# [8] dn/dlog10m:   [h^3/Mpc^3] 
# [9] n(>m):        [h^3/Mpc^3] 
# [11] rho(>m):     [M_sun*h^2/Mpc^3] 
# [11] rho(<m):     [M_sun*h^2/Mpc^3] 
# [12] Lbox(N=1):   [Mpc/h]
1.000000000000000000e+07 2.277813299797951441e+00 -8.232159037197888107e-01 -2.516550227174258580e+00 2.608749658238321278e-01 1.791307027820024074e-05 1.791307027820024018e+02 4.124636859233858104e+02 1.871329957789032790e+02 2.402022069583299637e+10 6.119899138416700745e+10 1.748302357804106810e-01
1.122018454301963001e+07 2.256755395073445580e+00 -8.139281158317743792e-01 -2.515342399793555561e+00 2.614936287104884238e-01 1.429823410225887529e-05 1.604288252666411836e+02 3.694010215455145385e+02 1.675863780921808655e+02 2.381348608354913330e+10 6.140572599645086670e+10 1.813790383525668570e-01
1.258925411794166267e+07 2.235840228228160420e+00 -8.046170984590870212e-01 -2.514138023199294913e+00 2.621042859530876012e-01 1.141230315160076498e-05 1.436723844464885360e+02 3.308178907013941057e+02 1.500809052860082318e+02 2.360574863042608643e+10 6.161346344957391357e+10 1.881733802543989753e-01
1.412537544622752629e+07 2.215066071996849129e+00 -7.952822323961628026e-01 -2.512906992283254759e+00 2.627064169102880098e-01 9.108960953386366108e-06 1.286674933916090424e+02 2.962678522364288938e+02 1.344037617125627264e+02 2.339700750196887970e+10 6.182220457803112030e+10 1.952223450667326943e-01
1.584893192461110838e+07 2.194431824936089459e+00 -7.859231633323411348e-01 -2.511612097271144872e+00 2.632994627068828142e-01 7.271117034077031185e-06 1.152394388889671006e+02 2.653486141107339904e+02 1.203633500538837211e+02 2.318724783279843140e+10 6.203196424720156860e+10 2.025358519047679717e-01
1.778279410038919002e+07 2.173936289203330929e+00 -7.765394824753584224e-01 -2.510295397754528146e+00 2.638828467689577351e-01 5.804056216460855842e-06 1.032123366444073156e+02 2.376551877704953881e+02 1.077882550068530350e+02 2.297645619798985672e+10 6.224275588201014709e+10 2.101242548224119544e-01
1.995262314968874678e+07 2.153577853356745120e+00 -7.671305768700507066e-01 -2.508972549403060803e+00 2.644559828929191059e-01 4.632820061526006360e-06 9.243691280794624276e+01 2.128438574739674038e+02 9.652577887574150850e+01 2.276463203426695251e+10 6.245458004573304749e+10 2.179978590543601713e-01
2.238721138568333164e+07 2.133354760846949194e+00 -7.576957457940817209e-01 -2.507638659562521521e+00 2.650182663690709428e-01 3.697822138136191073e-06 8.278392587311441275e+01 1.906170336549573392e+02 8.643925659751843682e+01 2.255177760666571426e+10 6.266743447333428955e+10 2.261672195497072269e-01
2.511886431509571895e+07 2.113265756282178831e+00 -7.482345027471366539e-01 -2.506239823006903400e+00 2.655690552154431061e-01 2.951751500624461157e-06 7.414464543606601410e+01 1.707243553064146226e+02 7.740572187348416833e+01 2.233788296310647964e+10 6.288132911689352417e+10 2.346437432465903472e-01
2.818382931264443323e+07 2.093309797478200451e+00 -7.387464485058939934e-01 -2.504801537836156555e+00 2.661076780225231642e-01 2.356258622835004055e-06 6.640839084242838908e+01 1.529109708034979178e+02 6.931483872073638963e+01 2.212293249767196655e+10 6.309627958232803345e+10 2.434396197430493680e-01
3.162277660168366507e+07 2.073485381026560326e+00 -7.292309502943762345e-01 -2.503349711651649212e+00 2.666334513836898790e-01 1.880838865355428694e-06 5.947734726289890261e+01 1.369516531783812354e+02 6.206827312118944207e+01 2.190692229180077362e+10 6.331228978819922638e+10 2.525671008773735515e-01
3.548133892335738987e+07 2.053790802142610339e+00 -7.196872573138591855e-01 -2.501896268605507956e+00 2.671456712304036696e-01 1.501254079608280299e-06 5.326650480865434645e+01 1.226506599283031562e+02 5.557821529352236212e+01 2.168985726260625458e+10 6.352935481739374542e+10 2.620385179185747981e-01
3.981071705534952879e+07 2.034224624007626936e+00 -7.101147261442675163e-01 -2.500384892548342730e+00 2.676435994625182557e-01 1.198336225664118340e-06 4.770662441708969936e+01 1.098485622198565039e+02 4.976573473981839157e+01 2.147173327101722336e+10 6.374747880898277283e+10 2.718670198282889250e-01
4.466835921509607136e+07 2.014785872953497314e+00 -7.005129232276402496e-01 -2.498815086066697777e+00 2.681264588964001883e-01 9.565857930703430195e-07 4.272911782492364097e+01 9.838742974045534595e+01 4.455983494081061735e+01 2.125253439393301392e+10 6.396667768606698608e+10 2.820669108125383184e-01
5.011872336272694170e+07 1.995473190730285840e+00 -6.908812105531034753e-01 -2.497224789290392710e+00 2.685934540330038311e-01 7.635817587072298253e-07 3.826974292947216583e+01 8.811933958211689344e+01 3.989716570774633198e+01 2.103225354750003815e+10 6.418695853249996185e+10 2.926527785547718974e-01
5.623413251903456450e+07 1.976284960160761939e+00 -6.812187995359990644e-01 -2.495630999701516473e+00 2.690437659247972846e-01 6.094773680340902276e-07 3.427343108138143180e+01 7.891749149374768990e+01 3.572124493084973551e+01 2.081089641054625320e+10 6.440831566945375061e+10 3.036391762877752587e-01
6.309573444801890850e+07 1.957219599945623001e+00 -6.715248946610575809e-01 -2.493993974527421997e+00 2.694765435285124133e-01 4.864776815974654406e-07 3.069466661296157284e+01 7.067708177742736098e+01 3.198138059907037700e+01 2.058846443409328842e+10 6.463074764590670776e+10 3.150413772630998310e-01
7.079457843841329217e+07 1.938276100572162930e+00 -6.617989700766521155e-01 -2.492282848832468201e+00 2.698908911386642684e-01 3.883258718049834668e-07 2.749136639116312608e+01 6.330121043832973271e+01 2.863192329367646494e+01 2.036494431181798172e+10 6.485426776818202209e+10 3.268760937332579330e-01
7.943282347242756188e+07 1.919453278269467544e+00 -6.520403945891355413e-01 -2.490542715304446819e+00 2.702858850672291702e-01 3.099683897011072178e-07 2.462166438116068434e+01 5.669347736876306243e+01 2.563205609849915945e+01 2.014032667463063431e+10 6.507888540536936951e+10 3.391606964254819112e-01
8.912509381337386370e+07 1.900749601796551502e+00 -6.422483356283212874e-01 -2.488788457390606279e+00 2.706605752372652218e-01 2.474069616014120312e-07 2.205016866280763210e+01 5.077238966098531137e+01 2.294540942275546058e+01 1.991461625034224701e+10 6.530459582965775299e+10 3.519125293430455104e-01
9.999999999999918044e+07 1.882163432153960425e+00 -6.324218770070659801e-01 -2.487007148044447113e+00 2.710139778566567070e-01 1.974646084828330353e-07 1.974646084828314230e+01 4.546790638864732870e+01 2.053940202151465400e+01 1.968781913457901764e+10 6.553139294542098236e+10 3.651495206250690573e-01
1.122018454301956147e+08 1.863693637674653125e+00 -6.225603452845506203e-01 -2.485146141448008272e+00 2.713450627967063933e-01 1.576130451480893917e-07 1.768447452948836940e+01 4.072000742903281179e+01 1.838470417607265972e+01 1.945992786912068176e+10 6.575928421087931824e+10 3.788911412641378651e-01
1.258925411794155836e+08 1.845339194912851699e+00 -6.126631060762015579e-01 -2.483238619650345758e+00 2.716527616160853142e-01 1.258028378939140993e-07 1.583763895004692479e+01 3.646751135459992099e+01 1.645501620648185082e+01 1.923093167776097107e+10 6.598828040223902893e+10 3.931581008529656529e-01
1.412537544622738063e+08 1.827098663145997559e+00 -6.027292787544079600e-01 -2.481307318002476947e+00 2.719359749459299147e-01 1.004067823713004894e-07 1.418283498342264082e+01 3.265718440922342580e+01 1.472689881238627585e+01 1.900083323818873596e+10 6.621837884181126404e+10 4.079712561755876044e-01
1.584893192461097836e+08 1.808970432095728054e+00 -5.927578613905396532e-01 -2.479360342419893559e+00 2.721935652480365064e-01 8.013114783875363219e-08 1.269993107137344523e+01 2.924267196699639726e+01 1.317940240298078614e+01 1.876964321116483307e+10 6.644956886883516693e+10 4.233518161521647727e-01
1.778279410038908124e+08 1.790953209045314853e+00 -5.827479971344559084e-01 -2.477336878204255299e+00 2.724243482837476193e-01 6.395198702829273513e-08 1.137245017634883126e+01 2.618603424687832870e+01 1.179368474763392349e+01 1.853736171801067734e+10 6.668185036198931885e+10 4.393225493606495169e-01
1.995262314968858361e+08 1.773046063962870678e+00 -5.726990075570971284e-01 -2.475245501263973580e+00 2.726270934564650750e-01 5.104009194462270841e-08 1.018383720096512768e+01 2.344915172842051376e+01 1.055280509825145785e+01 1.830397848227692413e+10 6.691523359772307587e+10 4.559081553059666780e-01
2.238721138568310440e+08 1.755247681676305849e+00 -5.626099761203342542e-01 -2.473121908664224655e+00 2.728005320578904547e-01 4.073255168086468784e-08 9.118882447577794537e+00 2.099700278855769042e+01 9.441651235327007896e+00 1.806949437539936066e+10 6.714971770460063934e+10 4.731338444470464255e-01
2.511886431509551406e+08 1.737556530634839058e+00 -5.524798335447119735e-01 -2.470983215579895642e+00 2.729433516898545631e-01 3.250335833350112253e-08 8.164474477641437744e+00 1.879939722434752269e+01 8.446741235004381565e+00 1.783392341340506363e+10 6.738528866659494019e+10 4.910249989585114827e-01
2.818382931264426112e+08 1.719971174836391281e+00 -5.423075318688795887e-01 -2.468780066576241161e+00 2.730541911839991509e-01 2.593638679008604414e-08 7.309866982785064415e+00 1.683159074633025298e+01 7.555966535737441703e+00 1.759727386622035980e+10 6.762193821377964020e+10 5.096084939776162059e-01
3.162277660168340802e+08 1.702490689950455716e+00 -5.320922905686961135e-01 -2.466489122950556556e+00 2.731316384013288134e-01 2.069672132559126959e-08 6.544877948664695744e+00 1.507013840006077920e+01 6.758423307077669584e+00 1.735953929106125259e+10 6.785967278893875122e+10 5.289137654148126089e-01
3.548133892335702181e+08 1.685113922989759594e+00 -5.218331716018097532e-01 -2.464156857633553521e+00 2.731742348737994930e-01 1.651443334643230369e-08 5.859542066919536829e+00 1.349209421506044571e+01 6.044367491699642159e+00 1.712071999415825272e+10 6.809849208584175110e+10 5.489713918294304440e-01
3.981071705534920692e+08 1.667839433996671561e+00 -5.115290367110907344e-01 -2.461799081137826750e+00 2.731804722423284981e-01 1.317590183228008660e-08 5.245420997939596930e+00 1.207802819633366731e+01 5.405114431414792087e+00 1.688083186147295570e+10 6.833838021852704620e+10 5.698121460790045445e-01
4.466835921509580016e+08 1.650665718169885832e+00 -5.011786720996538325e-01 -2.459392892679898246e+00 2.731487883579295506e-01 1.051156290273099939e-08 4.695342676512633595e+00 1.081142605343675456e+01 4.832878075170533805e+00 1.663989095504967499e+10 6.857932112495032501e+10 5.914681824368606122e-01
5.011872336272653341e+08 1.633591774701061761e+00 -4.907811333403319654e-01 -2.456887986117341605e+00 2.730775679086316909e-01 8.386132116304486453e-09 4.203022356203409693e+00 9.677816622914681588e+00 4.320647008261749633e+00 1.639789883588432121e+10 6.882131324411567688e+10 6.139745995567207348e-01
5.623413251903399229e+08 1.616616624739612096e+00 -4.803354620328922908e-01 -2.454325158166575704e+00 2.729651431999690625e-01 6.690019564891765122e-09 3.762074467670536659e+00 8.662496587991688202e+00 3.862139177989092786e+00 1.615485688709585762e+10 6.906435519290414429e+10 6.373686427816541711e-01
6.309573444801839590e+08 1.599738924341717050e+00 -4.698404436452628397e-01 -2.451724537077194288e+00 2.728097892642616928e-01 5.336358824172424412e-09 3.367014792893229913e+00 7.752838070006386140e+00 3.451755811539142904e+00 1.591078213880625534e+10 6.930842994119374084e+10 6.616880810000008717e-01
7.079457843841286898e+08 1.582957193322355405e+00 -4.592947390438951172e-01 -2.449088544926806499e+00 2.726097207960782587e-01 4.256076297179225302e-09 3.013071272605244655e+00 6.937852996429435315e+00 3.084488534878248700e+00 1.566569879124787903e+10 6.955351328875212097e+10 6.869718582237084314e-01
7.943282347242691517e+08 1.566270313090623922e+00 -4.486971963958359400e-01 -2.446353218449344613e+00 2.723630967547427950e-01 3.394433517900521925e-09 2.696294384162812641e+00 6.208447255296853484e+00 2.755831028585093101e+00 1.541961957299343681e+10 6.979959250700656128e+10 7.132620839307243221e-01
8.912509381337294579e+08 1.549677440103127912e+00 -4.380468061154160209e-01 -2.443536538233947120e+00 2.720680225854779644e-01 2.707075805746831958e-09 2.412683851470985630e+00 5.555409870504552039e+00 2.461734600440059317e+00 1.517254934280635643e+10 7.004666273719364929e+10 7.406043468201151114e-01
9.999999999999836683e+08 1.533177363991518716e+00 -4.273422905172314379e-01 -2.440672090010719053e+00 2.717225390876888969e-01 2.158631046755676811e-09 2.158631046755641769e+00 4.970431669533674324e+00 2.198588561939105013e+00 1.492450694459790421e+10 7.029470513540209961e+10 7.690454586534650749e-01
1.122018454301946878e+09 1.516768699197315273e+00 -4.165822162279741447e-01 -2.437776290488367081e+00 2.713246205918666831e-01 1.721014877915256144e-09 1.931010453149129447e+00 4.446315883836862604e+00 1.963169873104842589e+00 1.467552494097654533e+10 7.054368713902345276e+10 7.986332235192682427e-01
1.258925411794145584e+09 1.500450220118559441e+00 -4.057652098188473389e-01 -2.434790255507943701e+00 2.708721806748055072e-01 1.372019578925704116e-09 1.727270313388672207e+00 3.977186875179910430e+00 1.752582304129424173e+00 1.442562918847807121e+10 7.079358289152192688e+10 8.294187697682248173e-01
1.412537544622726679e+09 1.484221156542428810e+00 -3.948901609614168251e-01 -2.431699739634265445e+00 2.703630837007437449e-01 1.093733490029971796e-09 1.544939618478581966e+00 3.557354935084691583e+00 1.564218758872810033e+00 1.417483221272871780e+10 7.104437986727128601e+10 8.614581221527333188e-01
1.584893192461085081e+09 1.468080482566735956e+00 -3.839557533262494271e-01 -2.428551684105720199e+00 2.697951264092238732e-01 8.717607701080556518e-10 1.381647709998890416e+00 3.181361420812805818e+00 1.395750849975373242e+00 1.392315682612970352e+10 7.129605525387030029e+10 8.948097336624069031e-01
1.778279410038893700e+09 1.452026945207095077e+00 -3.729604735355815381e-01 -2.425364292075170791e+00 2.691660339468371910e-01 6.947029276483023711e-10 1.235375912330715309e+00 2.844558159976624534e+00 1.245102860455638227e+00 1.367064339450097656e+10 7.154856868549902344e+10 9.295332364524744317e-01
1.995262314968842030e+09 1.436059283261340802e+00 -3.619027533820637910e-01 -2.422103082342701441e+00 2.684734647805482877e-01 5.535259803514931659e-10 1.104429528951518025e+00 2.543042969626201355e+00 1.110412832215568191e+00 1.341733196927132416e+10 7.180188011072866821e+10 9.656917236433413265e-01
2.238721138568292141e+09 1.420176736603057988e+00 -3.507813262648875607e-01 -2.418721628947059887e+00 2.677150355543176374e-01 4.410046721194256335e-10 9.872864816811368627e-01 2.273311135233524904e+00 9.900039795940756004e-01 1.316324828188053513e+10 7.205596379811946106e+10 1.003354385424478190e+00
2.511886431509531021e+09 1.404378506735015852e+00 -3.395948609619160452e-01 -2.415268783975238698e+00 2.668883030739120921e-01 3.512950932937797044e-10 8.824133783005201348e-01 2.031831890733293289e+00 8.823754039449056563e-01 1.290842226561975479e+10 7.231078981438024902e+10 1.042594754142875502e+00
2.818382931264402866e+09 1.388663495233604328e+00 -3.283417703708502722e-01 -2.411763404868371818e+00 2.659907488304419920e-01 2.797723787131364168e-10 7.885056968043440140e-01 1.815601463202565435e+00 7.861895700965095823e-01 1.265290248733700371e+10 7.256630959266299438e+10 1.083488336662460139e+00
3.162277660168314457e+09 1.373030512872201125e+00 -3.170203500437762667e-01 -2.408200845559352654e+00 2.650197861709704394e-01 2.227608691118917060e-10 7.044317199522130979e-01 1.622013977394122231e+00 7.002491840815927571e-01 1.239674451886042976e+10 7.282246756113957214e+10 1.126114272605285072e+00
3.548133892335673332e+09 1.357478779908417366e+00 -3.056291409604375842e-01 -2.404515159027930782e+00 2.639727939077795571e-01 1.773438544945078734e-10 6.292397407294094691e-01 1.448878046922976726e+00 6.234768834736655885e-01 1.213999272212686348e+10 7.307921935787313843e+10 1.170558747357717477e+00
3.981071705534887791e+09 1.342007727322712007e+00 -2.941667965975265364e-01 -2.400735314111417829e+00 2.628471138374330884e-01 1.411588665986629324e-10 5.619635698013107916e-01 1.293968938630217114e+00 5.549057088348360312e-01 1.188268781128760719e+10 7.333652426871238708e+10 1.216915069200764865e+00
4.466835921509543419e+09 1.326616461328366858e+00 -2.826316866923399562e-01 -2.396893609163798011e+00 2.616400158119069341e-01 1.123270520645571227e-10 5.017465111192365157e-01 1.155314036964925295e+00 4.936736344449577096e-01 1.162488827702858543e+10 7.359432380297142029e+10 1.265280132628206156e+00
5.011872336272612572e+09 1.311303963764406388e+00 -2.710220343253289532e-01 -2.393005622236410446e+00 2.603487090120823466e-01 8.935654351178379573e-11 4.478435884916492360e-01 1.031197970853831469e+00 4.390108342494890570e-01 1.136666750642153931e+10 7.385254457357846069e+10 1.315754671391147212e+00
5.623413251903352737e+09 1.296069453759018497e+00 -2.593361873575841248e-01 -2.389003256490064953e+00 2.589703752529738390e-01 7.106818852364529816e-11 3.996457931326327651e-01 9.202184457449824606e-01 3.902254238345189141e-01 1.110809247677676582e+10 7.411111960322323608e+10 1.368447518353443693e+00
6.309573444801788330e+09 1.280912564745622095e+00 -2.475727651171882593e-01 -2.384883949870414632e+00 2.575021980801280863e-01 5.650986422772689349e-11 3.565531387006201092e-01 8.209939420322862613e-01 3.466951141400873571e-01 1.084922022234080887e+10 7.436999185765919495e+10 1.423478000287927925e+00
7.079457843841228485e+09 1.265832679792972648e+00 -2.357301505269653596e-01 -2.380695752303505941e+00 2.559413106312472541e-01 4.491906548413106844e-11 3.180026304796494951e-01 7.322281164753349225e-01 3.078645626773969801e-01 1.059012273089949799e+10 7.462908934910049438e+10 1.480971722267624857e+00
7.943282347242626190e+09 1.250829021325639667e+00 -2.238065485434786450e-01 -2.376460770003620215e+00 2.542848037872200706e-01 3.569196460881746578e-11 2.835113524156283593e-01 6.528090137668073334e-01 2.732386344213435514e-01 1.033089212095356941e+10 7.488831995904643250e+10 1.541059112785804652e+00
8.912509381337221146e+09 1.235900880109572997e+00 -2.118001617336754405e-01 -2.372132164722160041e+00 2.525297550063742569e-01 2.835091349600122960e-11 2.526777825025909863e-01 5.818120953212577717e-01 2.423731066941420820e-01 1.007162081913104820e+10 7.514759126086895752e+10 1.603879944339411390e+00
9.999999999999753952e+09 1.221048053120542098e+00 -1.997095498992380314e-01 -2.367670236376776316e+00 2.506732947176795734e-01 2.251323775098435929e-11 2.251323775098380553e-01 5.183864564044611267e-01 2.148681429009992316e-01 9.812389061086782455e+09 7.540682301891322327e+10 1.669588033175422925e+00
1.122018454301937675e+10 1.206270266878215036e+00 -1.875331750869834446e-01 -2.363132621183107851e+00 2.487125559289659615e-01 1.787034673137922760e-11 2.005085881738180587e-01 4.616880861463156793e-01 1.903662793372299100e-01 9.553286808788793564e+09 7.566592527121121216e+10 1.738347748393102465e+00
1.258925411794135284e+10 1.191567024213586290e+00 -1.752692679373019924e-01 -2.358539932925511007e+00 2.466446602313697167e-01 1.417841248900638131e-11 1.784956378130946875e-01 4.110013947928961575e-01 1.685490423137497029e-01 9.294426145545015335e+09 7.592478593445498657e+10 1.810330646846709524e+00
1.412537544622714996e+10 1.176937795061807179e+00 -1.629159764667300614e-01 -2.353879430416150775e+00 2.444667496696247000e-01 1.124396874461580050e-11 1.588252800233415363e-01 3.657087221723512305e-01 1.491312893896185876e-01 9.035926795382001877e+09 7.618328528461799622e+10 1.885719429042053585e+00
1.584893192461071968e+10 1.162382508500672262e+00 -1.504717854152533285e-01 -2.349084562968152490e+00 2.421760775711308544e-01 8.913372904230549078e-12 1.412674403778197141e-01 3.252803023393928683e-01 1.318565637768250587e-01 8.777898836061046600e+09 7.644131324393894958e+10 1.964714342060670083e+00
1.778279410038879013e+10 1.147901255504645723e+00 -1.379352798291512694e-01 -2.344198131045772016e+00 2.397699922186556087e-01 7.062423283978595592e-12 1.255896191087829961e-01 2.891807847946838983e-01 1.164950365984732117e-01 8.520454143011384010e+09 7.669875793698861694e+10 2.047532760912964545e+00
1.995262314968825912e+10 1.133493853262675044e+00 -1.253047681564556370e-01 -2.339252573105730537e+00 2.372458825577424546e-01 5.592685895912980291e-12 1.115887540757283525e-01 2.569426016805506641e-01 1.028419519365924018e-01 8.263726111605755806e+09 7.695548596839424133e+10 2.134403689827529593e+00
2.238721138568273544e+10 1.119160040357833008e+00 -1.125784399771234678e-01 -2.334262196304972115e+00 2.346012207705320818e-01 4.426085007013579310e-12 9.908770066301404722e-02 2.281578624457123727e-01 9.071444033343586955e-02 8.007863681648002625e+09 7.721134839835198975e+10 2.225569656466970248e+00
2.511886431509510422e+10 1.104899861859309329e+00 -9.975470811147026107e-02 -2.329150235953750148e+00 2.318336545039171304e-01 3.500966996594548774e-12 8.794031495908449791e-02 2.024900582979892727e-01 7.994824231484337629e-02 7.753010216762489319e+09 7.746620186323751831e+10 2.321295128397269369e+00
2.818382931264379883e+10 1.090713726928323135e+00 -8.683227730320129678e-02 -2.323927944852839822e+00 2.289410550582223480e-01 2.767597496767709171e-12 7.800149545500136006e-02 1.796050806659289512e-01 7.039586384074546233e-02 7.499303235844614029e+09 7.771990884415538025e+10 2.421870696434907266e+00
3.162277660168288803e+10 1.076601794993535810e+00 -7.380959442322578001e-02 -2.318645717949016305e+00 2.259214248695924909e-01 2.186334823450175738e-12 6.913797769844470809e-02 1.591960768081935873e-01 6.192583490389243911e-02 7.246898713096064568e+09 7.797231336690393066e+10 2.527605993321482281e+00
3.548133892335644531e+10 1.062564099975269682e+00 -6.068494938517954990e-02 -2.313329578074905246e+00 2.227729390289730216e-01 1.725826126654149899e-12 6.123462172259937913e-02 1.409979271535867218e-01 5.442098480484796469e-02 6.995973282756140709e+09 7.822323879724386597e+10 2.638828714094664907e+00
3.981071705534854889e+10 1.048600793682285648e+00 -4.745669805309607470e-02 -2.307917959249551121e+00 2.194940242542640640e-01 1.361339809572669231e-12 5.419591397507960567e-02 1.247907036202059866e-01 4.777626903550317300e-02 6.746703216911416054e+09 7.847250886308857727e+10 2.755894508771307816e+00
4.466835921509506989e+10 1.034712497054014246e+00 -3.412360750500784135e-02 -2.302379321482272978e+00 2.160834821824378360e-01 1.073067840101527409e-12 4.793217974382122520e-02 1.103679225528339247e-01 4.189730338117719777e-02 6.499254181827025414e+09 7.871995789817297363e+10 2.879196525020321307e+00
5.011872336272570801e+10 1.020899695655250294e+00 -2.068429307862459238e-02 -2.296778839495748237e+00 2.125403876194931485e-01 8.451224974471110748e-13 4.235646065716762443e-02 9.752935490118296025e-02 3.669987144482679542e-02 6.253804162615744591e+09 7.896540791738426208e+10 3.009159113958099763e+00
5.623413251903306580e+10 1.007162669078770501e+00 -7.137139001113628964e-03 -2.291140540696054995e+00 2.088640949978206873e-01 6.649824623758580500e-13 3.739471191207691808e-02 8.610450620555518131e-02 3.210902491715836304e-02 6.010552688353581429e+09 7.920865939164642334e+10 3.146233572309660609e+00
6.309573444801736450e+10 9.935016644843734923e-01 6.519541617362463459e-03 -2.285437710880715123e+00 2.050543107268860410e-01 5.227514671552751535e-13 3.298338775394071137e-02 7.594705695866624251e-02 2.805773583805284618e-02 5.769703999593043327e+09 7.944950808040695190e+10 3.290908388281285735e+00
7.079457843841171265e+10 9.799173646156633666e-01 2.028703269355572325e-02 -2.279601117877980254e+00 2.011112657211810983e-01 4.105780177535779723e-13 2.906669768294327383e-02 6.692854478730975165e-02 2.448584579440346229e-02 5.531451163300884247e+09 7.968776091669911194e+10 3.443723677565193597e+00
7.943282347242561340e+10 9.664104994655807745e-01 3.416658734737983150e-02 -2.273687113431928086e+00 1.970356583029569952e-01 3.221475575681693045e-13 2.558909007238546057e-02 5.892105734395669536e-02 2.133960574112181430e-02 5.295990061787756920e+09 7.992322201821224976e+10 3.605270620899853729e+00
8.912509381337149048e+10 9.529815003205966972e-01 4.815978756189507465e-02 -2.267726202384666045e+00 1.928285852419784618e-01 2.524824369798222858e-13 2.250252088205531575e-02 5.181396913780780128e-02 1.857123007907771420e-02 5.063535291611222267e+09 8.015567678838877869e+10 3.776183670162723161e+00
9.999999999999673462e+10 9.396306811851629082e-01 6.226837327672113398e-02 -2.261725081120246728e+00 1.884916238756205176e-01 1.976498252048769674e-13 1.976498252048704968e-02 4.551055411496136849e-02 1.613811699775849484e-02 4.834310784817566872e+09 8.038490129518243408e+10 3.957148789350340312e+00
1.122018454301928558e+11 9.263586458197937690e-01 7.649381281890273165e-02 -2.255593631012833722e+00 1.840270044765826285e-01 1.545531643089542243e-13 1.734115025254048120e-02 3.992947406686964823e-02 1.400211629321273035e-02 4.608530382596173286e+09 8.061068169740382385e+10 4.148923621676105178e+00
1.258925411794125061e+11 9.131662329573393411e-01 9.083734162278604696e-02 -2.249355331468927410e+00 1.794376476232934781e-01 1.207074945379371577e-13 1.519617322678096412e-02 3.499048194254107680e-02 1.212911739297747003e-02 4.386400348441207886e+09 8.083281173155879211e+10 4.352347872656126881e+00
1.412537544622703552e+11 9.000539611243231208e-01 1.053005606503602393e-01 -2.243059948819849936e+00 1.747270145777076733e-01 9.414728617170493291e-14 1.329865764418711009e-02 3.062129084833655618e-02 1.048882307320553667e-02 4.168140023750020504e+09 8.105107205624998474e+10 4.568332929381504925e+00
1.584893192461058960e+11 8.870221796220042476e-01 1.198852917743548907e-01 -2.236733014820138532e+00 1.698991846025467156e-01 7.332533169068206920e-14 1.162128190315111706e-02 2.675899047167723879e-02 9.054316040205198299e-03 3.953980361690575123e+09 8.126523171830941772e+10 4.797866027610034223e+00
1.778279410038864746e+11 8.740713447193416696e-01 1.345932765444948220e-01 -2.230290746707652261e+00 1.649589899838936891e-01 5.702810762275438132e-14 1.014119095790245485e-02 2.335095512487220248e-02 7.801567400291467211e-03 3.744143700343092442e+09 8.147506837965690613e+10 5.042037193999067135e+00
1.995262314968809509e+11 8.612022904919551802e-01 1.494258538438691941e-01 -2.223709109537081563e+00 1.599121651105694375e-01 4.428863113233151171e-14 8.836743667989546691e-03 2.034735424052225641e-02 6.709109666156610335e-03 3.538836620771251678e+09 8.168037545922874451e+10 5.302064862959658953e+00
2.238721138568255310e+11 8.484156228103438835e-01 1.643846420218042226e-01 -2.217058612600819600e+00 1.547651514499044090e-01 3.433908290282041728e-14 7.687563077359183851e-03 1.770126814337869003e-02 5.757894106559090924e-03 3.338270340027548790e+09 8.188094173997245789e+10 5.579287941544461837e+00
2.511886431509489746e+11 8.357117292471677450e-01 1.794715468367100997e-01 -2.210367488129703073e+00 1.495251180637681698e-01 2.657819231144311459e-14 6.676140064116380286e-03 1.537238059037469157e-02 4.931052888215260027e-03 3.142665646535027981e+09 8.207654643346496582e+10 5.875165610848511299e+00
2.818382931264356689e+11 8.230909639835850555e-01 1.946885570937030296e-01 -2.203587700070419597e+00 1.442000540220146898e-01 2.053476068590211834e-14 5.787481901474488509e-03 1.332616955230799330e-02 4.213589134648195594e-03 2.952235838959224701e+09 8.226697624104077148e+10 6.191310785322515109e+00
3.162277660168262939e+11 8.105540987355148719e-01 2.100371926736224470e-01 -2.196646877119079022e+00 1.387989822624128289e-01 1.583722300318247636e-14 5.008169650206686918e-03 1.153173677975112207e-02 3.592141476346720399e-03 2.767173832941956997e+09 8.245203824705804443e+10 6.529534020464010879e+00
3.548133892335615234e+11 7.981018687488458108e-01 2.255190346058023321e-01 -2.189618851929832744e+00 1.333317877632165527e-01 1.219015691169168364e-14 4.325230889126252011e-03 9.959212169059490638e-03 3.054867752626457423e-03 2.587665903343085289e+09 8.263154617665692139e+10 6.891850721190353468e+00
3.981071705534822998e+11 7.857347243443625340e-01 2.411360443532991893e-01 -2.182534719285749603e+00 1.278091063654195614e-01 9.363050781060365154e-15 3.727497654196514423e-03 8.582880532723168726e-03 2.591315435081892674e-03 2.413901700646058083e+09 8.280531037935394287e+10 7.280478203923349767e+00
4.466835921509470215e+11 7.734530087444333457e-01 2.568903622760856931e-01 -2.175390861059331549e+00 1.222423896855878989e-01 7.175567249331713787e-15 3.205208154652180140e-03 7.380264516845064238e-03 2.192236808842688324e-03 2.246062966908821106e+09 8.297314911309118652e+10 7.697874826189448072e+00
5.011872336272529907e+11 7.612573941867076810e-01 2.727837467878531652e-01 -2.168083013186024033e+00 1.166440881785665851e-01 5.486924556500495083e-15 2.749976539593924994e-03 6.332054986152322283e-03 1.849428821267755157e-03 2.084308262231475115e+09 8.313490381776852417e+10 8.146807594134982011e+00
5.623413251903260498e+11 7.491487248225130458e-01 2.888177506602030986e-01 -2.160653874420851661e+00 1.110275591023021369e-01 4.185604086206870477e-15 2.353738148559615315e-03 5.419682373684775283e-03 1.555635387271829062e-03 1.928776849986128569e+09 8.329043523001387024e+10 8.630396104068845275e+00
6.309573444801684570e+11 7.371275234463349202e-01 3.049943713044864779e-01 -2.153156423124531038e+00 1.054067956533798894e-01 3.184623334856668566e-15 2.009361482530741799e-03 4.626725796111701670e-03 1.304475183026918093e-03 1.779602400234102249e+09 8.343960967976589966e+10 9.152113405522293021e+00
7.079457843841113281e+11 7.251941590231175683e-01 3.213158544318396315e-01 -2.145617597101035834e+00 9.979644402198858955e-02 2.416315421467908647e-15 1.710620316370523248e-03 3.938848840247525206e-03 1.090335817117938418e-03 1.636908448890802383e+09 8.358230363110919189e+10 9.715829996334308660e+00
7.943282347242496338e+11 7.133491614163487426e-01 3.377842709790960796e-01 -2.137927307122040155e+00 9.421188092457807861e-02 1.828251031565991340e-15 1.452231414536602318e-03 3.343886406689637169e-03 9.082674359445100203e-04 1.500792578432711124e+09 8.371841950156729126e+10 1.032591990627306444e+01
8.912509381337076416e+11 7.015934012462362590e-01 3.544012432616716057e-01 -2.130076097392648471e+00 8.866921321634170516e-02 1.379241712098796182e-15 1.229250469821193108e-03 2.830453807366206578e-03 7.539089305931145771e-04 1.371322878490125418e+09 8.384788920150987244e+10 1.098736884637895983e+01
9.999999999999591064e+11 6.899274845687733970e-01 3.711687817415450508e-01 -2.122143729161189096e+00 8.318488681374928972e-02 1.037179943325207705e-15 1.037179943325165212e-03 2.388195076252934597e-03 6.234427085026366441e-04 1.248551886304823637e+09 8.397066019369517517e+10 1.170580135626330964e+01
1.122018454301919434e+12 6.783518190316389918e-01 3.880892185011768358e-01 -2.114167429106951879e+00 7.777559597180876139e-02 7.772867354363626015e-16 8.721300614436925140e-04 2.008153678632227605e-03 5.135339896305080119e-04 1.132517372236011982e+09 8.408669470776399231e+10 1.248754123707002606e+01
1.258925411794114746e+12 6.668668152425893947e-01 4.051649303021461757e-01 -2.106070294898441553e+00 7.245824081235084646e-02 5.804668450665402394e-16 7.307644619582247779e-04 1.682647356594822903e-03 4.212639637498321720e-04 1.023229547165885925e+09 8.419598253283410645e+10 1.333977681040317975e+01
1.412537544622691895e+12 6.554733008459179278e-01 4.223977075828648231e-01 -2.097778818425379832e+00 6.724996054151141656e-02 4.319080681259637948e-16 6.100863620533792742e-04 1.404775762703079547e-03 3.440783857673849360e-04 9.206638965933990479e+08 8.429854818340660095e+10 1.427077424688944696e+01
1.584893192461046143e+12 6.441719976070765519e-01 4.397895115068824468e-01 -2.089389579554077336e+00 6.216771225957219010e-02 3.200985933944406405e-16 5.073220815872053540e-04 1.168152262409408214e-03 2.797551851395730185e-04 8.247715197172815800e+08 8.439444056028271484e+10 1.528999294731816150e+01
1.778279410038850098e+12 6.329633564254634193e-01 4.573427472569225327e-01 -2.080937708464377423e+00 5.722801127615998601e-02 2.362326195614280135e-16 4.200876033456283189e-04 9.672874532152394775e-04 2.263691922489570701e-04 7.354839214649765491e+08 8.448372815853501892e+10 1.640819818371071293e+01
1.995262314968793213e+12 6.218477287482229166e-01 4.750600253000518691e-01 -2.072402498683441507e+00 5.244681462780208941e-02 1.735661181755071025e-16 3.463099347510094459e-04 7.974080933134150388e-04 1.822518035857408915e-04 6.527052794679530859e+08 8.456650680053204346e+10 1.763773128422698022e+01
2.238721138568236816e+12 6.108258284260030813e-01 4.929434203070684473e-01 -2.063660272901824744e+00 4.783950659099778235e-02 1.269423126025635540e-16 2.841884386020960998e-04 6.543680623264401313e-04 1.459573996947446668e-04 5.763056311736155748e+08 8.464290644882638550e+10 1.899290054693125995e+01
2.511886431509469238e+12 5.998984731795458103e-01 5.109948494512729367e-01 -2.054781232514899525e+00 4.342055335063931681e-02 9.238765713210023255e-17 2.320673023890716267e-04 5.343547110524179142e-04 1.162393303602733403e-04 5.061259821276191473e+08 8.471308609787237549e+10 2.049033066211734777e+01
2.818382931264333984e+12 5.890661549230972183e-01 5.292167842809707423e-01 -2.045823342253474841e+00 3.920310600638772514e-02 6.688604691324058463e-17 1.885104929600227601e-04 4.340614509627074608e-04 9.202892630989530488e-05 4.419862388071479797e+08 8.477722584119285583e+10 2.214922568237841460e+01
3.162277660168236816e+12 5.783292185689103970e-01 5.476119901610353446e-01 -2.036813197005148623e+00 3.519886943462083306e-02 4.815323867157928156e-17 1.522739109158843861e-04 3.506236373268187007e-04 7.241179910265723623e-05 3.836832218081818819e+08 8.483552885819181824e+10 2.399183986576756311e+01
3.548133892335586426e+12 5.676882254334015832e-01 5.661829098459836285e-01 -2.027604615284055001e+00 3.141802953132340204e-02 3.446736605681965735e-17 1.222948296857390084e-04 2.815942517846283855e-04 5.660635187487111870e-05 3.309856367059458494e+08 8.488822644329405212e+10 2.604423534324419975e+01
3.981071705534790039e+12 5.571440345495564106e-01 5.849314826278699808e-01 -2.018209338461781410e+00 2.786906240554548608e-02 2.452039822435137771e-17 9.761746357941077730e-05 2.247725164538404499e-04 4.394718266890944931e-05 2.836363963539420962e+08 8.493557568364605713e+10 2.833715987159414240e+01
4.466835921509433594e+12 5.466972029116987652e-01 6.038601894072427312e-01 -2.008720913128554830e+00 2.455834206990289634e-02 1.732930926305227185e-17 7.740718111114806431e-05 1.782366213172198064e-04 3.387195422463298627e-05 2.413616651523305774e+08 8.497785041484767151e+10 3.090674356156562297e+01
5.011872336272489258e+12 5.363480959917612534e-01 6.229718958811213403e-01 -1.999188199087267970e+00 2.149005064976425641e-02 1.216119131866122954e-17 6.095033834611537080e-05 1.403433404887086198e-04 2.590745517948481356e-05 2.038732489422391951e+08 8.501533883105775452e+10 3.379546410151160529e+01
5.623413251903214844e+12 5.260971226535701151e-01 6.422694394609207436e-01 -1.989491417212964297e+00 1.866614544716832524e-02 8.471901860307565800e-18 4.764100519007706693e-05 1.096974683659234276e-04 1.965643495811903813e-05 1.708668213651244044e+08 8.504834525863487244e+10 3.705371431587700926e+01
6.309573444801632812e+12 5.159451047249647981e-01 6.617549053519152791e-01 -1.979558570845339371e+00 1.608637061578537669e-02 5.856422718068410434e-18 3.695152926345744113e-05 8.508404044537036070e-05 1.478689723783671510e-05 1.420238663781319261e+08 8.507718821362187195e+10 4.074187216409057299e+01
7.079457843841054688e+12 5.058926901996668724e-01 6.814307068899071451e-01 -1.969516194940995835e+00 1.374805546781741883e-02 4.014844328599943530e-18 2.842292117390764393e-05 6.544619459438457494e-05 1.102364136184285730e-05 1.170196769320995212e+08 8.510219240306790161e+10 4.493226464086930605e+01
7.943282347242431641e+12 4.959402673774110371e-01 7.012997881838992642e-01 -1.959411712572997288e+00 1.164614101405293291e-02 2.728018063888455849e-18 2.166941772984364804e-05 4.989567823859886490e-05 8.140094541018283837e-06 9.552820103642174602e+07 8.512368387896357727e+10 4.971149800561316567e+01
8.912509381337003906e+12 4.860881396562682366e-01 7.213653142074691882e-01 -1.949194155697850928e+00 9.773319790384074959e-03 1.836330523371602591e-18 1.636631301678489811e-05 3.768482837972331716e-05 5.950581875560239281e-06 7.722315487080407143e+07 8.514198892512919617e+10 5.518404378655345255e+01
9.999999999999509766e+12 4.763370116625340045e-01 7.416296675755261747e-01 -1.938713675582305562e+00 8.120259084144655984e-03 1.224020575120750729e-18 1.224020575120690763e-05 2.818411529790901371e-05 4.303858283619437701e-06 6.178046638461824507e+07 8.515743161361538696e+10 6.147719055738421190e+01
1.122018454301910156e+13 4.666876219209361021e-01 7.620951489387646216e-01 -1.928082679461801785e+00 6.675702560906695594e-03 8.073178052029380198e-19 9.058254759242110872e-06 2.085740237717325469e-05 3.077820341742385819e-06 4.888383996614415944e+07 8.517032824003385925e+10 6.874676156434527741e+01
1.258925411794104297e+13 4.571403741469691751e-01 7.827647708178882002e-01 -1.917368336701742004e+00 5.426670350256072167e-03 5.265024898331954005e-19 6.628273638238767585e-06 1.526216407169399608e-05 2.174831180520708362e-06 3.822976082494033873e+07 8.518098231917506409e+10 7.718356184294452760e+01
1.412537544622680273e+13 4.476955226863627568e-01 8.036419144857767094e-01 -1.906591035569184855e+00 4.358803033731526756e-03 3.392627192999015782e-19 4.792213285018966187e-06 1.103447887253269859e-05 1.517415106915043578e-06 2.952962535453419015e+07 8.518968245464546204e+10 8.702256209288020727e+01
1.584893192461033008e+13 4.383535964377552330e-01 8.247293964921944553e-01 -1.895553040075119045e+00 3.456741104235677101e-03 2.158728285625512953e-19 3.421353764260951756e-06 7.877958175446332371e-06 1.044604180715569879e-06 2.251154086064526811e+07 8.519670053913935852e+10 9.855592690752521889e+01
1.778279410038835547e+13 4.291153736693546494e-01 8.460294599188002973e-01 -1.884299753622015627e+00 2.704457616996377121e-03 1.355233014482363634e-19 2.409982965458850182e-06 5.549190850635133052e-06 7.089254550635346838e-07 1.692310733194079623e+07 8.520228897266806030e+10 1.121501373463550806e+02
1.995262314968776953e+13 4.199812902487276567e-01 8.675451157238103228e-01 -1.872946808604439184e+00 2.085577127459987360e-03 8.386040055882511299e-20 1.673234969532103167e-06 3.852765897920967113e-06 4.738765363496331114e-07 1.253428472279609181e+07 8.520667779527720642e+10 1.282660138186108441e+02
2.238721138568218750e+13 4.109515878210246442e-01 8.892798626135506312e-01 -1.861558836631590275e+00 1.583776521760164868e-03 5.109645319908683900e-20 1.143907098826574017e-06 2.633943433528136265e-06 3.117088030634062152e-07 9.138298861058371142e+06 8.521007378113894653e+10 1.474858348357587374e+02
2.511886431509448438e+13 4.020266002142646178e-01 9.112370228650077397e-01 -1.849948359728847525e+00 1.183158131231914784e-03 3.062995780819878679e-20 7.693897541612141831e-07 1.771585378633965422e-06 2.015705827593541495e-07 6.551627331737487577e+06 8.521266045266825867e+10 1.705523140184754425e+02
2.818382931264310938e+13 3.932070684036770847e-01 9.334189142591131638e-01 -1.838051122357082345e+00 8.685731697366856239e-04 1.804594771505923120e-20 5.086039101861113336e-07 1.171103781833022548e-06 1.280033537476797361e-07 4.613967285660380498e+06 8.521459811271434021e+10 1.984233985371692199e+02
3.162277660168211328e+13 3.844934883024594963e-01 9.558284256740992024e-01 -1.826037387333925288e+00 6.258650407191319225e-04 1.043569130317047848e-20 3.300055347642769027e-07 7.598658249537523552e-07 7.972911357801056999e-08 3.188085877551933751e+06 8.521602399412245178e+10 2.323419810969099615e+02
3.548133892335557031e+13 3.758860970218800279e-01 9.784691149382962472e-01 -1.813979761978739891e+00 4.420992340561276119e-04 5.915590821000641705e-21 2.098930828518149960e-07 4.832966836971534629e-07 4.865005086173804630e-08 2.158658860937991180e+06 8.521705342113906860e+10 2.739295603393815099e+02
3.981071705534757812e+13 3.673850652654217508e-01 1.001344756822051929e+00 -1.801770937089204105e+00 3.057278314597161226e-04 3.282925966968264386e-21 1.306956367846269190e-07 3.009378249796462135e-07 2.904418814481813843e-08 1.430444760030272184e+06 8.521778163523997498e+10 3.253221143298562765e+02
4.466835921509397656e+13 3.589910069670971260e-01 1.024457941038547704e+00 -1.789223965040033004e+00 2.066815358143363223e-04 1.781360263995413032e-21 7.957044016364174784e-08 1.832177093637761892e-07 1.694029978623262866e-08 9.263301335816681385e+05 8.521828574986642456e+10 3.893674439022843217e+02
5.011872336272448438e+13 3.507044910349947919e-01 1.047811316001276527e+00 -1.776520700025950861e+00 1.363791086895363241e-04 9.434757407727668761e-22 4.728579965123186106e-08 1.088795773872295362e-07 9.637867617457516953e-09 5.853066366979507729e+05 8.521862677336329651e+10 4.699009767625447580e+02
5.623413251903168750e+13 3.425257374064278881e-01 1.071408478390956542e+00 -1.763746827428858577e+00 8.768850761168989617e-05 4.868961741356555912e-22 2.738018397935398559e-08 6.304520347429488279e-08 5.339748095919424676e-09 3.602516930533585837e+05 8.521885182830694580e+10 5.721278341644433567e+02
6.309573444801581250e+13 3.344548109510684375e-01 1.095253502856599281e+00 -1.750904028663016865e+00 5.483962105094472209e-05 2.443861090183355557e-22 1.541972103740474219e-08 3.550521979885484442e-08 2.875987514090692249e-09 2.156136868831143656e+05 8.521899646631311035e+10 7.031872720543271953e+02
7.079457843840996875e+13 3.264921183250075187e-01 1.119349470449802597e+00 -1.737713851655964037e+00 3.329339753696109437e-05 1.190973771087571330e-22 8.431448605534798080e-09 1.941412787144986156e-08 1.503003822333080431e-09 1.252476139242233185e+05 8.521908683238607788e+10 8.729981130195866399e+02
7.943282347242367188e+13 3.186382623527727609e-01 1.143698793447830653e+00 -1.724282501759127006e+00 1.958074377625740990e-05 5.623024310213135851e-23 4.466526974143068750e-09 1.028455842811763320e-08 7.605366648438963089e-10 7.046395111119421199e+04 8.521914161604888916e+10 1.095535902601764519e+03
8.912509381336929688e+13 3.108934548495224104e-01 1.168305014408177467e+00 -1.710761900874457009e+00 1.113067051314197975e-05 2.565905882125793376e-23 2.286866024607374543e-09 5.265703617935495454e-09 3.717801136925697780e-10 3.830800503483449575e+04 8.521917377199496460e+10 1.390714388808215290e+03
9.999999999999428125e+13 3.032576991496620522e-01 1.193172342693253229e+00 -1.697239123690341023e+00 6.100456420971419065e-06 1.128790383267051278e-23 1.128790383266986664e-09 2.599135909625599402e-09 1.751591255035432492e-10 2.007750703722346952e+04 8.521919200249296570e+10 1.787265520918685979e+03
1.122018454301901094e+14 2.957311549231589343e-01 1.218304497771205197e+00 -1.683410212991329091e+00 3.215128752964565588e-06 4.775678863449097728e-24 5.358399816609416498e-10 1.233817154002687183e-09 7.933529891283649045e-11 1.011875322309672265e+04 8.521920196124678040e+10 2.327257896395984517e+03
1.258925411794094062e+14 2.883143824210248618e-01 1.243703788585824643e+00 -1.669235342046607284e+00 1.624795677107971904e-06 1.937698832138791655e-24 2.439418300183263638e-10 5.616968213578857697e-10 3.444744952882235792e-11 4.890003177705056260e+03 8.521920718999682617e+10 3.073366189038772063e+03
1.412537544622668750e+14 2.810076146541302666e-01 1.269373511602271742e+00 -1.654953806705779851e+00 7.849136303472043020e-07 7.515282919624772249e-25 1.061561928243145713e-10 2.444336671262682222e-10 1.429418731671859665e-11 2.258987842412408099e+03 8.521920982101216125e+10 4.120470827013621602e+03
1.584893192461020000e+14 2.738108133328526206e-01 1.295317873361792049e+00 -1.640686732752005605e+00 3.612469122232719595e-07 2.776578544910498102e-25 4.400580434161973128e-11 1.013271090822262562e-10 5.650167911506271693e-12 9.943268989578405126e+02 8.521921108567309570e+10 5.614523214739135256e+03
1.778279410038820938e+14 2.667239022631703871e-01 1.321541229525902139e+00 -1.626216701292570344e+00 1.578183491736576488e-07 9.737825607725963220e-26 1.731657477676784887e-11 3.987288694270234890e-11 2.120168010883071834e-12 4.155824507948706241e+02 8.521921166441755676e+10 7.784126901953621200e+03
1.995262314968760312e+14 2.597472966047972287e-01 1.348046056738203102e+00 -1.611303941987402899e+00 6.519100508459414278e-08 3.229841003149821524e-26 6.444380036925735992e-12 1.483873340661361885e-11 7.523775021501783954e-13 1.643017022021279558e+02 8.521921191569830322e+10 1.099481854885996290e+04
2.238721138568200312e+14 2.528812747848200315e-01 1.374835170021283304e+00 -1.596250815653814881e+00 2.535448891930022002e-08 1.008627121015291298e-26 2.258034856750118728e-12 5.199317400613769445e-12 2.514262319694957882e-13 6.118423385471918863e+01 8.521921201881576538e+10 1.584393812622942642e+04
2.511886431509428125e+14 2.461257412184146010e-01 1.401912730474656588e+00 -1.581181112892473095e+00 9.241504199097524528e-09 2.951589049187497674e-27 7.414056484045889053e-13 1.707149593877991275e-12 7.876455710720247699e-14 2.136426467397318163e+01 8.521921205863574219e+10 2.332865613028363441e+04
2.818382931264288125e+14 2.394804322574493050e-01 1.429283567943111732e+00 -1.566048468212745348e+00 3.140866262561772172e-09 8.053231450893182347e-28 2.269709006271808266e-13 5.226198123275795342e-13 2.302032195206343901e-14 6.961493023914359313e+00 8.521921207303851318e+10 3.515303842987543612e+04
3.162277660168185625e+14 2.329455146949245548e-01 1.456950695272912988e+00 -1.550435545895939793e+00 9.899534522371986222e-10 2.038161385865752915e-28 6.445232218340699644e-14 1.484069562683624156e-13 6.244652737164960631e-15 2.105876121350392705e+00 8.521921207789411926e+10 5.430384351992282609e+04
3.548133892335528125e+14 2.265212854266491216e-01 1.484916363080864610e+00 -1.534568350628639832e+00 2.876670263175484616e-10 4.756000755744425525e-29 1.687492747343018132e-14 3.885595644567601224e-14 1.563079919314020327e-15 5.879507753378603319e-01 8.521921207941204834e+10 8.616672870646706724e+04
3.981071705534725000e+14 2.202075879174835438e-01 1.513184596079798494e+00 -1.518661426522896818e+00 7.657216858376684388e-11 1.016509736367994566e-29 4.046798149855186185e-15 9.318097094212436989e-15 3.587285808168140166e-16 1.505454036498355130e-01 8.521921207984945679e+10 1.407379887027860386e+05
4.466835921509360625e+14 2.140040326754100164e-01 1.541760419860219722e+00 -1.502831321351033811e+00 1.853884167289658548e-11 1.975784583769033238e-30 8.825505551943937785e-16 2.032147752204230120e-15 7.497245965639858128e-17 3.511219547844892513e-02 8.521921207996488953e+10 2.371552520181650470e+05
5.011872336272406875e+14 2.079104721543351686e-01 1.570647714274028495e+00 -1.486558252633941812e+00 4.051348638862989399e-12 3.466982038125280270e-31 1.737607136723341856e-16 4.000988290499233848e-16 1.416629512504500989e-17 7.405908402322413341e-03 8.521921207999259949e+10 4.132833459908145596e+05
5.623413251903122500e+14 2.019271539489620182e-01 1.599848270636449188e+00 -1.469866629655211199e+00 7.925930350043133889e-13 5.447105695469427127e-32 3.063132635241975226e-17 7.053123543771740383e-17 2.400543512854039711e-18 1.401232059512806660e-03 8.521921207999859619e+10 7.468444176341388375e+05
6.309573444801530000e+14 1.960539015705275445e-01 1.629365649546496320e+00 -1.453118979493738028e+00 1.375627424287886596e-13 7.591786746799868012e-33 4.790093605620464622e-18 1.102959813034778263e-17 3.615226736524184469e-19 2.356862007537262034e-04 8.521921207999977112e+10 1.403744776706711622e+06
7.079457843840938750e+14 1.902902411115035275e-01 1.659204787595065955e+00 -1.436524089988151065e+00 2.097113753448231069e-14 9.291791298420146172e-34 6.578084479093348225e-19 1.514659926201584683e-18 4.791622223868557372e-20 3.489862434029128245e-05 8.521921207999996948e+10 2.753208762906538323e+06
7.943282347242301250e+14 1.846357114543281386e-01 1.689370522457661394e+00 -1.419639123659870883e+00 2.777699624303203720e-15 9.881612374852730838e-35 7.849243713945876696e-20 1.807355156700899675e-19 5.531336191893889073e-21 4.502113524188144643e-06 8.521921208000000000e+10 5.654444966200028546e+06
8.912509381336857500e+14 1.790904108038648967e-01 1.719864512365788967e+00 -1.402153911322771451e+00 3.159522459916096226e-16 9.026983631426275640e-36 8.045307630026093709e-21 1.852500541744934074e-20 5.498231647054277139e-22 5.002697349024282736e-07 8.521921208000000000e+10 1.220653279452185892e+07
9.999999999999345000e+14 1.736541814721526966e-01 1.750689420196264834e+00 -1.384585400650694798e+00 3.046952374354736882e-17 6.990945775871304306e-37 6.990945775870846328e-22 1.609724752944990442e-21 4.645491044557158203e-23 4.726590464797463643e-08 8.521921208000000000e+10 2.781780067626245692e+07
1.122018454301891875e+15 1.683264548870013477e-01 1.781850001267181405e+00 -1.367146843007085222e+00 2.456187505562597604e-18 4.524753369941646989e-38 5.076856782239202826e-23 1.168989474604970830e-22 3.289317935434577352e-24 3.743716415874074130e-09 8.521921208000000000e+10 6.724056937988117337e+07
1.258925411794083750e+15 1.631064897644820266e-01 1.813351980051850276e+00 -1.349659008130709825e+00 1.629398712792866725e-19 2.409835068122062635e-39 3.033802605491391714e-24 6.985588654490975645e-24 1.922045325598891056e-25 2.447886305584860216e-10 8.521921208000000000e+10 1.732788106339938641e+08
1.412537544622657250e+15 1.579940866431474300e-01 1.845197672964745461e+00 -1.331453939423273836e+00 8.747072438420684934e-21 1.038932153237711608e-40 1.467530672763927366e-25 3.379114250617742290e-25 9.117030571071158005e-27 1.299743935509122440e-11 8.521921208000000000e+10 4.786839465795570612e+08
1.584893192461007250e+15 1.529890915641153037e-01 1.877388657098017832e+00 -1.313013510781518622e+00 3.730850693757156063e-22 3.558817665775142589e-42 5.640345891696995387e-27 1.298737636955171123e-26 3.445605352880456334e-28 5.500348787729498182e-13 8.521921208000000000e+10 1.426411469251248360e+09
1.778279410038806500e+15 1.480908237047603715e-01 1.909929519757901817e+00 -1.294658655596879981e+00 1.238818926447174319e-23 9.488671623070589473e-44 1.687350937592593292e-28 3.885269115550232130e-28 1.016295326037868886e-29 1.817203369555893369e-14 8.521921208000000000e+10 4.616647233526071548e+09
1.995262314968744250e+15 1.432983399888581311e-01 1.942826528382183060e+00 -1.276531140176443424e+00 3.130785862109286112e-25 1.925054675728564093e-45 3.840989048735579828e-30 8.844204125971927448e-30 2.286753683538531003e-31 4.581358389912793649e-16 8.521921208000000000e+10 1.635285317990469170e+10
2.238721138568182000e+15 1.386110724922585691e-01 1.976083307305685821e+00 -1.257698235884421090e+00 5.876115999489759332e-27 2.901349188776581863e-47 6.495311759281780937e-32 1.495600803127116011e-31 3.831263196738076475e-33 8.602576198159016850e-18 8.521921208000000000e+10 6.390762390833177185e+10
2.511886431509407500e+15 1.340288380033586024e-01 2.009700293205068267e+00 -1.238348556894109054e+00 7.976128014347275620e-29 3.162993967832434785e-49 7.945081630744396014e-34 1.829422652557287013e-33 4.652562260637042488e-35 1.171108176471276836e-19 8.521921208000000000e+10 2.780370053048598022e+11
2.818382931264265000e+15 1.295509084959705903e-01 2.043681359293314959e+00 -1.219064463592562486e+00 7.601564277616732931e-31 2.420680301526477690e-51 6.822404043869858544e-36 1.570916584979703412e-35 3.973271461935208992e-37 1.121408063376547009e-21 8.521921208000000000e+10 1.360245362759269043e+12
3.162277660168159500e+15 1.251762210234563799e-01 2.078032766282396526e+00 -1.200212542507897995e+00 4.921702524428875663e-33 1.258122258095100110e-53 3.978531910534454375e-38 9.160908269197755445e-38 2.307772881297301964e-39 7.304607098232118977e-24 8.521921208000000000e+10 7.567207532928707031e+12
3.548133892335499000e+15 1.209037986874739595e-01 2.112760101776628652e+00 -1.180853150146676800e+00 2.087793144042541876e-35 4.284907883244068514e-56 1.520342688607384148e-40 3.500718411029851223e-40 8.794017970298059924e-42 3.122066249444944320e-26 8.521921208000000000e+10 4.844744560124503906e+13
3.981071705534692500e+15 1.167332945986343379e-01 2.147863479620643279e+00 -1.160592159376024002e+00 5.580295014945143345e-38 9.198594131869958340e-59 3.662026282908495011e-43 8.432127129177497494e-43 2.114162490052436193e-44 8.419613337624749418e-29 8.521921208000000000e+10 3.616489531190518125e+14
4.466835921509324000e+15 1.126639611631679166e-01 2.183345685800216263e+00 -1.140354580692280129e+00 8.998001040398898503e-41 1.191139009293434564e-61 5.320622514222942101e-46 1.225118608669824793e-45 3.067911236396578374e-47 1.370664524149385232e-31 8.521921208000000000e+10 3.194373811005422000e+15
5.011872336272366000e+15 1.086946184057514392e-01 2.219212994767308267e+00 -1.120562392132197216e+00 8.337277425306023449e-44 8.860096050747570353e-65 4.440567029345778828e-49 1.022478344621244357e-48 2.558518860476742250e-50 1.282439087955381367e-34 8.521921208000000000e+10 3.393676640315077200e+16
5.623413251903077000e+15 1.048239480098725473e-01 2.255473021655395982e+00 -1.100692777246160992e+00 4.205140133545845404e-47 3.587252581932703336e-68 2.017260370716389159e-52 4.644913658299200639e-52 1.161770509067172013e-53 6.533487686917693089e-38 8.521921208000000000e+10 4.415296611716780800e+17
6.309573444801478000e+15 1.010513711642965634e-01 2.292126266057852302e+00 -1.079628647861075930e+00 1.089103158255548552e-50 7.461746664705717449e-72 4.708043860746319148e-56 1.084067161091660976e-55 2.710777021039374829e-57 1.710431568388250030e-41 8.521921208000000000e+10 7.171919421427231744e+18
7.079457843840881000e+15 9.737626571464372272e-02 2.329172776522493660e+00 -1.058434841628525191e+00 1.358175460795157664e-54 7.472985050991927340e-76 5.290468263615044787e-60 1.218175335875809726e-59 3.045744762650302999e-61 2.156248635211009773e-45 8.521921208000000000e+10 1.486285239026019205e+20
7.943282347242237000e+15 9.379741806930579073e-02 2.366617949262387111e+00 -1.037633830875996255e+00 7.585082040883805698e-59 3.350630941702963185e-80 2.661500761135278067e-64 6.128331977582398587e-64 1.532146613521885746e-65 1.217033481049550425e-49 8.521921208000000000e+10 4.026242153553124131e+21
8.912509381336785000e+15 9.031332165062939954e-02 2.404470302855130637e+00 -1.017336633709896798e+00 1.748893454202425936e-63 6.200098634783838040e-85 5.525843724772434576e-69 1.272372538687570094e-68 3.180981282550397708e-70 2.835057982749952228e-54 8.521921208000000000e+10 1.464916808419414272e+23
