# [1] m:            [M_sun/h] 
# [2] sigma 
# [3] ln(1/sigma) 
# [4] n_eff 
# [5] f(sigma) 
# [6] dn/dm:        [h^4/(Mpc^3*M_sun)] 
# [7] dn/dlnm:      [h^3/Mpc^3] 
# [8] dn/dlog10m:   [h^3/Mpc^3] 
# [9] n(>m):        [h^3/Mpc^3] 
# [11] rho(>m):     [M_sun*h^2/Mpc^3] 
# [11] rho(<m):     [M_sun*h^2/Mpc^3] 
# [12] Lbox(N=1):   [Mpc/h]
1.000000000000000000e+07 5.947406593592647006e+00 -1.782955257916986280e+00 -2.516550227174258580e+00 nan nan nan nan nan nan nan nan
1.122018454301963001e+07 5.892424070917553713e+00 -1.773667470028972071e+00 -2.515342399793555561e+00 nan nan nan nan nan nan nan nan
1.258925411794166267e+07 5.837814239105274083e+00 -1.764356452656284713e+00 -2.514138023199294913e+00 nan nan nan nan nan nan nan nan
1.412537544622752629e+07 5.783572588238899748e+00 -1.755021586593360494e+00 -2.512906992283254759e+00 nan nan nan nan nan nan nan nan
1.584893192461110838e+07 5.729696242432213538e+00 -1.745662517529538604e+00 -2.511612097271144872e+00 nan nan nan nan nan nan nan nan
1.778279410038919002e+07 5.676182074099350494e+00 -1.736278836672556114e+00 -2.510295397754528146e+00 nan nan nan nan nan nan nan nan
1.995262314968874678e+07 5.623025875740180091e+00 -1.726869931067248176e+00 -2.508972549403060803e+00 nan nan nan nan nan nan nan nan
2.238721138568333164e+07 5.570223060976448259e+00 -1.717435099991279301e+00 -2.507638659562521521e+00 nan nan nan nan nan nan nan nan
2.511886431509571895e+07 5.517770351960382236e+00 -1.707973856944334123e+00 -2.506239823006903400e+00 nan nan nan nan nan nan nan nan
2.818382931264443323e+07 5.465665027532444320e+00 -1.698485802703091574e+00 -2.504801537836156555e+00 nan nan nan nan nan nan nan nan
3.162277660168366507e+07 5.413903162269356528e+00 -1.688970304491573815e+00 -2.503349711651649212e+00 nan nan nan nan nan nan nan nan
3.548133892335738987e+07 5.362480304951407817e+00 -1.679426611511056544e+00 -2.501896268605507956e+00 nan nan nan nan nan nan nan nan
3.981071705534952879e+07 5.311392704022162015e+00 -1.669854080341464986e+00 -2.500384892548342730e+00 nan nan nan nan nan nan nan nan
4.466835921509607136e+07 5.260637817218755785e+00 -1.660252277424837608e+00 -2.498815086066697777e+00 nan nan nan nan nan nan nan nan
5.011872336272694170e+07 5.210212098129103353e+00 -1.650620564750300945e+00 -2.497224789290392710e+00 nan nan nan nan nan nan nan nan
5.623413251903456450e+07 5.160111324277846023e+00 -1.640958153733196534e+00 -2.495630999701516473e+00 nan nan nan nan nan nan nan nan
6.309573444801890850e+07 5.110331366867467473e+00 -1.631264248858254939e+00 -2.493993974527421997e+00 nan nan nan nan nan nan nan nan
7.079457843841329217e+07 5.060869590044306143e+00 -1.621538324273849696e+00 -2.492282848832468201e+00 nan nan nan nan nan nan nan nan
7.943282347242756188e+07 5.011722902963761328e+00 -1.611779748786333011e+00 -2.490542715304446819e+00 nan nan nan nan nan nan nan nan
8.912509381337386370e+07 4.962887307531373082e+00 -1.601987689825518535e+00 -2.488788457390606279e+00 nan nan nan nan nan nan nan nan
9.999999999999918044e+07 4.914358524293615638e+00 -1.592161231204263672e+00 -2.487007148044447113e+00 nan nan nan nan nan nan nan nan
1.122018454301956147e+08 4.866133598449922992e+00 -1.582299699481748201e+00 -2.485146141448008272e+00 nan nan nan nan nan nan nan nan
1.258925411794155836e+08 4.818209857767163484e+00 -1.572402460273399027e+00 -2.483238619650345758e+00 nan nan nan nan nan nan nan nan
1.412537544622738063e+08 4.770583540495924701e+00 -1.562468632951605541e+00 -2.481307318002476947e+00 nan nan nan nan nan nan nan nan
1.584893192461097836e+08 4.723250442173903885e+00 -1.552497215587737234e+00 -2.479360342419893559e+00 nan nan nan nan nan nan nan nan
1.778279410038908124e+08 4.676207187497253059e+00 -1.542487351331653489e+00 -2.477336878204255299e+00 nan nan nan nan nan nan nan nan
1.995262314968858361e+08 4.629451348137989086e+00 -1.532438361754294709e+00 -2.475245501263973580e+00 nan nan nan nan nan nan nan nan
2.238721138568310440e+08 4.582979490160959735e+00 -1.522349330317531724e+00 -2.473121908664224655e+00 nan nan nan nan nan nan nan nan
2.511886431509551406e+08 4.536787614662824986e+00 -1.512219187741909554e+00 -2.470983215579895642e+00 nan nan nan nan nan nan nan nan
2.818382931264426112e+08 4.490871972219418140e+00 -1.502046886066077169e+00 -2.468780066576241161e+00 nan nan nan nan nan nan nan nan
3.162277660168340802e+08 4.445230149389147734e+00 -1.491831644765893694e+00 -2.466489122950556556e+00 nan nan nan nan nan nan nan nan
3.548133892335702181e+08 4.399859135703990454e+00 -1.481572525799007334e+00 -2.464156857633553521e+00 nan nan nan nan nan nan nan nan
3.981071705534920692e+08 4.354755171411768266e+00 -1.471268390908288426e+00 -2.461799081137826750e+00 nan nan nan nan nan nan nan nan
4.466835921509580016e+08 4.309914327452444738e+00 -1.460918026296851302e+00 -2.459392892679898246e+00 nan nan nan nan nan nan nan nan
5.011872336272653341e+08 4.265333990699595290e+00 -1.450520487537529712e+00 -2.456887986117341605e+00 nan nan nan nan nan nan nan nan
5.623413251903399229e+08 4.221011605358835794e+00 -1.440074816230089594e+00 -2.454325158166575704e+00 nan nan nan nan nan nan nan nan
6.309573444801839590e+08 4.176943662371574995e+00 -1.429579797842460476e+00 -2.451724537077194288e+00 nan nan nan nan nan nan nan nan
7.079457843841286898e+08 4.133126296951282086e+00 -1.419034093241092753e+00 -2.449088544926806499e+00 nan nan nan nan nan nan nan nan
7.943282347242691517e+08 4.089556588439397622e+00 -1.408436550593033632e+00 -2.446353218449344613e+00 nan nan nan nan nan nan nan nan
8.912509381337294579e+08 4.046232334330760239e+00 -1.397786160312613379e+00 -2.443536538233947120e+00 nan nan nan nan nan nan nan nan
9.999999999999836683e+08 4.003150374334447648e+00 -1.387081644714428963e+00 -2.440672090010719053e+00 nan nan nan nan nan nan nan nan
1.122018454301946878e+09 3.960307090735324831e+00 -1.376321570425171670e+00 -2.437776290488367081e+00 nan nan nan nan nan nan nan nan
1.258925411794145584e+09 3.917699283467273474e+00 -1.365504564016045030e+00 -2.434790255507943701e+00 nan nan nan nan nan nan nan nan
1.412537544622726679e+09 3.875324941492416908e+00 -1.354629515158614295e+00 -2.431699739634265445e+00 nan nan nan nan nan nan nan nan
1.584893192461085081e+09 3.833181386163901028e+00 -1.343695107523447119e+00 -2.428551684105720199e+00 nan nan nan nan nan nan nan nan
1.778279410038893700e+09 3.791265345919653029e+00 -1.332699827732779063e+00 -2.425364292075170791e+00 nan nan nan nan nan nan nan nan
1.995262314968842030e+09 3.749573527740849066e+00 -1.321642107579261260e+00 -2.422103082342701441e+00 nan nan nan nan nan nan nan nan
2.238721138568292141e+09 3.708103946925383365e+00 -1.310520680462085252e+00 -2.418721628947059887e+00 nan nan nan nan nan nan nan nan
2.511886431509531021e+09 3.666854518584342415e+00 -1.299334215159113626e+00 -2.415268783975238698e+00 nan nan nan nan nan nan nan nan
2.818382931264402866e+09 3.625822374716286767e+00 -1.288081124568047686e+00 -2.411763404868371818e+00 nan nan nan nan nan nan nan nan
3.162277660168314457e+09 3.585004410231676264e+00 -1.276759704240973736e+00 -2.408200845559352654e+00 nan nan nan nan nan nan nan nan
3.548133892335673332e+09 3.544398589210785655e+00 -1.265368495157635165e+00 -2.404515159027930782e+00 nan nan nan nan nan nan nan nan
3.981071705534887791e+09 3.504003425934583582e+00 -1.253906150794724006e+00 -2.400735314111417829e+00 nan nan nan nan nan nan nan nan
4.466835921509543419e+09 3.463816586711796486e+00 -1.242371040889537648e+00 -2.396893609163798011e+00 nan nan nan nan nan nan nan nan
5.011872336272612572e+09 3.423835413107995329e+00 -1.230761388522526589e+00 -2.393005622236410446e+00 nan nan nan nan nan nan nan nan
5.623413251903352737e+09 3.384057866254513325e+00 -1.219075541554781594e+00 -2.389003256490064953e+00 nan nan nan nan nan nan nan nan
6.309573444801788330e+09 3.344482989040203247e+00 -1.207312119314385868e+00 -2.384883949870414632e+00 nan nan nan nan nan nan nan nan
7.079457843841228485e+09 3.305109170647817507e+00 -1.195469504724163023e+00 -2.380695752303505941e+00 nan nan nan nan nan nan nan nan
7.943282347242626190e+09 3.265934380815593840e+00 -1.183545902740676281e+00 -2.376460770003620215e+00 nan nan nan nan nan nan nan nan
8.912509381337221146e+09 3.226956767722197750e+00 -1.171539515930873021e+00 -2.372132164722160041e+00 nan nan nan nan nan nan nan nan
9.999999999999753952e+09 3.188175801268147591e+00 -1.159448904096435751e+00 -2.367670236376776316e+00 nan nan nan nan nan nan nan nan
1.122018454301937675e+10 3.149590767391966750e+00 -1.147272529284180997e+00 -2.363132621183107851e+00 nan nan nan nan nan nan nan nan
1.258925411794135284e+10 3.111200367977509984e+00 -1.135008622134499490e+00 -2.358539932925511007e+00 nan nan nan nan nan nan nan nan
1.412537544622714996e+10 3.073003219017063525e+00 -1.122655330663927753e+00 -2.353879430416150775e+00 nan nan nan nan nan nan nan nan
1.584893192461071968e+10 3.034999135331625464e+00 -1.110211139612450770e+00 -2.349084562968152490e+00 nan nan nan nan nan nan nan nan
1.778279410038879013e+10 2.997188354456963744e+00 -1.097674634026348794e+00 -2.344198131045772016e+00 nan nan nan nan nan nan nan nan
1.995262314968825912e+10 2.959570399070523994e+00 -1.085044122353653329e+00 -2.339252573105730537e+00 nan nan nan nan nan nan nan nan
2.238721138568273544e+10 2.922144586608570904e+00 -1.072317794174320937e+00 -2.334262196304972115e+00 nan nan nan nan nan nan nan nan
2.511886431509510422e+10 2.884911034747471792e+00 -1.059494062308667717e+00 -2.329150235953750148e+00 nan nan nan nan nan nan nan nan
2.818382931264379883e+10 2.847870811813649095e+00 -1.046571631500398780e+00 -2.323927944852839822e+00 nan nan nan nan nan nan nan nan
3.162277660168288803e+10 2.811024334077862008e+00 -1.033548948620423236e+00 -2.318645717949016305e+00 nan nan nan nan nan nan nan nan
3.548133892335644531e+10 2.774371690106609556e+00 -1.020424303582377235e+00 -2.313329578074905246e+00 nan nan nan nan nan nan nan nan
3.981071705534854889e+10 2.737913276274969832e+00 -1.007196052250293850e+00 -2.307917959249551121e+00 nan nan nan nan nan nan nan nan
4.466835921509506989e+10 2.701650713865627829e+00 -9.938629617022053386e-01 -2.302379321482272978e+00 nan nan nan nan nan nan nan nan
5.011872336272570801e+10 2.665585270695952413e+00 -9.804236472758220966e-01 -2.296778839495748237e+00 nan nan nan nan nan nan nan nan
5.623413251903306580e+10 2.629717676787109770e+00 -9.668764931983112598e-01 -2.291140540696054995e+00 nan nan nan nan nan nan nan nan
6.309573444801736450e+10 2.594048577477248152e+00 -9.532198125798350130e-01 -2.285437710880715123e+00 nan nan nan nan nan nan nan nan
7.079457843841171265e+10 2.558579755420729018e+00 -9.394523215036417740e-01 -2.279601117877980254e+00 nan nan nan nan nan nan nan nan
7.943282347242561340e+10 2.523313116640679254e+00 -9.255727668498177074e-01 -2.273687113431928086e+00 nan nan nan nan nan nan nan nan
8.912509381337149048e+10 2.488249787232903465e+00 -9.115795666353025961e-01 -2.267726202384666045e+00 nan nan nan nan nan nan nan nan
9.999999999999673462e+10 2.453390587067997508e+00 -8.974709809204765021e-01 -2.261725081120246728e+00 nan nan nan nan nan nan nan nan
1.122018454301928558e+11 2.418737092574224423e+00 -8.832455413782946962e-01 -2.255593631012833722e+00 nan nan nan nan nan nan nan nan
1.258925411794125061e+11 2.384291493696336417e+00 -8.689020125744113532e-01 -2.249355331468927410e+00 nan nan nan nan nan nan nan nan
1.412537544622703552e+11 2.350055144315297717e+00 -8.544387935468372719e-01 -2.243059948819849936e+00 nan nan nan nan nan nan nan nan
1.584893192461058960e+11 2.316028956462226507e+00 -8.398540624228428841e-01 -2.236733014820138532e+00 nan nan nan nan nan nan nan nan
1.778279410038864746e+11 2.282214121462598833e+00 -8.251460776527028695e-01 -2.230290746707652261e+00 nan nan nan nan nan nan nan nan
1.995262314968809509e+11 2.248612817101065087e+00 -8.103135003533283864e-01 -2.223709109537081563e+00 nan nan nan nan nan nan nan nan
2.238721138568255310e+11 2.215226625315092956e+00 -7.953547121753934412e-01 -2.217058612600819600e+00 nan nan nan nan nan nan nan nan
2.511886431509489746e+11 2.182056558063033336e+00 -7.802678073604873976e-01 -2.210367488129703073e+00 nan nan nan nan nan nan nan nan
2.818382931264356689e+11 2.149103540117500266e+00 -7.650507971034947730e-01 -2.203587700070419597e+00 nan nan nan nan nan nan nan nan
3.162277660168262939e+11 2.116369586440976391e+00 -7.497021615235750502e-01 -2.196646877119079022e+00 nan nan nan nan nan nan nan nan
3.548133892335615234e+11 2.083856616772120418e+00 -7.342203195913952207e-01 -2.189618851929832744e+00 nan nan nan nan nan nan nan nan
3.981071705534822998e+11 2.051565806905631284e+00 -7.186033098438983080e-01 -2.182534719285749603e+00 nan nan nan nan nan nan nan nan
4.466835921509470215e+11 2.019498053000547078e+00 -7.028489919211119430e-01 -2.175390861059331549e+00 nan nan nan nan nan nan nan nan
5.011872336272529907e+11 1.987655110280015069e+00 -6.869556074093443598e-01 -2.168083013186024033e+00 nan nan nan nan nan nan nan nan
5.623413251903260498e+11 1.956039182836518009e+00 -6.709216035369944819e-01 -2.160653874420851661e+00 nan nan nan nan nan nan nan nan
6.309573444801684570e+11 1.924651635694735852e+00 -6.547449828927109916e-01 -2.153156423124531038e+00 nan nan nan nan nan nan nan nan
7.079457843841113281e+11 1.893493432227980167e+00 -6.384234997653579491e-01 -2.145617597101035834e+00 nan nan nan nan nan nan nan nan
7.943282347242496338e+11 1.862565955918207505e+00 -6.219550832181014455e-01 -2.137927307122040155e+00 nan nan nan nan nan nan nan nan
8.912509381337076416e+11 1.831871479968566474e+00 -6.053381109355258083e-01 -2.130076097392648471e+00 nan nan nan nan nan nan nan nan
9.999999999999591064e+11 1.801411586800852005e+00 -5.885705724556524743e-01 -2.122143729161189096e+00 nan nan nan nan nan nan nan nan
1.122018454301919434e+12 1.771187340789608156e+00 -5.716501356960207447e-01 -2.114167429106951879e+00 nan nan nan nan nan nan nan nan
1.258925411794114746e+12 1.741199814038188798e+00 -5.545744238950514049e-01 -2.106070294898441553e+00 nan nan nan nan nan nan nan nan
1.412537544622691895e+12 1.711451167538948548e+00 -5.373416466143327019e-01 -2.097778818425379832e+00 nan nan nan nan nan nan nan nan
1.584893192461046143e+12 1.681943285832911972e+00 -5.199498426903153003e-01 -2.089389579554077336e+00 nan nan nan nan nan nan nan nan
1.778279410038850098e+12 1.652677346225546851e+00 -5.023966069402751033e-01 -2.080937708464377423e+00 nan nan nan nan nan nan nan nan
1.995262314968793213e+12 1.623654266350912145e+00 -4.846793288971457114e-01 -2.072402498683441507e+00 nan nan nan nan nan nan nan nan
2.238721138568236816e+12 1.594875910084353254e+00 -4.667959338901290778e-01 -2.063660272901824744e+00 nan nan nan nan nan nan nan nan
2.511886431509469238e+12 1.566344412507675754e+00 -4.487445047459246439e-01 -2.054781232514899525e+00 2.903508454443387565e-01 6.177911677058816653e-16 1.551821251666795146e-03 3.573200481079324281e-03 1.527596232422082870e-03 1.553674001400302124e+10 6.968247206599697876e+10 8.682880163034647936e+00
2.818382931264333984e+12 1.538061058016765070e+00 -4.305225699162266717e-01 -2.045823342253474841e+00 2.893476800555881412e-01 4.936680909742707707e-16 1.391345721311733211e-03 3.203691917093445286e-03 1.358173922467759143e-03 1.508662240346170998e+10 7.013258967653828430e+10 9.029870821506905898e+00
3.162277660168236816e+12 1.510026747182975804e+00 -4.121273640361621804e-01 -2.036813197005148623e+00 2.881745961598544681e-01 3.942325515240211228e-16 1.246672790595535320e-03 2.870570183466567265e-03 1.206317369953754850e-03 1.463395313897952271e+10 7.058525894102047729e+10 9.393904473893577745e+00
3.548133892335586426e+12 1.482242945612358254e+00 -3.935564443512138966e-01 -2.027604615284055001e+00 2.868202452275628311e-01 3.146581288590688070e-16 1.116449171503760239e-03 2.570719219390111068e-03 1.070285134882334281e-03 1.417898324015156364e+10 7.104022883984843445e+10 9.776127015576710377e+00
3.981071705534790039e+12 1.454711896253641168e+00 -3.748078715693275997e-01 -2.018209338461781410e+00 2.852729345700242281e-01 2.509953817784137733e-16 9.992306126179455617e-04 2.300813513077389679e-03 9.484968165706436291e-04 1.372195925098602486e+10 7.149725282901397705e+10 1.017781863091999739e+01
4.466835921509433594e+12 1.427435053427823064e+00 -3.558791647899548494e-01 -2.008720913128554830e+00 2.835205890591837585e-01 2.000630155026086646e-16 8.936486642125510962e-04 2.057702092589861788e-03 8.395339264289594259e-04 1.326318122099676132e+10 7.195603085900323486e+10 1.060035922683021070e+01
5.011872336272489258e+12 1.400413371387907224e+00 -3.367674583160762403e-01 -1.999188199087267970e+00 2.815507900609823255e-01 1.593292207475271674e-16 7.985377138243841388e-04 1.838701036045572437e-03 7.421238482130709845e-04 1.280301240899230194e+10 7.241619967100769043e+10 1.104522424070275122e+01
5.623413251903214844e+12 1.373647917683818109e+00 -3.174699147362768370e-01 -1.989491417212964297e+00 2.793508640171829538e-01 1.267874565342958558e-16 7.129782632500621196e-04 1.641693120588377667e-03 6.551139942972198900e-04 1.234183106631460571e+10 7.287738101368539429e+10 1.151403930738882053e+01
6.309573444801632812e+12 1.347140838121057893e+00 -2.979844488452824125e-01 -1.979558570845339371e+00 2.769080516509596079e-01 1.008114660067195986e-16 6.360773488475205068e-04 1.464622221447474133e-03 5.774561107463214646e-04 1.188000455818993378e+10 7.333920752181005859e+10 1.200863577707039731e+01
7.079457843841054688e+12 1.320893824621493629e+00 -2.783086473072903244e-01 -1.969516194940995835e+00 2.742094864396390497e-01 8.007739014856211970e-17 5.669045078015585255e-04 1.305345868814995498e-03 5.082069084897579024e-04 1.141794749506444168e+10 7.380126458493556213e+10 1.253102159754739553e+01
7.943282347242431641e+12 1.294907891041881642e+00 -2.584395660132982608e-01 -1.959411712572997288e+00 2.712422508099789353e-01 6.353639020912704046e-17 5.046874867556656961e-04 1.162085883624225857e-03 4.465211146787757693e-04 1.095614956168243599e+10 7.426306251831756592e+10 1.308336125655771909e+01
8.912509381337003906e+12 1.269183829559389354e+00 -2.383740399897284201e-01 -1.949194155697850928e+00 2.679935196747277870e-01 5.035389108301664439e-17 4.487795266642075325e-04 1.033353048137928198e-03 3.916351413847204326e-04 1.049513593615406418e+10 7.472407614384593201e+10 1.366803604081425583e+01
9.999999999999509766e+12 1.243723479964431222e+00 -2.181096866216714336e-01 -1.938713675582305562e+00 2.644508715390302966e-01 3.986243597872637118e-17 3.986243597872441433e-04 9.178665085504035407e-04 3.428546524675108137e-04 1.003542509062240028e+10 7.518378698937759399e+10 1.428773273090472351e+01
1.122018454301910156e+13 1.218528770556765783e+00 -1.976442052584326259e-01 -1.928082679461801785e+00 2.606023694522901502e-01 3.151562416350871853e-17 3.536111191029998012e-04 8.142196915635093986e-04 2.995524974646618247e-04 9.577566083537231445e+09 7.564164599646276855e+10 1.494545077227415497e+01
1.258925411794104297e+13 1.193600755443942507e+00 -1.769745833793093526e-01 -1.917368336701742004e+00 2.564365919811928962e-01 2.487980574609000842e-17 3.132181969425368588e-04 7.212115511343586676e-04 2.611667163972140795e-04 9.122185816339031219e+09 7.609702626366096497e+10 1.564446527897983330e+01
1.412537544622680273e+13 1.168940098726688026e+00 -1.560974397114206769e-01 -1.906591035569184855e+00 2.519428755921814256e-01 1.960970120011735238e-17 2.769943918399819273e-04 6.378031574936940222e-04 2.271913486815118190e-04 8.669967702578714371e+09 7.654924437742127991e+10 1.638838168519664151e+01
1.584893192461033008e+13 1.144548181367722295e+00 -1.350099577050032085e-01 -1.895553040075119045e+00 2.471117487551186265e-01 1.543208200042538943e-17 2.445820170797463871e-04 5.631709065422391613e-04 1.971669970806126844e-04 8.221596042076292038e+09 7.699761603792370605e+10 1.718126986503408560e+01
1.778279410038835547e+13 1.120427035437659979e+00 -1.137098942783972416e-01 -1.884299753622015627e+00 2.419352390804126451e-01 1.212363696542626454e-17 2.155921399040323613e-04 4.964192475097117330e-04 1.706772432293132019e-04 7.777761576435180664e+09 7.744145050356481934e+10 1.802774723107047095e+01
1.995262314968776953e+13 1.096577798993619179e+00 -9.219423847338741040e-02 -1.872946808604439184e+00 2.364068513290246420e-01 9.505845162124303829e-18 1.896665462391488666e-04 4.367233620099300888e-04 1.473486779913215315e-04 7.339224128215576172e+09 7.787998795178442383e+10 1.893293390441183632e+01
2.238721138568218750e+13 1.073001102974913801e+00 -7.045949158364708809e-02 -1.861558836631590275e+00 2.305219086348176682e-01 7.437193160833353804e-18 1.664980154077261515e-04 3.833758482909232178e-04 1.268461977337996419e-04 6.906811807747991562e+09 7.831240027225201416e+10 1.990249463251765150e+01
2.511886431509448438e+13 1.049697819011787603e+00 -4.850233133218985471e-02 -1.849948359728847525e+00 2.242780528248149163e-01 5.806178492959637194e-18 1.458446097538728899e-04 3.358196243128017643e-04 1.088663109187060484e-04 6.481358714415144920e+09 7.873785336558485413e+10 2.094283628831690081e+01
2.818382931264310938e+13 1.026669881802297457e+00 -2.632043993808428489e-02 -1.838051122357082345e+00 2.176758695334242433e-01 4.522552039710232265e-18 1.274628347447391314e-04 2.934940231939998814e-04 9.313346973103558035e-05 6.063678888629137039e+09 7.915553319137086487e+10 2.206131550490802695e+01
3.162277660168211328e+13 1.003918586183654815e+00 -3.910928523098464865e-03 -1.826037387333925288e+00 2.107188297187586601e-01 3.513531697158891175e-18 1.111076279421846242e-04 2.558347678176030402e-04 7.940024995574514004e-05 5.654629109538628578e+09 7.956458297046136475e+10 2.326623141622733115e+01
3.548133892335557031e+13 9.814445512571352559e-01 1.872976074109874642e-02 -1.813979761978739891e+00 2.034136042459890603e-01 2.721813469578327980e-18 9.657358620026299835e-05 2.223688999617010780e-04 6.744515826126222470e-05 5.255125309158764839e+09 7.996408677084123230e+10 2.456686507557006038e+01
3.981071705534757812e+13 9.592482227322358668e-01 4.160540262485431379e-02 -1.801770937089204105e+00 1.957705643011078411e-01 2.102197454656076739e-18 8.368998806178494184e-05 1.927033189439156724e-04 5.706835278862152066e-05 4.866085218867317200e+09 8.035312686113269043e+10 2.597376384345651701e+01
4.466835921509397656e+13 9.373312036003845771e-01 6.471858684135020634e-02 -1.789223965040033004e+00 1.878046406002768787e-01 1.618662851720821889e-18 7.230301370879407114e-05 1.664838415444133766e-04 4.808867377641305794e-05 4.488379785274374962e+09 8.073083229472563171e+10 2.749913712758329609e+01
5.011872336272448438e+13 9.156949792896091900e-01 8.807196180407893260e-02 -1.776520700025950861e+00 1.795352913199010358e-01 1.242031815580375676e-18 6.224904897277527740e-05 1.433337322177686678e-04 4.034323443235830151e-05 4.122873192494769573e+09 8.109633888750523376e+10 2.915701735618594270e+01
5.623413251903168750e+13 8.943401240597168567e-01 1.116691241937588785e-01 -1.763746827428858577e+00 1.709864836721134151e-01 9.494136346524182800e-19 5.338945214641962269e-05 1.229337566354647964e-04 3.368654721102728669e-05 3.770453771613002777e+09 8.144875830838699341e+10 3.096334227824606344e+01
6.309573444801581250e+13 8.732668072864484543e-01 1.355141486594017841e-01 -1.750904028663016865e+00 1.621870923377361218e-01 7.227670736928629399e-19 4.560351934949435584e-05 1.050059838422112333e-04 2.798805369908524161e-05 3.431991200771445751e+09 8.178722087922856140e+10 3.293637260743688699e+01
7.079457843840996875e+13 8.524760907552967337e-01 1.596101162526051831e-01 -1.737713851655964037e+00 1.531716320520093710e-01 5.479266453539318594e-19 3.879023587300377274e-05 8.931781887490137118e-05 2.312995863115729572e-05 3.108275025615244865e+09 8.211093705438475037e+10 3.509740829815370944e+01
7.943282347242367188e+13 8.319695484506490768e-01 1.839594392506331277e-01 -1.724282501759127006e+00 1.439802465849433499e-01 4.134697006348157127e-19 3.284306574172117993e-05 7.562395358511063198e-05 1.900641431965688485e-05 2.800018988372742653e+09 8.241919309162725830e+10 3.747140142396926876e+01
8.912509381336929688e+13 8.117477334252373167e-01 2.085656602109797475e-01 -1.710761900874457009e+00 1.346579871824157004e-01 3.104213002968913863e-19 2.766632751062852701e-05 6.370407330386431994e-05 1.552321364743241788e-05 2.507902596749897003e+09 8.271130948325010681e+10 4.008723682207661199e+01
9.999999999999428125e+13 7.918106543852472257e-01 2.334329884960557322e-01 -1.697239123690341023e+00 1.252547926371047338e-01 2.317636511603151959e-19 2.317636511603019314e-05 5.336555282595834552e-05 1.259647299418677552e-05 2.232547926947484970e+09 8.298666415305252075e+10 4.297841020844760607e+01
1.122018454301901094e+14 7.721587282314917866e-01 2.585651435740076165e-01 -1.683410212991329091e+00 1.158255799966057265e-01 1.720446727760077649e-19 1.930372978190125901e-05 4.444848043499104433e-05 1.015112216266297589e-05 1.974454006598247528e+09 8.324475807340174866e+10 4.618440099299414214e+01
1.258925411794094062e+14 7.527934177882340538e-01 2.839644343886270628e-01 -1.669235342046607284e+00 1.064300328505322635e-01 1.269263288083361243e-19 1.597907807625471437e-05 3.679318697817207933e-05 8.120080477333844264e-06 1.733974273144617796e+09 8.348523780685537720e+10 4.975230682871649179e+01
1.412537544622668750e+14 7.337153314505461266e-01 3.096341574050741619e-01 -1.654953806705779851e+00 9.713092370776844897e-02 9.299957902189449618e-20 1.313653970025286977e-05 3.024800048732673077e-05 6.444050790696329119e-06 1.511358487130046368e+09 8.370785359286994934e+10 5.373785763060938336e+01
1.584893192461020000e+14 7.149243692436174635e-01 3.355785191645944687e-01 -1.640686732752005605e+00 8.799317979557973179e-02 6.763240510907244600e-20 1.071901384471348213e-05 2.468144149043405788e-05 5.070814741252272473e-06 1.306748774788971663e+09 8.391246330521102905e+10 5.820684842029954353e+01
1.778279410038820938e+14 6.964203322236511839e-01 3.618018753287043365e-01 -1.626216701292570344e+00 7.908297815679153631e-02 4.879636961498382145e-20 8.677357937096967817e-06 1.998035503253304428e-05 3.954269828178065611e-06 1.120128518394134283e+09 8.409908356160586548e+10 6.323796700780658142e+01
1.995262314968760312e+14 6.782043043792335135e-01 3.883067025410056328e-01 -1.611303941987402899e+00 7.046698402432551023e-02 3.491235548136309153e-20 6.965930721875680908e-06 1.603964823902019485e-05 3.053769746389210831e-06 9.512936193034018278e+08 8.426791846069659424e+10 6.892676628066985245e+01
2.238721138568200312e+14 6.602770126878970691e-01 4.150958158240858342e-01 -1.596250815653814881e+00 6.220991204676418890e-02 2.474772995269432761e-20 5.540326617667420052e-06 1.275707348015912334e-05 2.333851703409708606e-06 7.998865299459675550e+08 8.441932555005403137e+10 7.538916174263827941e+01
2.511886431509428125e+14 6.426382075761524204e-01 4.421733762774590071e-01 -1.581181112892473095e+00 5.437248191716149287e-02 1.736570354201767444e-20 4.362067510080940996e-06 1.004403162334602899e-05 1.763824075822064467e-06 6.654140378993775845e+08 8.455379804210061646e+10 8.276529065674183983e+01
2.818382931264288125e+14 6.252872006545530104e-01 4.695442137459141518e-01 -1.566048468212745348e+00 4.700986148956042693e-02 1.205340385111079156e-20 3.397110767760589251e-06 7.822136613095091067e-06 1.317169869911024522e-06 5.472259302276265621e+08 8.467198614977236938e+10 9.122616203402387214e+01
3.162277660168185625e+14 6.082244274222641245e-01 4.972113410757155183e-01 -1.550435545895939793e+00 4.017046626800973436e-02 8.270479083097609369e-21 2.615355124336783088e-06 6.022077722183466262e-06 9.710645115290512930e-07 4.445027848150689602e+08 8.477470929518493652e+10 1.009835512036084140e+02
3.548133892335528125e+14 5.914506630789436725e-01 5.251770088836671402e-01 -1.534568350628639832e+00 3.389375416359568377e-02 5.603656508032784143e-21 1.988252357715767781e-06 4.578120239986592308e-06 7.060595624747928407e-07 3.562846212267141938e+08 8.486292745877328491e+10 1.123016714731733572e+02
3.981071705534725000e+14 5.749654989088636148e-01 5.534452418826010245e-01 -1.518661426522896818e+00 2.820807031012229418e-02 3.744673638571998495e-21 1.490781426898075097e-06 3.432651090487900725e-06 5.057902792129252209e-07 2.815110869317172170e+08 8.493770099306828308e+10 1.255094733409006693e+02
4.466835921509360625e+14 5.587679179421983777e-01 5.820210656630223633e-01 -1.502831321351033811e+00 2.312972430692864304e-02 2.465059765803439509e-21 1.101101751055825644e-06 2.535380477850785004e-06 3.565894900044540649e-07 2.190341901205361784e+08 8.500017788987947083e+10 1.410188451386047745e+02
5.011872336272406875e+14 5.428575349337617650e-01 6.109083600768308031e-01 -1.486558252633941812e+00 1.866259472835698346e-02 1.597070172814948515e-21 8.004311818217032978e-07 1.843060907230260767e-06 2.471284553774249877e-07 1.676284037001099885e+08 8.505158367629989624e+10 1.593525735581858953e+02
5.623413251903122500e+14 5.272349963572436904e-01 6.401089164392517183e-01 -1.469866629655211199e+00 1.479783047571022608e-02 1.016982778108737527e-21 5.718914431373927289e-07 1.316828711779012498e-06 1.681312149021910650e-07 1.260227586918161660e+08 8.509318932130818176e+10 1.811829040118917931e+02
6.309573444801530000e+14 5.118998413976896256e-01 6.696262953492987391e-01 -1.453118979493738028e+00 1.151358156639692779e-02 6.354093732117895412e-22 4.009162107795092101e-07 9.231436904805567159e-07 1.121319048457003364e-07 9.294847133307322860e+07 8.512626360866693115e+10 2.073752551580352019e+02
7.079457843840938750e+14 4.968508326750391002e-01 6.994654333978685967e-01 -1.436524089988151065e+00 8.776218313777112492e-03 3.888524827368300361e-22 2.752864759008274771e-07 6.338705357121100544e-07 7.320654919088262692e-08 6.716821470502515137e+07 8.515204386529496765e+10 2.390470314114022301e+02
7.943282347242301250e+14 4.820867662040367874e-01 7.296311682604640358e-01 -1.419639123659870883e+00 6.542175576264839566e-03 2.327366233816406098e-22 1.848692712064165720e-07 4.256772280325681924e-07 4.671785509726495739e-08 4.749637933732240647e+07 8.517171570066267395e+10 2.776551297376315688e+02
8.912509381336857500e+14 4.676078983991363569e-01 7.601251581685911640e-01 -1.402153911322771451e+00 4.760262726163118699e-03 1.360041406748038059e-22 1.212138179664846707e-07 2.791051303145214703e-07 2.909829613858724466e-08 3.282437557891813293e+07 8.518638770442108154e+10 3.251203447977013639e+02
9.999999999999345000e+14 4.534138175345743815e-01 7.909500659990670313e-01 -1.384585400650694798e+00 3.373879763473296503e-03 7.741049935428126672e-23 7.741049935427620201e-08 1.782442618543816049e-07 1.766456133436436537e-08 2.214945130179005489e+07 8.519706262869821167e+10 3.839715506415565187e+02
1.122018454301891875e+15 4.395030390593593350e-01 8.221106470699834912e-01 -1.367146843007085222e+00 2.323908594459346295e-03 4.281071058460483366e-23 4.803440731770395903e-08 1.106033102405492447e-07 1.044337203199090321e-08 1.459087087551126629e+07 8.520462120912448120e+10 4.574950683177544875e+02
1.258925411794083750e+15 4.258736274694152057e-01 8.536126258546524737e-01 -1.349659008130709825e+00 1.551668158483985455e-03 2.294873754990155118e-23 2.889074887016416254e-08 6.652340767387457116e-08 6.015204084130189363e-09 9.394696785597329959e+06 8.520981738321440125e+10 5.498571513270233027e+02
1.412537544622657250e+15 4.125250619677447439e-01 8.854583187675478806e-01 -1.331453939423273836e+00 1.001572652989143712e-03 1.189616343433296519e-23 1.680377748796252329e-08 3.869212754977144348e-08 3.384815703538968769e-09 5.934644504468260333e+06 8.521327743549552917e+10 6.660216154880746444e+02
1.584893192461007250e+15 3.994569405652685923e-01 9.176493029008201407e-01 -1.313013510781518622e+00 6.231257082899312443e-04 5.943927968952379858e-24 9.420490974471208152e-09 2.169148208650235657e-08 1.875225462632083732e-09 3.708825376001493540e+06 8.521550325462399292e+10 8.109277635733240004e+02
1.778279410038806500e+15 3.866674856233316970e-01 9.501901655607042363e-01 -1.294658655596879981e+00 nan nan nan nan nan nan nan nan
1.995262314968744250e+15 3.741542347549788872e-01 9.830871741849854795e-01 -1.276531140176443424e+00 nan nan nan nan nan nan nan nan
2.238721138568182000e+15 3.619157051012616422e-01 1.016343953108488130e+00 -1.257698235884421090e+00 nan nan nan nan nan nan nan nan
2.511886431509407500e+15 3.499514182937832896e-01 1.049960939007870797e+00 -1.238348556894109054e+00 nan nan nan nan nan nan nan nan
2.818382931264265000e+15 3.382594734446401352e-01 1.083942005096117267e+00 -1.219064463592562486e+00 nan nan nan nan nan nan nan nan
3.162277660168159500e+15 3.268370951833287075e-01 1.118293412085198835e+00 -1.200212542507897995e+00 nan nan nan nan nan nan nan nan
3.548133892335499000e+15 3.156817328128094235e-01 1.153020747579430960e+00 -1.180853150146676800e+00 nan nan nan nan nan nan nan nan
3.981071705534692500e+15 3.047924805993948993e-01 1.188124125423445809e+00 -1.160592159376024002e+00 nan nan nan nan nan nan nan nan
4.466835921509324000e+15 2.941673865639150010e-01 1.223606331603019015e+00 -1.140354580692280129e+00 nan nan nan nan nan nan nan nan
5.011872336272366000e+15 2.838033697721165094e-01 1.259473640570110353e+00 -1.120562392132197216e+00 nan nan nan nan nan nan nan nan
5.623413251903077000e+15 2.736969880787107900e-01 1.295733667458198735e+00 -1.100692777246160992e+00 nan nan nan nan nan nan nan nan
6.309573444801478000e+15 2.638467301983991042e-01 1.332386911860654610e+00 -1.079628647861075930e+00 nan nan nan nan nan nan nan nan
7.079457843840881000e+15 2.542509716762443861e-01 1.369433422325296190e+00 -1.058434841628525191e+00 nan nan nan nan nan nan nan nan
7.943282347242237000e+15 2.449065438053410204e-01 1.406878595065189863e+00 -1.037633830875996255e+00 nan nan nan nan nan nan nan nan
8.912509381336785000e+15 2.358095128875803415e-01 1.444730948657932945e+00 -1.017336633709896798e+00 nan nan nan nan nan nan nan nan
