# [1] m:            [M_sun/h] 
# [2] sigma 
# [3] ln(1/sigma) 
# [4] n_eff 
# [5] f(sigma) 
# [6] dn/dm:        [h^4/(Mpc^3*M_sun)] 
# [7] dn/dlnm:      [h^3/Mpc^3] 
# [8] dn/dlog10m:   [h^3/Mpc^3] 
# [9] n(>m):        [h^3/Mpc^3] 
# [11] rho(>m):     [M_sun*h^2/Mpc^3] 
# [11] rho(<m):     [M_sun*h^2/Mpc^3] 
# [12] Lbox(N=1):   [Mpc/h]
1.000000000000000000e+07 4.253626880105342956e+00 -1.447772002565808735e+00 -2.516550227174258580e+00 2.321014043869814580e-01 1.593732367275370280e-05 1.593732367275370336e+02 3.669704391110379333e+02 1.680201668658717153e+02 3.933953110198332977e+10 4.587968097801667023e+10 1.812228110760852329e-01
1.122018454301963001e+07 4.214302994524905088e+00 -1.438484214677794526e+00 -2.515342399793555561e+00 2.327285534746717233e-01 1.272538591578870118e-05 1.427811783562920880e+02 3.287658128433222942e+02 1.506267605670127807e+02 3.915556816491712189e+10 4.606364391508287811e+10 1.879457983825844059e-01
1.258925411794166267e+07 4.175245660061678521e+00 -1.429173197305106946e+00 -2.514138023199294913e+00 2.333620840372219174e-01 1.016083669688170995e-05 1.279173552279508357e+02 2.945405952831035847e+02 1.350441003638522091e+02 3.897064667757695770e+10 4.624856540242304230e+10 1.949132941243854888e-01
1.412537544622752629e+07 4.136451651191482171e+00 -1.419838331242182727e+00 -2.512906992283254759e+00 2.340020451874176288e-01 8.113678827086410369e-06 1.146087596827025408e+02 2.638964215719278741e+02 1.210831749424764752e+02 3.878475461668475342e+10 4.643445746331524658e+10 2.021337035273474692e-01
1.584893192461110838e+07 4.097918911060335567e+00 -1.410479262178361060e+00 -2.511612097271144872e+00 2.346484657526472506e-01 6.479908613613415548e-06 1.026996304948601733e+02 2.364746382334617749e+02 1.085738984473417901e+02 3.859786695476278687e+10 4.662134512523721313e+10 2.096162059750055484e-01
1.778279410038919002e+07 4.059645202796908769e+00 -1.401095581321378347e+00 -2.510295397754528146e+00 2.353013757176118936e-01 5.175411851120946495e-06 9.203328333319785770e+01 2.119144662623187685e+02 9.736417083494733049e+01 3.840995941067039490e+10 4.680925266932960510e+10 2.173703360414702690e-01
1.995262314968874678e+07 4.021627517167617683e+00 -1.391686675716070631e+00 -2.508972549403060803e+00 2.359608167013038660e-01 4.133633103662829563e-06 8.247682355646271901e+01 1.899099044386112212e+02 8.731856156742412622e+01 3.822101860876805115e+10 4.699819347123194885e+10 2.254054828240338870e-01
2.238721138568333164e+07 3.983862573962590137e+00 -1.382251844640101535e+00 -2.507638659562521521e+00 2.366268340234880807e-01 3.301674097100085449e-06 7.391527593841476573e+01 1.701962125203353366e+02 7.831590864345049852e+01 3.803103312520824432e+10 4.718817895479175568e+10 2.337311896911726528e-01
2.511886431509571895e+07 3.946348028842125100e+00 -1.372790601593156357e+00 -2.506239823006903400e+00 2.372994551602110036e-01 2.637540063913998005e-06 6.625201099108460312e+01 1.525508928889490790e+02 7.024723100821842081e+01 3.783998003104925537e+10 4.737923204895074463e+10 2.423577600814348920e-01
2.818382931264443323e+07 3.909081935613849090e+00 -1.363302547351913807e+00 -2.504801537836156555e+00 2.379786980974288868e-01 2.107189704596401665e-06 5.938867496370662735e+01 1.367474776640995913e+02 6.301477174439224171e+01 3.764783071232315826e+10 4.757138136767684174e+10 2.512961745945381242e-01
3.162277660168366507e+07 3.872061486787521378e+00 -1.353787049140396270e+00 -2.503349711651649212e+00 2.386645940815952383e-01 1.683545864194594162e-06 5.323839476211411892e+01 1.225859341541762717e+02 5.653143644893537356e+01 3.745456633283100891e+10 4.776464574716899109e+10 2.605573486674385708e-01
3.548133892335738987e+07 3.835283498819606951e+00 -1.344243356159879221e+00 -2.501896268605507956e+00 2.393571795259439028e-01 1.345093635962157364e-06 4.772572318122441004e+01 1.098925387494476951e+02 5.071947462634479820e+01 3.726017528226142120e+10 4.795903679773857880e+10 2.701521435870031240e-01
3.981071705534952879e+07 3.798745288570647194e+00 -1.334670824990287441e+00 -2.500384892548342730e+00 2.400564794994896889e-01 1.074818811910054118e-06 4.278930760671811129e+01 9.852602183476585651e+01 4.550901061173948392e+01 3.706463713250215912e+10 4.815457494749784088e+10 2.800921058078479908e-01
4.466835921509607136e+07 3.762445037796425584e+00 -1.325069022073660063e+00 -2.498815086066697777e+00 2.407624996158483077e-01 8.589603114313032210e-07 3.836834774252424296e+01 8.834638555474808186e+01 4.083720042700165465e+01 3.686792014092295837e+10 4.835129193907704163e+10 2.903897923219644350e-01
5.011872336272694170e+07 3.726380210078161337e+00 -1.315437309399123400e+00 -2.497224789290392710e+00 2.414752559911240160e-01 6.864876931487848815e-07 3.440588678484052565e+01 7.922248202201463130e+01 3.664797873758260494e+01 3.666999969727584076e+10 4.854921238272415924e+10 3.010578744480905122e-01
5.623413251903456450e+07 3.690547785471884001e+00 -1.305774898382018989e+00 -2.495630999701516473e+00 2.421947713799711965e-01 5.486550907614911634e-07 3.085314308112463166e+01 7.104198733060997029e+01 3.289136700376700873e+01 3.647086184251246643e+10 4.874835023748753357e+10 3.121088083019798454e-01
6.309573444801890850e+07 3.654944811032670771e+00 -1.296080993507077395e+00 -2.493993974527421997e+00 2.429210643804607939e-01 4.385378952231195911e-07 2.766987058239109487e+01 6.371223152808821766e+01 2.952251153229956770e+01 3.627048797822366333e+10 4.894872410177633667e+10 3.235555842317079933e-01
7.079457843841329217e+07 3.619569401579509904e+00 -1.286355068922671929e+00 -2.492282848832468201e+00 2.436541281673908765e-01 3.505757505942389239e-07 2.481886247404946388e+01 5.714754275781562143e+01 2.650101717515198274e+01 3.606884532222572327e+10 4.915036675777427673e+10 3.354124293220095976e-01
7.943282347242756188e+07 3.584419346518678662e+00 -1.276596493435155466e+00 -2.490542715304446819e+00 2.443939580194744166e-01 2.802750931708247409e-07 2.226304199955631091e+01 5.126254863287871899e+01 2.379076489038463649e+01 3.586590369285990143e+10 4.935330838714009857e+10 3.476940015714849452e-01
8.912509381337386370e+07 3.549491786384998182e+00 -1.266804434474341212e+00 -2.488788457390606279e+00 2.451405584930108905e-01 2.240794792106785029e-07 1.997110460630367967e+01 4.598516775709957471e+01 2.135957198063518803e+01 3.566164465869297028e+10 4.955756742130702972e+10 3.604146907094564201e-01
9.999999999999918044e+07 3.514783660483312033e+00 -1.256977975853086127e+00 -2.487007148044447113e+00 2.458939343638898156e-01 1.791617903307946148e-07 1.791617903307931314e+01 4.125352676498090432e+01 1.917860461758318635e+01 3.545605003202114105e+10 4.976316204797885895e+10 3.735892159456211670e-01
1.122018454301956147e+08 3.480292855519546258e+00 -1.247116444130570656e+00 -2.485146141448008272e+00 2.466540651050269095e-01 1.432710729971323829e-07 1.607527878704252089e+01 3.701469730076751574e+01 1.722189901593948491e+01 3.524908828147903442e+10 4.997012379852096558e+10 3.872335585485561227e-01
1.258925411794155836e+08 3.446017460293836265e+00 -1.237219204922221483e+00 -2.483238619650345758e+00 2.474209197211197087e-01 1.145810323078124967e-07 1.442489732819123205e+01 3.321455355586277136e+01 1.546616774452373555e+01 3.504072373406719971e+10 5.017848834593280029e+10 4.013646269411114686e-01
1.412537544622738063e+08 3.411954784376635796e+00 -1.227285377600427996e+00 -2.481307318002476947e+00 2.481944784364451262e-01 9.164072163339772537e-08 1.294459599234954617e+01 2.980603376681453298e+01 1.389065306145680978e+01 3.483093176590522003e+10 5.038828031409477997e+10 4.159991518930755694e-01
1.584893192461097836e+08 3.378101820707037906e+00 -1.217313960236559467e+00 -2.479360342419893559e+00 2.489747228201635854e-01 7.329574563687871104e-08 1.161659282962492767e+01 2.674819348087588011e+01 1.247679738026455531e+01 3.461969383712924194e+10 5.059951824287075806e+10 4.311538738877691568e-01
1.778279410038908124e+08 3.344456155244074580e+00 -1.207304095980475944e+00 -2.477336878204255299e+00 2.497616144208253675e-01 5.863187936846753405e-08 1.042638638528308803e+01 2.400764186454891203e+01 1.120790149662894031e+01 3.440698052470477295e+10 5.081223155529522705e+10 4.468467101734716063e-01
1.995262314968858361e+08 3.311016051230550872e+00 -1.197255106403116942e+00 -2.475245501263973580e+00 2.505550912335027247e-01 4.690786499469262278e-08 9.359349529955707681e+00 2.155069870779684393e+01 1.006894298232030138e+01 3.419275154419419861e+10 5.102646053580580139e+10 4.630970766540802863e-01
2.238721138568310440e+08 3.277779052691979444e+00 -1.187166074966354179e+00 -2.473121908664224655e+00 2.513550998424078919e-01 3.753047883501607700e-08 8.402027630854107088e+00 1.934638357372874751e+01 9.046515925282166748e+00 3.397697540705851746e+10 5.124223667294148254e+10 4.799244575106116351e-01
2.511886431509551406e+08 3.244742299584662870e+00 -1.177035932390731787e+00 -2.470983215579895642e+00 2.521615883091830601e-01 3.002856970874817008e-08 7.542835680904325102e+00 1.736802099775389152e+01 8.128655810995104147e+00 3.375963127168904877e+10 5.145958080831095123e+10 4.973480525738606661e-01
2.818382931264426112e+08 3.211903110294158648e+00 -1.166863630714899625e+00 -2.468780066576241161e+00 2.529744917118412761e-01 2.402909194183508711e-08 6.772318258265157098e+00 1.559383906649275175e+01 7.304609309388942151e+00 3.354069150632825470e+10 5.167852057367174530e+10 5.153880396201856451e-01
3.162277660168340802e+08 3.179259758710125450e+00 -1.156648389414716149e+00 -2.466489122950556556e+00 2.537937115238404484e-01 1.923137777937802001e-08 6.081495632598494794e+00 1.400316118672968990e+01 6.564684303058384351e+00 3.332011327220220566e+10 5.189909880779779053e+10 5.340665585877175658e-01
3.548133892335702181e+08 3.146810091724732583e+00 -1.146389270447829789e+00 -2.464156857633553521e+00 2.546191486546308114e-01 1.539270700666483259e-08 5.461538542514072780e+00 1.257565723280533199e+01 5.900213842570011913e+00 3.309785827360559464e+10 5.212135380639440918e+10 5.534062793048806217e-01
3.981071705534920692e+08 3.114551420336870269e+00 -1.136085135557110659e+00 -2.461799081137826750e+00 2.554507062226880620e-01 1.232076875974899173e-08 4.904986389987528561e+00 1.129414854292396342e+01 5.303468698176781793e+00 3.287390094648445511e+10 5.234531113351554871e+10 5.734294541660144295e-01
4.466835921509580016e+08 3.082480934455263721e+00 -1.125734770945673757e+00 -2.459392892679898246e+00 2.562882787209148638e-01 9.862721263392141821e-09 4.405515762315636685e+00 1.014407492125828547e+01 4.767513111572228013e+00 3.264821411285669708e+10 5.257099796714330292e+10 5.941590291782002931e-01
5.011872336272653341e+08 3.050596765153578360e+00 -1.115337232186351946e+00 -2.456887986117341605e+00 2.571317230330364412e-01 7.896439891282250517e-09 3.957594864615734842e+00 9.112698939373979456e+00 4.286093765056423699e+00 3.242075510792722321e+10 5.279845697207277679e+10 6.156200806219596089e-01
5.623413251903399229e+08 3.018897084509757800e+00 -1.104891560878912049e+00 -2.454325158166575704e+00 2.579808801490205972e-01 6.322774825137970792e-09 3.555557574048206160e+00 8.186973867285473716e+00 3.853601944889939457e+00 3.219147905527394867e+10 5.302773302472605133e+10 6.378389691101430392e-01
6.309573444801839590e+08 2.987379382820502194e+00 -1.094396542491282931e+00 -2.451724537077194288e+00 2.588355937915498006e-01 5.063013349574070337e-09 3.194545458114976810e+00 7.355712750747381179e+00 3.465034779439119639e+00 3.196035368732898331e+10 5.325885839267102051e+10 6.608417419350306465e-01
7.079457843841286898e+08 2.956040895963398363e+00 -1.083850837889915208e+00 -2.449088544926806499e+00 2.596956986305202775e-01 4.054458161627878779e-09 2.870336563486281189e+00 6.609194182959268637e+00 3.115912106096454970e+00 3.172735138372966766e+10 5.349186069627033234e+10 6.846547104737327194e-01
7.943282347242691517e+08 2.924879535062973268e+00 -1.073253295241855865e+00 -2.446353218449344613e+00 2.605609935231703589e-01 3.247345108096436028e-09 2.579457907254733229e+00 5.939421325250367367e+00 2.802196718391215313e+00 3.149243135331536865e+10 5.372678072668463135e+10 7.093062608889253440e-01
8.912509381337294579e+08 2.893893724872099948e+00 -1.062602904961435835e+00 -2.443536538233947120e+00 2.614312437083159968e-01 2.601239895757088276e-09 2.318357497404389456e+00 5.338215413754329397e+00 2.520255799916099271e+00 3.125554286451441193e+10 5.396366921548558807e+10 7.348270344380212205e-01
9.999999999999836683e+08 2.863081205128558349e+00 -1.051898389363251196e+00 -2.440672090010719053e+00 2.623062128698541717e-01 2.083825422649397151e-09 2.083825422649363102e+00 4.798185354594441066e+00 2.266845780707380964e+00 3.101664599326284027e+10 5.420256608673715973e+10 7.612477260435309701e-01
1.122018454301946878e+09 2.832439388417130388e+00 -1.041138315073993903e+00 -2.437776290488367081e+00 2.631856524130833375e-01 1.669389318480179941e-09 1.873085622749312007e+00 4.312939032844035125e+00 2.039067671021419947e+00 3.077571142971972656e+10 5.444350065028027344e+10 7.885988153228903341e-01
1.258925411794145584e+09 2.801965986028098321e+00 -1.030321308664867486e+00 -2.434790255507943701e+00 2.640692821215014363e-01 1.337561592190683556e-09 1.683890278248689309e+00 3.877300652933028058e+00 1.834311678876994423e+00 3.053270069201288605e+10 5.468651138798711395e+10 8.169126532378943040e-01
1.412537544622726679e+09 2.771659559653078198e+00 -1.019446259807436750e+00 -2.431699739634265445e+00 2.649567717718660509e-01 1.071862662351785446e-09 1.514046253251169816e+00 3.486220332839631730e+00 1.650223654232678694e+00 3.028755945626022339e+10 5.493165262373977661e+10 8.462247645018381448e-01
1.584893192461085081e+09 2.741518193505065426e+00 -1.008511852172269352e+00 -2.428551684105720199e+00 2.658477775800014986e-01 8.590061147477191945e-10 1.361432943546105889e+00 3.134815200920267664e+00 1.484697765888681964e+00 3.004024034674709320e+10 5.517897173325290680e+10 8.765714367774377624e-01
1.778279410038893700e+09 2.711539547739935774e+00 -9.975165723816016294e-01 -2.425364292075170791e+00 2.667419393525785054e-01 6.884464710410746581e-10 1.224250184366280525e+00 2.818940224617009882e+00 1.335853880250250647e+00 2.979071008096887207e+10 5.542850199903112793e+10 9.079884996716190981e-01
1.995262314968842030e+09 2.681721267167546330e+00 -9.864588522280837157e-01 -2.422103082342701441e+00 2.676388666092859858e-01 5.518052450403699233e-10 1.100996210631197680e+00 2.535137462042328593e+00 1.202001938083767651e+00 2.953893189094773102e+10 5.568028018905226898e+10 9.405133057328926016e-01
2.238721138568292141e+09 2.652061932315040060e+00 -9.753374251109074855e-01 -2.418721628947059887e+00 2.685381073900753313e-01 4.423605112649838476e-10 9.903218274367964202e-01 2.280300277122589314e+00 1.081615994604645303e+00 2.928485137409882355e+10 5.593436070590117645e+10 9.741869324028985533e-01
2.511886431509531021e+09 2.622560052055254332e+00 -9.641509598079359700e-01 -2.415268783975238698e+00 2.694391756817268724e-01 3.546527115199132902e-10 8.908473339649340961e-01 2.051251791321145657e+00 9.733271928935522954e-01 2.902841467472615814e+10 5.619079740527384186e+10 1.009052387618974533e+00
2.818382931264402866e+09 2.593213575173457741e+00 -9.528978692168700304e-01 -2.411763404868371818e+00 2.703415640966908562e-01 2.843486203370728011e-10 8.014032980865880562e-01 1.845299287650441489e+00 8.759134159192629721e-01 2.876958288578572083e+10 5.644962919421427917e+10 1.045152364079234619e+00
3.162277660168314457e+09 2.564020280887848280e+00 -9.415764488897961915e-01 -2.408200845559352654e+00 2.712447296160919175e-01 2.279932098063071140e-10 7.209778340405524899e-01 1.660112813040911295e+00 7.882781134019795077e-01 2.850832044385005188e+10 5.671089163614994812e+10 1.082530589326985870e+00
3.548133892335673332e+09 2.534978713094369063e+00 -9.301852398064575089e-01 -2.404515159027930782e+00 2.721480616498984650e-01 1.828362140344780616e-10 6.487273677620709611e-01 1.493749966426210829e+00 7.094315439153018321e-01 2.824457638023529053e+10 5.697463569976470947e+10 1.121234627331443523e+00
3.981071705534887791e+09 2.506087809196355209e+00 -9.187228954435463502e-01 -2.400735314111417829e+00 2.730508899536224776e-01 1.466386812732826431e-10 5.837791049540141941e-01 1.344201064668519630e+00 6.384827681379338093e-01 2.797829173754394531e+10 5.724092034245605469e+10 1.161315635114003042e+00
4.466835921509543419e+09 2.477345900121452171e+00 -9.071877855383597700e-01 -2.396893609163798011e+00 2.739525125966273400e-01 1.176130419124412324e-10 5.253581604524999449e-01 1.209681868740700494e+00 5.746356948027036005e-01 2.770942145629415894e+10 5.750979062370584106e+10 1.202825057326272429e+00
5.011872336272612572e+09 2.448751084538723699e+00 -8.955781331713489335e-01 -2.393005622236410446e+00 2.748521810593212988e-01 9.433440622513759507e-11 4.727920009184700678e-01 1.088643813401696470e+00 5.171775527491438984e-01 2.743793160036085892e+10 5.778128047963914490e+10 1.245814681010224856e+00
5.623413251903352737e+09 2.420301904235008461e+00 -8.838922862036040495e-01 -2.389003256490064953e+00 2.757490752234389442e-01 7.567269902612217905e-11 4.255388585107893751e-01 9.798394320966461457e-01 4.654654716116855551e-01 2.716377695387005997e+10 5.805543512612994385e+10 1.290340047847416516e+00
6.309573444801788330e+09 2.391997674677706520e+00 -8.721288639632081008e-01 -2.384883949870414632e+00 2.766422888045200756e-01 6.071023197684101831e-11 3.830556675088324647e-01 8.820182697927213544e-01 4.189190290644515535e-01 2.688689692636746216e+10 5.833231515363253784e+10 1.336462068886494103e+00
7.079457843841228485e+09 2.363837243799032262e+00 -8.602862493729853677e-01 -2.380695752303505941e+00 2.775308643459018509e-01 4.870814734313181991e-11 3.448272757673088718e-01 7.939941448395524404e-01 3.770187186986448946e-01 2.660724174812839890e+10 5.861197033187159729e+10 1.384243083789046258e+00
7.943282347242626190e+09 2.335819159541543399e+00 -8.483626473894986253e-01 -2.376460770003620215e+00 2.784137835757918844e-01 3.907876035844165521e-11 3.104136273073345165e-01 7.147537909000779566e-01 3.393000203051542707e-01 2.632477826696515656e+10 5.889443381303484344e+10 1.433745401953618437e+00
8.912509381337221146e+09 2.307942097469642295e+00 -8.363562605796953653e-01 -2.372132164722160041e+00 2.792899491491624975e-01 3.135521668894273129e-11 2.794536628940634815e-01 6.434658383624539679e-01 3.053445295735911502e-01 2.603946860469374084e+10 5.917974347530625916e+10 1.485034758304535574e+00
9.999999999999753952e+09 2.280205678452464468e+00 -8.242656487452578729e-01 -2.367670236376776316e+00 2.801581540810230697e-01 2.516130462882586187e-11 2.516130462882524288e-01 5.793604495861508497e-01 2.747738723748761602e-01 2.575125610927282333e+10 5.946795597072717285e+10 1.538183642317401345e+00
1.122018454301937675e+10 2.252609391788237048e+00 -8.120892739330033416e-01 -2.363132621183107851e+00 2.810171106857942136e-01 2.019147439761665830e-11 2.265520689369099061e-01 5.216554167210881721e-01 2.472484757171952985e-01 2.546008924578938293e+10 5.975912283421061707e+10 1.593267848646217510e+00
1.258925411794135284e+10 2.225152309055195232e+00 -7.998253667833220559e-01 -2.358539932925511007e+00 2.818654539457987607e-01 1.620308612680146040e-11 2.039847687451936953e-01 4.696922877105207950e-01 2.224647831064051895e-01 2.516593560552185440e+10 6.005327647447814941e+10 1.650363372392625205e+00
1.412537544622714996e+10 2.197833440401320892e+00 -7.874720753127500972e-01 -2.353879430416150775e+00 2.827017243581307349e-01 1.300254270581799866e-11 1.836657974752815004e-01 4.229061273594466597e-01 2.001498227296560906e-01 2.486876602065467834e+10 6.035044605934532166e+10 1.709549171021313096e+00
1.584893192461071968e+10 2.170652653385294339e+00 -7.750278842612731145e-01 -2.349084562968152490e+00 2.835243339489117442e-01 1.043520954363454031e-11 1.653869256761119344e-01 3.808174696379295621e-01 1.800567328047217586e-01 2.456853457116827393e+10 6.065067750883172607e+10 1.770911581549799774e+00
1.778279410038879013e+10 2.143610117894362066e+00 -7.624913786751711386e-01 -2.344198131045772016e+00 2.843315779685946509e-01 8.374984450867149499e-12 1.489306240837282025e-01 3.429254349054925988e-01 1.619631601911362684e-01 2.426519150735065842e+10 6.095402057264933777e+10 1.834543099881424721e+00
1.995262314968825912e+10 2.116705492544087353e+00 -7.498608670024755618e-01 -2.339252573105730537e+00 2.851216529121973764e-01 6.721279331258105027e-12 1.341071535803816939e-01 3.087931326980499769e-01 1.456701960010477748e-01 2.395870637213449478e+10 6.126050570786550903e+10 1.900537450143724660e+00
2.238721138568273544e+10 2.089938289160103047e+00 -7.371345388231435036e-01 -2.334262196304972115e+00 2.858926380554959734e-01 5.393770393678759850e-12 1.207514779691235829e-01 2.780405531287029053e-01 1.309993538553790027e-01 2.364906173101898956e+10 6.157015034898101044e+10 1.968990476116967425e+00
2.511886431509510422e+10 2.063308591905371081e+00 -7.243108069574900609e-01 -2.329150235953750148e+00 2.866424676678929750e-01 4.328645990915686682e-12 1.087306713138915248e-01 2.503616229186019781e-01 1.177892994541964444e-01 2.333622792420689774e+10 6.188298415579310608e+10 2.040005728922348993e+00
2.818382931264379883e+10 2.036817164854437312e+00 -7.113883761492211244e-01 -2.323927944852839822e+00 2.873689225429983951e-01 3.473913887906983272e-12 9.790819606359321692e-02 2.254419527379680765e-01 1.058942100627822402e-01 2.302016249541501617e+10 6.219904958458498383e+10 2.113696338068362213e+00
3.162277660168288803e+10 2.010464305727066137e+00 -6.983656932692456909e-01 -2.318645717949016305e+00 2.880696553226073098e-01 2.787768886349099053e-12 8.815699271013985316e-02 2.029889772575527995e-01 9.518343681289426206e-02 2.270084018050762558e+10 6.251837189949237061e+10 2.190178641128385451e+00
3.548133892335644531e+10 1.984250077866637874e+00 -6.852410482311995787e-01 -2.313329578074905246e+00 2.887421751088152244e-01 2.236891032823925749e-12 7.936788887024255612e-02 1.827513177750285656e-01 8.553992943707977581e-02 2.237825676738048935e+10 6.284095531261950684e+10 2.269570637283508940e+00
3.981071705534854889e+10 1.958174764763386699e+00 -6.720127968991159717e-01 -2.307917959249551121e+00 2.893838272280164214e-01 1.794808426290652780e-12 7.145261042761258397e-02 1.645257156261316633e-01 7.685800360205080617e-02 2.205240306343582916e+10 6.316680901656417084e+10 2.351998101580866862e+00
4.466835921509506989e+10 1.932239525970053107e+00 -6.586797063510277939e-01 -2.302379321482272978e+00 2.899917710255059400e-01 1.440095467911926798e-12 6.432670166472036211e-02 1.481177043346603717e-01 6.904191810303103582e-02 2.172325152502441788e+10 6.349596055497558594e+10 2.437599678266025194e+00
5.011872336272570801e+10 1.906445268238503576e+00 -6.452403919246444408e-01 -2.296778839495748237e+00 2.905630014256835314e-01 1.155363139123589773e-12 5.790532555322557007e-02 1.333319394238244027e-01 6.200567700906894908e-02 2.139078648975606537e+10 6.382842559024393463e+10 2.526520629981602539e+00
5.623413251903306580e+10 1.880792513684994338e+00 -6.316932378471334930e-01 -2.291140540696054995e+00 2.910943420126770875e-01 9.267874994852035629e-13 5.211709106303422795e-02 1.200040369719558297e-01 5.567227759917447311e-02 2.105501775212361145e+10 6.416419432787638855e+10 2.618908571032662724e+00
6.309573444801736450e+10 1.855281723859891319e+00 -6.180365572286574682e-01 -2.285437710880715123e+00 2.915824278102211453e-01 7.433403442930144238e-13 4.690160496800983847e-02 1.079949364368349429e-01 4.997230326395472877e-02 2.071595918339738846e+10 6.450325289660261536e+10 2.714919005152282683e+00
7.079457843841171265e+10 1.829914173730088134e+00 -6.042690661524642293e-01 -2.279601117877980254e+00 2.920236815216738502e-01 5.961799497721686519e-13 4.220630821755414624e-02 9.718361613205227234e-02 4.484283944973257302e-02 2.037360685923893738e+10 6.484560522076106262e+10 2.814722805559990437e+00
7.943282347242561340e+10 1.804691226496684342e+00 -5.903895114986401627e-01 -2.273687113431928086e+00 2.924143230996963938e-01 4.780888941415686450e-13 3.797595073247439501e-02 8.744285804887186320e-02 4.022717759520948871e-02 2.002795920317620087e+10 6.519125287682379913e+10 2.918503011129920388e+00
8.912509381337149048e+10 1.779613687551291790e+00 -5.763963112841249403e-01 -2.267726202384666045e+00 2.927503710385970792e-01 3.833162340211017242e-13 3.416309531731895333e-02 7.866343400819331144e-02 3.607452029378287878e-02 1.967904122710163879e+10 6.554017085289836121e+10 3.026447503625075530e+00
9.999999999999673462e+10 1.754682143271107275e+00 -5.622877255692987353e-01 -2.261725081120246728e+00 2.930276251160484624e-01 3.072648942883776942e-13 3.072648942883676737e-02 7.075035651887867649e-02 3.233917553060609157e-02 1.932689318741289520e+10 6.589231889258710480e+10 3.138752118119340739e+00
1.122018454301928558e+11 1.729897721128673460e+00 -5.480622860271172625e-01 -2.255593631012833722e+00 2.932416498319298515e-01 2.462759474763401807e-13 2.763261579191461648e-02 6.362644920289445283e-02 2.897975538756178068e-02 1.897154217064732742e+10 6.624766990935267639e+10 3.255630398162934647e+00
1.258925411794125061e+11 1.705261987387825862e+00 -5.337187572232340305e-01 -2.249355331468927410e+00 2.933877740744435525e-01 1.973616105965445981e-13 2.484635468926066695e-02 5.721084592273432273e-02 2.595882300942107396e-02 1.861300657577302933e+10 6.660620550422697449e+10 3.377315767170660177e+00
1.412537544622703552e+11 1.680775910353718983e+00 -5.192555381956597271e-01 -2.243059948819849936e+00 2.934610924830974854e-01 1.581241774263811981e-13 2.233563373273452293e-02 5.142969727556947340e-02 2.324280942946348877e-02 1.825133016059130478e+10 6.696788191940869141e+10 3.504051330952924648e+00
1.584893192461058960e+11 1.656440142317400888e+00 -5.046708070716652283e-01 -2.236733014820138532e+00 2.934564509008101840e-01 1.266503523805005905e-13 2.007272813106496592e-02 4.621916457031242237e-02 2.080158788331645109e-02 1.788658311659368896e+10 6.733262896340631104e+10 3.636088993036122652e+00
1.778279410038864746e+11 1.632255535323202444e+00 -4.899628223015251582e-01 -2.230290746707652261e+00 2.933684375748204509e-01 1.014206429899314617e-13 1.803542411818976482e-02 4.152809872036903466e-02 1.860790630104942195e-02 1.751883061114064407e+10 6.770038146885935974e+10 3.773701083100267528e+00
1.995262314968809509e+11 1.608223646937968931e+00 -4.751302450021507306e-01 -2.223709109537081563e+00 2.931913857082473762e-01 8.120110889519468497e-14 1.620175125122605420e-02 3.730591091147074378e-02 1.663705606025343495e-02 1.714812150849130821e+10 6.807109057150868988e+10 3.917188823073864956e+00
2.238721138568255310e+11 1.584345608574464492e+00 -4.601714568242157299e-01 -2.217058612600819600e+00 2.929193683842256091e-01 6.499255407664275020e-14 1.455002046609205589e-02 3.350266022798184529e-02 1.486684178176712889e-02 1.677452602894657516e+10 6.844468605105342102e+10 4.066871279962861685e+00
2.511886431509489746e+11 1.560622143992395072e+00 -4.450845520093097973e-01 -2.210367488129703073e+00 2.925461882298427407e-01 5.200028564723441454e-14 1.306188119519057986e-02 3.007609292650507971e-02 1.327737295290496236e-02 1.639814892048267746e+10 6.882106315951731873e+10 4.223079740084558331e+00
2.818382931264356689e+11 1.537053914595615023e+00 -4.298675417523170617e-01 -2.203587700070419597e+00 2.920653745719472005e-01 4.159147243147131168e-14 1.172206959870107992e-02 2.699106271700780352e-02 1.185069406181714705e-02 1.601910171999966049e+10 6.920011036000033569e+10 4.386169438124732700e+00
3.162277660168262939e+11 1.513642361499415001e+00 -4.145189061723975610e-01 -2.196646877119079022e+00 2.914702048913750398e-01 3.325729453059571744e-14 1.051687995317389900e-02 2.421601100498613907e-02 1.057051721876730438e-02 1.563747946730526924e+10 6.958173261269473267e+10 4.556533707171950276e+00
3.548133892335615234e+11 1.490388857714338489e+00 -3.990370642402176760e-01 -2.189618851929832744e+00 2.907536992046493851e-01 2.658280726164004009e-14 9.431935939845034061e-03 2.171783509316196209e-02 9.422171066313607402e-03 1.525339062385112000e+10 6.996582145614888000e+10 4.734596852279993939e+00
3.981071705534822998e+11 1.467294244176995166e+00 -3.834200544927206522e-01 -2.182534719285749603e+00 2.899086061217099886e-01 2.123815022400017930e-14 8.455059893466516929e-03 1.946849487106782836e-02 8.392512817207866890e-03 1.486698247174421692e+10 7.035222960825578308e+10 4.920803190571507280e+00
4.466835921509470215e+11 1.444359161826610283e+00 -3.676657365699341762e-01 -2.175390861059331549e+00 2.889274101948403062e-01 1.695989474159268601e-14 7.575706705676578563e-03 1.744370932938592300e-02 7.469707712196527356e-03 1.447842331795064735e+10 7.074078876204934692e+10 5.115626132413396476e+00
5.011872336272529907e+11 1.421584866011080805e+00 -3.517723520581666485e-01 -2.168083013186024033e+00 2.878023781675399517e-01 1.353819092630951525e-14 6.785168458674643681e-03 1.562342774639762129e-02 6.643029285301942609e-03 1.408787128605866432e+10 7.113134079394132996e+10 5.319587346801835537e+00
5.623413251903260498e+11 1.398972933112798467e+00 -3.357383481858168817e-01 -2.160653874420851661e+00 2.865255763758768337e-01 1.080166611765836596e-14 6.074223238867450247e-03 1.398641588133420210e-02 5.902783194608650363e-03 1.369548623172454643e+10 7.152372584827545166e+10 5.533259724472737950e+00
6.309573444801684570e+11 1.376524339406981490e+00 -3.195617275415334468e-01 -2.153156423124531038e+00 2.850888401377191239e-01 8.613302085335622624e-15 5.434626210968861865e-03 1.251368929937161575e-02 5.240280565091007779e-03 1.330146763644070053e+10 7.191774444355929565e+10 5.757250861070291492e+00
7.079457843841113281e+11 1.354239773904974520e+00 -3.032402444141804043e-01 -2.145617597101035834e+00 2.834837985263775617e-01 6.863834486574108168e-15 4.859222689480421388e-03 1.118877372833605374e-02 4.647718989398318817e-03 1.290605140235608673e+10 7.231316067764392090e+10 5.992205690927381312e+00
7.943282347242496338e+11 1.332120226082769365e+00 -2.867718278669236232e-01 -2.137927307122040155e+00 2.817019397160718253e-01 5.466633898248492461e-15 4.342301654279468077e-03 9.998519058427288164e-03 4.118036669729237612e-03 1.250947262268257523e+10 7.270973945731742859e+10 6.238831603942542436e+00
8.912509381337076416e+11 1.310167321751190661e+00 -2.701548555843482635e-01 -2.130076097392648471e+00 2.797346888778464158e-01 4.351248164116991887e-15 3.878054008321842050e-03 8.929549349387680413e-03 3.644834959533865132e-03 1.211195824197531891e+10 7.310725383802468872e+10 6.497915269659253035e+00
9.999999999999591064e+11 1.288382192669396797e+00 -2.533873171044748740e-01 -2.122143729161189096e+00 2.775733619365805538e-01 3.460887365833204156e-15 3.460887365833062793e-03 7.968987657098641417e-03 3.222371534371708691e-03 1.171377181967903709e+10 7.350544026032096863e+10 6.770303366840157544e+00
1.122018454301919434e+12 1.266765600085522081e+00 -2.364668803448432000e-01 -2.114167429106951879e+00 2.752092046968834804e-01 2.750431695289308127e-15 3.086035119411517560e-03 7.105858462413060586e-03 2.845500381383917875e-03 1.131522452003945732e+10 7.390398755996054077e+10 7.056897085777726453e+00
1.258925411794114746e+12 1.245318310775398896e+00 -2.193911685438738324e-01 -2.106070294898441553e+00 2.726334754714443975e-01 2.184081363171323721e-15 2.749595529522310192e-03 6.331177678041141794e-03 2.509574477872564095e-03 1.091663990019059563e+10 7.430257217980940247e+10 7.358680893953606805e+00
1.412537544622691895e+12 1.224041870295905499e+00 -2.021583912631549906e-01 -2.097778818425379832e+00 2.698376135920379504e-01 1.733012799647928637e-15 2.447945644814381993e-03 5.636603150209293367e-03 2.210379957166304279e-03 1.051833004920862770e+10 7.470088203079136658e+10 7.676755144385982277e+00
1.584893192461046143e+12 1.202937626483991274e+00 -1.847665873391375613e-01 -2.089389579554077336e+00 2.668132121183829919e-01 1.373808538128995679e-15 2.177339799825506964e-03 5.013510165460852153e-03 1.944127124274551942e-03 1.012063525657407188e+10 7.509857682342593384e+10 8.012322966292344972e+00
1.778279410038850098e+12 1.182006421356778025e+00 -1.672133515890974198e-01 -2.080937708464377423e+00 2.635520407997475334e-01 1.087921589454582009e-15 1.934628562263822175e-03 4.454646887949179936e-03 1.707423197939302115e-03 9.723948132288902283e+09 7.549526394771109009e+10 8.366675798517277940e+00
1.995262314968793213e+12 1.161248911212576562e+00 -1.494960735459681667e-01 -2.072402498683441507e+00 2.600461633325132360e-01 8.605899793222523731e-16 1.717102754381463195e-03 3.953775205377773466e-03 1.497212645606129256e-03 9.328687494564355850e+09 7.589052458543563843e+10 8.741222423414837905e+00
2.238721138568236816e+12 1.140666429108097235e+00 -1.316126785389515053e-01 -2.063660272901824744e+00 2.562881908572120504e-01 6.800616887270268344e-16 1.522468478083607336e-03 3.505613222188646693e-03 1.310727934916969609e-03 8.935264767231698990e+09 7.628394731276829529e+10 9.137536992825484816e+00
2.511886431509469238e+12 1.120260502068811892e+00 -1.135612493947469326e-01 -2.054781232514899525e+00 2.522713460565808585e-01 5.367678858331646446e-16 1.348299969294350148e-03 3.104575410181500354e-03 1.145473219107716713e-03 8.544103985416929245e+09 7.667510809458306885e+10 9.557368986035005065e+00
2.818382931264333984e+12 1.100032048703660115e+00 -9.533931456504918245e-02 -2.045823342253474841e+00 2.479894311065995172e-01 4.231050652027719008e-16 1.192472093898975377e-03 2.745768467223176808e-03 9.992146221726003370e-04 8.155679789675468445e+09 7.706353229032452393e+10 1.000261929763657953e+01
3.162277660168236816e+12 1.079981713107586172e+00 -7.694410868498459399e-02 -2.036813197005148623e+00 2.434370008380935535e-01 3.330300146322424208e-16 1.053133375437041198e-03 2.424929211215833165e-03 8.699471802116256081e-04 7.770506628341898918e+09 7.744870545165809631e+10 1.047536196336511871e+01
3.548133892335586426e+12 1.060110543492309931e+00 -5.837318900003617833e-02 -2.027604615284055001e+00 2.386096620410828317e-01 2.617683759595601089e-16 9.287892466837592087e-04 2.138616273947193357e-03 7.558585430825503788e-04 7.389096719431657791e+09 7.783011536056834412e+10 1.097791401051910398e+01
3.981071705534790039e+12 1.040420144030482330e+00 -3.962461621814990925e-02 -2.018209338461781410e+00 2.335043093142993020e-01 2.054471215489988834e-16 8.178997225822862930e-04 1.883283708781938008e-03 6.553110435143224633e-04 7.011957110161187172e+09 7.820725496983880615e+10 1.151288511763366351e+01
4.466835921509433594e+12 1.020911554862675041e+00 -2.069590943877724562e-02 -2.008720913128554830e+00 2.281190283979818434e-01 1.609695467488559775e-16 7.190245536868818989e-04 1.655615218816111319e-03 5.668385703243715608e-04 6.639635884707891464e+09 7.857957619529211426e+10 1.208315097827300022e+01
5.011872336272489258e+12 1.001585458477323609e+00 -1.584202964898683138e-03 -1.999188199087267970e+00 2.224532966220189312e-01 1.258860271563364058e-16 6.309246970280898070e-04 1.452757802178664473e-03 4.891292447995024316e-04 6.272725930416673660e+09 7.894648614958332825e+10 1.269186537225032829e+01
5.623413251903214844e+12 9.824426183936165735e-01 1.771334061490069389e-02 -1.989491417212964297e+00 2.165082849707342660e-01 9.826543714700456545e-17 5.525871614565279434e-04 1.272378960549695346e-03 4.210008257312937126e-04 5.911822196710643768e+09 7.930738988328935242e+10 1.334255548378500045e+01
6.309573444801632812e+12 9.634845693066886874e-01 3.719880650589537513e-02 -1.979558570845339371e+00 2.102872970410195885e-01 7.655743692139849211e-17 4.830447710013319705e-04 1.112251688956389633e-03 3.613850594936418212e-04 5.557498535991320610e+09 7.966171354400868225e+10 1.403922934451529336e+01
7.079457843841054688e+12 9.447125212909177616e-01 5.687460804388724117e-02 -1.969516194940995835e+00 2.037956522926832326e-01 5.951443974865636184e-17 4.213299673004311237e-04 9.701481019376414832e-04 3.093250647212912575e-04 5.210349628228198051e+09 8.000886245177180481e+10 1.478637203633821784e+01
7.943282347242431641e+12 9.261271994637616523e-01 7.674368933787924230e-02 -1.959411712572997288e+00 1.970408017758505659e-01 4.615527717884987588e-17 3.666243984468396688e-04 8.441838745916024596e-04 2.639667653080603324e-04 4.871006791757696152e+09 8.034820528824230957e+10 1.558895188065384119e+01
8.912509381337003906e+12 9.077291703958827451e-01 9.680921536144930506e-02 -1.949194155697850928e+00 1.900326125459846638e-01 3.570564499460907259e-17 3.182268959811419937e-04 7.327445068759444458e-04 2.245435557713718305e-04 4.540102212744566917e+09 8.067910986725543213e+10 1.645254679761718819e+01
9.999999999999509766e+12 8.895197499182804224e-01 1.170735687295063054e-01 -1.938713675582305562e+00 1.827839145728816228e-01 2.755223323787425261e-17 2.755223323787290277e-04 6.344136153222122492e-04 1.903646027164180568e-04 4.218234001622647285e+09 8.100097807837734985e+10 1.738352851830427426e+01
1.122018454301910156e+13 8.715003171644570834e-01 1.375390500927448079e-01 -1.928082679461801785e+00 1.753104496537216672e-01 2.120095168295813823e-17 2.378785903704216996e-04 5.477356961293700088e-04 1.608108699301286386e-04 3.905988208007839203e+09 8.131322387199215698e+10 1.838914481492601283e+01
1.258925411794104297e+13 8.536716260395199596e-01 1.582086719718683865e-01 -1.917368336701742004e+00 1.676307254579113282e-01 1.626374712847085884e-17 2.047484455102535649e-04 4.714507184456135421e-04 1.353312095657541636e-04 3.603965495758633614e+09 8.161524658424136353e+10 1.947753584089912948e+01
1.412537544622680273e+13 8.360341515129635637e-01 1.790858156397569789e-01 -1.906591035569184855e+00 1.597662451469930855e-01 1.243523287504486630e-17 1.756523331212710918e-04 4.044544437946631286e-04 1.134335805097473512e-04 3.312758401556330681e+09 8.190645367844366455e+10 2.065789757326873755e+01
1.584893192461033008e+13 8.185888812590039754e-01 2.001732976461745583e-01 -1.895553040075119045e+00 1.517419424163897190e-01 9.476255621476386063e-18 1.501885302449852005e-04 3.458218708807883363e-04 9.467667264286114184e-05 3.032908947578195572e+09 8.218630313242179871e+10 2.194079389559281879e+01
1.778279410038835547e+13 8.013372686287872915e-01 2.214733610727803725e-01 -1.884299753622015627e+00 1.435862296512723513e-01 7.195261542481458662e-18 1.279518545083905146e-04 2.946200328119629938e-04 7.866562505054241821e-05 2.764907080803801537e+09 8.245430499919619751e+10 2.333843162027427454e+01
1.995262314968776953e+13 7.842801275687408813e-01 2.429890168777902593e-01 -1.872946808604439184e+00 1.353304553675230282e-01 5.441595060428384432e-18 1.085740955739300035e-04 2.500010939538420689e-04 6.505009688139734992e-05 2.509223455903415203e+09 8.270998862409658813e+10 2.486474544312516244e+01
2.238721138568218750e+13 7.674179093310842248e-01 2.647237637675305955e-01 -1.861558836631590275e+00 1.270089087255155957e-01 4.097613944515306226e-18 9.173414955278316155e-05 2.112256852787249310e-04 5.351942740058322100e-05 2.266300163876139164e+09 8.295291191612385559e+10 2.653563677825362888e+01
2.511886431509448438e+13 7.507512373118765403e-01 2.866809240189878705e-01 -1.849948359728847525e+00 1.186589014039647338e-01 3.071877754655134725e-18 7.716208051173943725e-05 1.776722563307376170e-04 4.379697886034670000e-05 2.036508179732418299e+09 8.318270390026757812e+10 2.836951745205686137e+01
2.818382931264310938e+13 7.342814952207283863e-01 3.088628154130934056e-01 -1.838051122357082345e+00 1.103208116979880887e-01 2.292085076019936527e-18 6.459973455260249622e-05 1.487463857921949044e-04 3.563651280727342017e-05 1.820128978548212528e+09 8.339908310145178223e+10 3.038796377893994816e+01
3.162277660168211328e+13 7.180096091342884623e-01 3.312723268280791111e-01 -1.826037387333925288e+00 1.020371090058921210e-01 1.701369627276093334e-18 5.380203164023906451e-05 1.238837560276084707e-04 2.882075926177836290e-05 1.617384201311259985e+09 8.360182787868873596e+10 3.261606225561003214e+01
3.548133892335557031e+13 7.019360218381283101e-01 3.539130160922762114e-01 -1.813979761978739891e+00 9.385185651098004733e-02 1.255802177752105579e-18 4.455754268951047715e-05 1.025975335773126576e-04 2.315872702165535908e-05 1.428438046236377478e+09 8.379077403376362610e+10 3.508286929628106066e+01
3.981071705534757812e+13 6.860610521068041256e-01 3.767886579760319488e-01 -1.801770937089204105e+00 8.581031646554528047e-02 9.214369356347660638e-19 3.668306512890219095e-05 8.446587893113989044e-05 1.848214170894406537e-05 1.253364419523482323e+09 8.396584766047651672e+10 3.782241318755467319e+01
4.466835921509397656e+13 6.703858464110202808e-01 3.999018421925277234e-01 -1.789223965040033004e+00 7.795874623507914603e-02 6.719159126958605043e-19 3.001338135063642156e-05 6.910836448832093028e-05 1.464278562345756112e-05 1.092124308106212616e+09 8.412708777189378357e+10 4.087509408144828882e+01
5.011872336272448438e+13 6.549114671393134746e-01 4.232552171552565468e-01 -1.776520700025950861e+00 7.034313004562721405e-02 4.866363870961801459e-19 2.438959446310915983e-05 5.615911663492527156e-05 1.151109859537641962e-05 9.445847960898942947e+08 8.427462728391011047e+10 4.428885052620249496e+01
5.623413251903168750e+13 6.396383250063224502e-01 4.468523795449364511e-01 -1.763746827428858577e+00 6.300801441856744567e-02 3.498561213532949892e-19 1.967385549077562120e-05 4.530072637477900686e-05 8.974602520133822997e-06 8.105330390626820326e+08 8.440867904093731689e+10 4.812029254966110869e+01
6.309573444801581250e+13 6.245665411507643761e-01 4.706974040105794121e-01 -1.750904028663016865e+00 5.599575211255533591e-02 2.495382666417403808e-19 1.574480020664541254e-05 3.625374224799130077e-05 6.935740804564573437e-06 6.896604504678378105e+08 8.452955162953216553e+10 5.243674378829167182e+01
7.079457843840996875e+13 6.096968749690655498e-01 4.947933716037826724e-01 -1.737713851655964037e+00 4.934592969926576700e-02 1.765206086777800044e-19 1.249670207703496716e-05 2.877471991416844605e-05 5.310029250510586374e-06 5.815466839770146608e+08 8.463766539602297974e+10 5.731931990748805816e+01
7.943282347242367188e+13 5.950304521858914564e-01 5.191426946018108390e-01 -1.724282501759127006e+00 4.309416620031244344e-02 1.237540039038487434e-19 9.830129946100047417e-06 2.263471067608433364e-05 4.024793485754272641e-06 4.856708553897734284e+08 8.473354122461022949e+10 6.286643011458594543e+01
8.912509381336929688e+13 5.805676683484323197e-01 5.437489155621574310e-01 -1.710761900874457009e+00 3.727062550288266773e-02 8.591837939631801709e-20 7.657483623989498327e-06 1.763200764244424369e-05 3.018125527791063036e-06 4.014360225714318156e+08 8.481777605742857361e+10 6.919704793500767437e+01
9.999999999999428125e+13 5.663085296834132754e-01 5.686162438472331937e-01 -1.697239123690341023e+00 3.189928510924227439e-02 5.902444633589035354e-20 5.902444633588698099e-06 1.359088102552403881e-05 2.237553311091859150e-06 3.281724616263517737e+08 8.489103961837364197e+10 7.645552406296539516e+01
1.122018454301901094e+14 5.522533343612175960e-01 5.937483989251851613e-01 -1.683410212991329091e+00 2.699740281067362219e-02 4.010132591177640429e-20 4.499442771498813363e-06 1.036034985243298263e-05 1.638772539142936070e-06 2.651339997439094186e+08 8.495407808025608826e+10 8.481912228607254178e+01
1.258925411794094062e+14 5.384031286040108499e-01 6.191476897398046075e-01 -1.669235342046607284e+00 2.257497106926232081e-02 2.692245904687358210e-20 3.389336784209495727e-06 7.804236354457161592e-06 1.184657883970684370e-06 2.115103617595916092e+08 8.500770171824040222e+10 9.450809669959301118e+01
1.412537544622668750e+14 5.247583475402128883e-01 6.448174127562518176e-01 -1.654953806705779851e+00 1.863380688900235366e-02 1.784124077174711245e-20 2.520142243274551592e-06 5.802841961588556409e-06 8.444809260695428603e-07 1.664561527532690167e+08 8.505275592724673462e+10 1.057961958087775258e+02
1.584893192461020000e+14 5.113189196671384940e-01 6.707617745157722355e-01 -1.640686732752005605e+00 1.516751520937127500e-02 1.165789820894444873e-20 1.847652350975957350e-06 4.254376760392641973e-06 5.930504580200139595e-07 1.291074904983532876e+08 8.509010458950164795e+10 1.190244321297878969e+02
1.778279410038820938e+14 4.980847026987897941e-01 6.969851306798821033e-01 -1.626216701292570344e+00 1.216181208283942036e-02 7.504172091314240047e-21 1.334451471937207152e-06 3.072688066606575480e-06 4.098738373450343173e-07 9.859041377828058600e+07 8.512062166622172546e+10 1.346221743390659924e+02
1.995262314968760312e+14 4.850564719114010548e-01 7.234899578921832886e-01 -1.611303941987402899e+00 9.595189149311605242e-03 4.753866780733008490e-21 9.485211237978430672e-07 2.184050600046873458e-06 2.784553706786986550e-07 7.403578433183844388e+07 8.514517629566816711e+10 1.531374697537619340e+02
2.238721138568200312e+14 4.722347472443989558e-01 7.502790711752633790e-01 -1.596250815653814881e+00 7.439396110107828267e-03 2.959466745519204609e-21 6.625420762083480446e-07 1.525559508158667402e-06 1.857151179735605517e-07 5.460314389354614913e+07 8.516460893610646057e+10 1.752740332960107708e+02
2.511886431509428125e+14 4.596193502010745835e-01 7.773566316286365518e-01 -1.581181112892473095e+00 5.660522816937580380e-03 1.807880708508523578e-21 4.541191021490211709e-07 1.045647875052176505e-06 1.214349333932897293e-07 3.949851632219935209e+07 8.517971356367779541e+10 2.019383423830309994e+02
2.818382931264288125e+14 4.472097884404709900e-01 8.047274690970919186e-01 -1.566048468212745348e+00 4.220476233946717816e-03 1.082136872559643421e-21 3.049876090913817149e-07 7.022599222417109346e-07 7.773723846094273654e-08 2.798405110310627148e+07 8.519122802889689636e+10 2.343097157139841897e+02
3.162277660168185625e+14 4.350063734346434896e-01 8.323945964268931741e-01 -1.550435545895939793e+00 3.078620005462405062e-03 6.338403490292417059e-22 2.004379175848376584e-07 4.615253611016163037e-07 4.864260637735968396e-08 1.938727931018200517e+07 8.519982480068981934e+10 2.739435340992920374e+02
3.548133892335528125e+14 4.230096596118206320e-01 8.603602642348447960e-01 -1.534568350628639832e+00 2.193250098586220238e-03 3.626101767707630579e-22 1.286589457906121354e-07 2.962481706577925534e-07 2.969826808337454326e-08 1.311078052551700547e+07 8.520610129947448730e+10 3.229160456480115045e+02
3.981071705534725000e+14 4.112193546556492940e-01 8.886284972337784582e-01 -1.518661426522896818e+00 1.523107241258526935e-03 2.021953105034712772e-22 8.049540296371776713e-08 1.853475149188052620e-07 1.765837594395965082e-08 8.638255720047663897e+06 8.521057382427995300e+10 3.840163780311049209e+02
4.466835921509360625e+14 3.996347312221821824e-01 9.172043210141999081e-01 -1.502831321351033811e+00 1.028907605496047310e-03 1.096562461091546813e-22 4.898164591382431828e-08 1.127844077114846007e-07 1.020507787820243535e-08 5.534077742332058027e+06 8.521367800225767517e+10 4.610286259686855601e+02
5.011872336272406875e+14 3.882555137813621382e-01 9.460916154280084589e-01 -1.486558252633941812e+00 6.745973069514414567e-04 5.772933792300637829e-23 2.893320717276372336e-08 6.662117152851415801e-08 5.719938397202484583e-09 3.439862116467976943e+06 8.521577221788352966e+10 5.591601544258030572e+02
5.623413251903122500e+14 3.770821646957033257e-01 9.752921717904292631e-01 -1.469866629655211199e+00 4.282331073887716806e-04 2.943037467182959452e-23 1.654991589380405387e-08 3.810758962737844847e-08 3.101719368305181167e-09 2.069383288711720379e+06 8.521714269671128845e+10 6.856973946650128937e+02
6.309573444801530000e+14 3.661143543871203110e-01 1.004809550700476395e+00 -1.453118979493738028e+00 2.624956560553146881e-04 1.448656087795634078e-23 9.140401982205406330e-09 2.104655334819939542e-08 1.622865793915741150e-09 1.201659542164015118e+06 8.521801042045783997e+10 8.509534391619167764e+02
7.079457843840938750e+14 3.553511978727213472e-01 1.034648688749046253e+00 -1.436524089988151065e+00 1.549147241808001532e-04 6.863887491908766732e-24 4.859260214383522820e-09 1.118886013261855079e-08 8.169804568952958445e-10 6.716449478142593289e+05 8.521854043505218506e+10 1.069701925100595645e+03
7.943282347242301250e+14 3.447918340538133064e-01 1.064814423611641470e+00 -1.419639123659870883e+00 8.773975712748926549e-05 3.121324790527210844e-24 2.479356410860456787e-09 5.708929111866508669e-09 3.945357257831710847e-10 3.602481991506294580e+05 8.521885183180084229e+10 1.363445830690362300e+03
8.912509381336857500e+14 3.344364463198105097e-01 1.095308413519769042e+00 -1.402153911322771451e+00 4.752648702918417886e-05 1.357866025370909388e-24 1.210199368971682050e-09 2.786587026544996237e-09 1.821478223228843513e-10 1.847904020207783033e+05 8.521902728959797668e+10 1.764108688239698267e+03
9.999999999999345000e+14 3.242847402015613945e-01 1.126133321350244687e+00 -1.384585400650694798e+00 2.452826915975870340e-05 5.627780765958427166e-25 5.627780765958058343e-10 1.295844409833363787e-09 8.008703641342577460e-11 9.030558423496209434e+04 8.521912177441577148e+10 2.319953386641692759e+03
1.122018454301891875e+15 3.143356539377917813e-01 1.157293902421161036e+00 -1.367146843007085222e+00 1.201081206184032347e-05 2.212614559331033877e-25 2.482594367826468514e-10 5.716384783308204073e-10 3.339996420932137007e-11 4.187475094222452026e+04 8.521917020524905396e+10 3.105164884453431114e+03
1.258925411794083750e+15 3.045878032424208515e-01 1.188795881205830129e+00 -1.349659008130709825e+00 5.554565978474864646e-06 8.215047537494942077e-26 1.034213210404879416e-10 2.381363921255789958e-10 1.315559244791147224e-11 1.834512900732251001e+04 8.521919373487098694e+10 4.236070666017704752e+03
1.412537544622657250e+15 2.950408156377860580e-01 1.220641574118725536e+00 -1.331453939423273836e+00 2.414034138886760116e-06 2.867265251956457366e-26 4.050119818780438761e-11 9.325745519563584759e-11 4.870746264881134596e-12 7.556988699831232225e+03 8.521920452301130676e+10 5.899313798616473832e+03
1.584893192461007250e+15 2.856944036184803082e-01 1.252832558251997908e+00 -1.313013510781518622e+00 9.806189632592190273e-07 9.354017022660758087e-27 1.482511790137941550e-11 3.413609548159541489e-11 1.685907497950366201e-12 2.911195646686740474e+03 8.521920916880435181e+10 8.402117537700056346e+03
1.778279410038806500e+15 2.765472958048784125e-01 1.285373420911881892e+00 -1.294658655596879981e+00 3.700884573262671007e-07 2.834674033540013740e-27 5.040842468015860008e-12 1.160696872298463567e-11 5.423308928358697838e-13 1.042633175711060403e+03 8.521921103736682129e+10 1.226248677589965337e+04
1.995262314968744250e+15 2.675977310805714993e-01 1.318270429536162913e+00 -1.276531140176443424e+00 1.289028848183944744e-07 7.925968496847929310e-28 1.581438625139013789e-12 3.641397003730091908e-12 1.611217496680031797e-13 3.449837830002946930e+02 8.521921173501622009e+10 1.837731009307568092e+04
2.238721138568182000e+15 2.588446488944465274e-01 1.351527208459665674e+00 -1.257698235884421090e+00 4.113620700720997922e-08 2.031112061778184841e-28 4.547093507503625408e-13 1.047006972682785860e-12 4.391165025768173528e-14 1.047463115663960593e+02 8.521921197525369263e+10 2.834480109474254641e+04
2.511886431509407500e+15 2.502877071140733878e-01 1.385144194359048342e+00 -1.238348556894109054e+00 1.193393812183126139e-08 4.732493538711944208e-29 1.188748630709647320e-13 2.737194876389117925e-13 1.089348874963943502e-14 2.895858884106834452e+01 8.521921205104141235e+10 4.511050306018238189e+04
2.818382931264265000e+15 2.419255462111003230e-01 1.419125260447295034e+00 -1.219064463592562486e+00 3.119919473053902465e-09 9.935228243756009136e-30 2.800127770041657626e-14 6.447532461776580017e-14 2.438618443222530776e-15 7.226878305310353134e+00 8.521921207277311707e+10 7.429371041558847355e+04
3.162277660168159500e+15 2.337561812210911805e-01 1.453476667436376379e+00 -1.200212542507897995e+00 7.279090848685747317e-10 1.860735420308768623e-30 5.884162051126029694e-15 1.354878382368406498e-14 4.880157321862924701e-16 1.612849035347434956e+00 8.521921207838714600e+10 1.270151111112968938e+05
3.548133892335499000e+15 2.257777878676458794e-01 1.488204002930608283e+00 -1.180853150146676800e+00 1.499460375745053340e-10 3.077435905456336316e-31 1.091915463763981208e-15 2.514228269672623266e-15 8.644042985237700943e-17 3.187031617280072782e-01 8.521921207968128967e+10 2.261661962901428924e+05
3.981071705534692500e+15 2.179897183636829994e-01 1.523307380774623354e+00 -1.160592159376024002e+00 2.695900739965016275e-11 4.443940089248105342e-32 1.769164415039694772e-16 4.073651609125932301e-16 1.340059408774691596e-17 5.513895041242886097e-02 8.521921207994485474e+10 4.210095841767123202e+05
4.466835921509324000e+15 2.103905766400190058e-01 1.558789586954196338e+00 -1.140354580692280129e+00 4.176434206699658301e-12 5.528687628521215355e-33 2.469574049788276179e-17 5.686404393087420701e-17 1.794863966660277797e-18 8.245143662368430854e-03 8.521921207999176025e+10 8.228540677262857789e+05
5.011872336272366000e+15 2.029781591908822180e-01 1.594656895921288120e+00 -1.120562392132197216e+00 5.495385672542758815e-13 5.839993370838767423e-34 2.926930121932082510e-18 6.739505666996057984e-18 2.047752267135278460e-19 1.050646260236424122e-03 8.521921207999894714e+10 1.696579421086048940e+06
5.623413251903077000e+15 1.957500041698368443e-01 1.630916922809376279e+00 -1.100692777246160992e+00 6.044164167300377588e-14 5.156057307533964699e-35 2.899464099075819634e-19 6.676262812203393705e-19 1.959692800811866150e-20 1.123492479938878675e-04 8.521921207999989319e+10 3.709118150577214547e+06
6.309573444801478000e+15 1.887050306950448508e-01 1.667570167211832155e+00 -1.079628647861075930e+00 5.461720153547048278e-15 3.741975388682430125e-36 2.361026854353134915e-20 5.436465238992152389e-20 1.547154667862214445e-21 9.915341889174818682e-06 8.521921207999998474e+10 8.646136534175895154e+06
7.079457843840881000e+15 1.818420769449496932e-01 1.704616677676473735e+00 -1.058434841628525191e+00 3.978526139993984431e-16 2.189074035526239393e-37 1.549745735155464600e-21 3.568421427700071409e-21 9.882782242168062588e-23 7.083354861305282394e-07 8.521921208000000000e+10 2.162919011225799099e+07
7.943282347242237000e+15 1.751588766381635964e-01 1.742061850416367408e+00 -1.037633830875996255e+00 2.286721145366538662e-17 1.010135234320919691e-38 8.023789375108761709e-23 1.847545780444944560e-22 4.998422278066875841e-24 4.008431501017693009e-08 8.521921208000000000e+10 5.848650710775218159e+07
8.912509381336785000e+15 1.686526163662285804e-01 1.779914204009110712e+00 -1.017336633709896798e+00 1.012437428394227896e-18 3.589247762639607569e-40 3.198920435646756756e-24 7.365786508794241752e-24 1.954131642346788618e-25 1.754179517337754734e-09 8.521921208000000000e+10 1.723251747716670930e+08
