# [1] m:            [M_sun/h] 
# [2] sigma 
# [3] ln(1/sigma) 
# [4] n_eff 
# [5] f(sigma) 
# [6] dn/dm:        [h^4/(Mpc^3*M_sun)] 
# [7] dn/dlnm:      [h^3/Mpc^3] 
# [8] dn/dlog10m:   [h^3/Mpc^3] 
# [9] n(>m):        [h^3/Mpc^3] 
# [11] rho(>m):     [M_sun*h^2/Mpc^3] 
# [11] rho(<m):     [M_sun*h^2/Mpc^3] 
# [12] Lbox(N=1):   [Mpc/h]
1.000000000000000000e+07 6.709099938942557628e+00 -1.903464804719997794e+00 -2.516550227174258580e+00 nan nan nan nan nan nan nan nan
1.122018454301963001e+07 6.647075721543365567e+00 -1.894177016831983584e+00 -2.515342399793555561e+00 nan nan nan nan nan nan nan nan
1.258925411794166267e+07 6.585471926088696470e+00 -1.884865999459296004e+00 -2.514138023199294913e+00 nan nan nan nan nan nan nan nan
1.412537544622752629e+07 6.524283465069773413e+00 -1.875531133396372008e+00 -2.512906992283254759e+00 nan nan nan nan nan nan nan nan
1.584893192461110838e+07 6.463507094281284893e+00 -1.866172064332550340e+00 -2.511612097271144872e+00 nan nan nan nan nan nan nan nan
1.778279410038919002e+07 6.403139285582722273e+00 -1.856788383475567628e+00 -2.510295397754528146e+00 nan nan nan nan nan nan nan nan
1.995262314968874678e+07 6.343175292613057792e+00 -1.847379477870259912e+00 -2.508972549403060803e+00 nan nan nan nan nan nan nan nan
2.238721138568333164e+07 6.283609941609646476e+00 -1.837944646794290815e+00 -2.507638659562521521e+00 nan nan nan nan nan nan nan nan
2.511886431509571895e+07 6.224439534925799933e+00 -1.828483403747345637e+00 -2.506239823006903400e+00 nan nan nan nan nan nan nan nan
2.818382931264443323e+07 6.165661002898970899e+00 -1.818995349506102865e+00 -2.504801537836156555e+00 nan nan nan nan nan nan nan nan
3.162277660168366507e+07 6.107269917370992118e+00 -1.809479851294585329e+00 -2.503349711651649212e+00 nan nan nan nan nan nan nan nan
3.548133892335738987e+07 6.049261257047721330e+00 -1.799936158314068280e+00 -2.501896268605507956e+00 nan nan nan nan nan nan nan nan
3.981071705534952879e+07 5.991630789905221022e+00 -1.790363627144476499e+00 -2.500384892548342730e+00 nan nan nan nan nan nan nan nan
4.466835921509607136e+07 5.934375648089186939e+00 -1.780761824227849344e+00 -2.498815086066697777e+00 nan nan nan nan nan nan nan nan
5.011872336272694170e+07 5.877491830993176514e+00 -1.771130111553312458e+00 -2.497224789290392710e+00 nan nan nan nan nan nan nan nan
5.623413251903456450e+07 5.820974575363039527e+00 -1.761467700536208270e+00 -2.495630999701516473e+00 nan nan nan nan nan nan nan nan
6.309573444801890850e+07 5.764819223619920940e+00 -1.751773795661266453e+00 -2.493993974527421997e+00 nan nan nan nan nan nan nan nan
7.079457843841329217e+07 5.709022802332402335e+00 -1.742047871076861210e+00 -2.492282848832468201e+00 nan nan nan nan nan nan nan nan
7.943282347242756188e+07 5.653581824806745537e+00 -1.732289295589344524e+00 -2.490542715304446819e+00 nan nan nan nan nan nan nan nan
8.912509381337386370e+07 5.598491780906495130e+00 -1.722497236628530271e+00 -2.488788457390606279e+00 nan nan nan nan nan nan nan nan
9.999999999999918044e+07 5.543747843102047490e+00 -1.712670778007275185e+00 -2.487007148044447113e+00 nan nan nan nan nan nan nan nan
1.122018454301956147e+08 5.489346678167066784e+00 -1.702809246284759714e+00 -2.485146141448008272e+00 nan nan nan nan nan nan nan nan
1.258925411794155836e+08 5.435285271631487447e+00 -1.692912007076410541e+00 -2.483238619650345758e+00 nan nan nan nan nan nan nan nan
1.412537544622738063e+08 5.381559379972967072e+00 -1.682978179754617276e+00 -2.481307318002476947e+00 nan nan nan nan nan nan nan nan
1.584893192461097836e+08 5.328164260257366003e+00 -1.673006762390748747e+00 -2.479360342419893559e+00 nan nan nan nan nan nan nan nan
1.778279410038908124e+08 5.275096104900575789e+00 -1.662996898134665003e+00 -2.477336878204255299e+00 nan nan nan nan nan nan nan nan
1.995262314968858361e+08 5.222352174574978356e+00 -1.652947908557306222e+00 -2.475245501263973580e+00 nan nan nan nan nan nan nan nan
2.238721138568310440e+08 5.169928595556161355e+00 -1.642858877120543237e+00 -2.473121908664224655e+00 nan nan nan nan nan nan nan nan
2.511886431509551406e+08 5.117820856795194828e+00 -1.632728734544921068e+00 -2.470983215579895642e+00 nan nan nan nan nan nan nan nan
2.818382931264426112e+08 5.066024728673493627e+00 -1.622556432869088683e+00 -2.468780066576241161e+00 nan nan nan nan nan nan nan nan
3.162277660168340802e+08 5.014537488656359621e+00 -1.612341191568905208e+00 -2.466489122950556556e+00 nan nan nan nan nan nan nan nan
3.548133892335702181e+08 4.963355740720580833e+00 -1.602082072602019069e+00 -2.464156857633553521e+00 nan nan nan nan nan nan nan nan
3.981071705534920692e+08 4.912475243596838403e+00 -1.591777937711299939e+00 -2.461799081137826750e+00 nan nan nan nan nan nan nan nan
4.466835921509580016e+08 4.861891565024444084e+00 -1.581427573099863038e+00 -2.459392892679898246e+00 nan nan nan nan nan nan nan nan
5.011872336272653341e+08 4.811601757209924557e+00 -1.571030034340541226e+00 -2.456887986117341605e+00 nan nan nan nan nan nan nan nan
5.623413251903399229e+08 4.761602937034449035e+00 -1.560584363033101329e+00 -2.454325158166575704e+00 nan nan nan nan nan nan nan nan
6.309573444801839590e+08 4.711891146028991173e+00 -1.550089344645471989e+00 -2.451724537077194288e+00 nan nan nan nan nan nan nan nan
7.079457843841286898e+08 4.662462024437973973e+00 -1.539543640044104267e+00 -2.449088544926806499e+00 nan nan nan nan nan nan nan nan
7.943282347242691517e+08 4.613312277549683316e+00 -1.528946097396045145e+00 -2.446353218449344613e+00 nan nan nan nan nan nan nan nan
8.912509381337294579e+08 4.564439420780796119e+00 -1.518295707115625115e+00 -2.443536538233947120e+00 nan nan nan nan nan nan nan nan
9.999999999999836683e+08 4.515839889097156501e+00 -1.507591191517440476e+00 -2.440672090010719053e+00 nan nan nan nan nan nan nan nan
1.122018454301946878e+09 4.467509601457391177e+00 -1.496831117228183183e+00 -2.437776290488367081e+00 nan nan nan nan nan nan nan nan
1.258925411794145584e+09 4.419444947958077741e+00 -1.486014110819056544e+00 -2.434790255507943701e+00 nan nan nan nan nan nan nan nan
1.412537544622726679e+09 4.371643660004683518e+00 -1.475139061961625808e+00 -2.431699739634265445e+00 nan nan nan nan nan nan nan nan
1.584893192461085081e+09 4.324102715892004234e+00 -1.464204654326458632e+00 -2.428551684105720199e+00 nan nan nan nan nan nan nan nan
1.778279410038893700e+09 4.276818425064071505e+00 -1.453209374535790577e+00 -2.425364292075170791e+00 nan nan nan nan nan nan nan nan
1.995262314968842030e+09 4.229787072760167632e+00 -1.442151654382272996e+00 -2.422103082342701441e+00 nan nan nan nan nan nan nan nan
2.238721138568292141e+09 4.183006420094389277e+00 -1.431030227265096766e+00 -2.418721628947059887e+00 nan nan nan nan nan nan nan nan
2.511886431509531021e+09 4.136474115162951826e+00 -1.419843761962124917e+00 -2.415268783975238698e+00 nan nan nan nan nan nan nan nan
2.818382931264402866e+09 4.090186922655139945e+00 -1.408590671371059200e+00 -2.411763404868371818e+00 nan nan nan nan nan nan nan nan
3.162277660168314457e+09 4.044141339807905133e+00 -1.397269251043985250e+00 -2.408200845559352654e+00 nan nan nan nan nan nan nan nan
3.548133892335673332e+09 3.998335069958208532e+00 -1.385878041960646456e+00 -2.404515159027930782e+00 nan nan nan nan nan nan nan nan
3.981071705534887791e+09 3.952766437108738540e+00 -1.374415697597735520e+00 -2.400735314111417829e+00 nan nan nan nan nan nan nan nan
4.466835921509543419e+09 3.907432808688854564e+00 -1.362880587692548939e+00 -2.396893609163798011e+00 nan nan nan nan nan nan nan nan
5.011872336272612572e+09 3.862331185794416033e+00 -1.351270935325537881e+00 -2.393005622236410446e+00 nan nan nan nan nan nan nan nan
5.623413251903352737e+09 3.817459268435765996e+00 -1.339585088357793330e+00 -2.389003256490064953e+00 nan nan nan nan nan nan nan nan
6.309573444801788330e+09 3.772815976923086456e+00 -1.327821666117397381e+00 -2.384883949870414632e+00 nan nan nan nan nan nan nan nan
7.079457843841228485e+09 3.728399494139333026e+00 -1.315979051527174537e+00 -2.380695752303505941e+00 nan nan nan nan nan nan nan nan
7.943282347242626190e+09 3.684207529804052417e+00 -1.304055449543687795e+00 -2.376460770003620215e+00 nan nan nan nan nan nan nan nan
8.912509381337221146e+09 3.640237994930354937e+00 -1.292049062733884535e+00 -2.372132164722160041e+00 nan nan nan nan nan nan nan nan
9.999999999999753952e+09 3.596490291528117833e+00 -1.279958450899447264e+00 -2.367670236376776316e+00 nan nan nan nan nan nan nan nan
1.122018454301937675e+10 3.552963614084932331e+00 -1.267782076087192511e+00 -2.363132621183107851e+00 nan nan nan nan nan nan nan nan
1.258925411794135284e+10 3.509656498232958111e+00 -1.255518168937511003e+00 -2.358539932925511007e+00 nan nan nan nan nan nan nan nan
1.412537544622714996e+10 3.466567382712522516e+00 -1.243164877466939044e+00 -2.353879430416150775e+00 nan nan nan nan nan nan nan nan
1.584893192461071968e+10 3.423696058628470595e+00 -1.230720686415462506e+00 -2.349084562968152490e+00 nan nan nan nan nan nan nan nan
1.778279410038879013e+10 3.381042793938133340e+00 -1.218184180829360308e+00 -2.344198131045772016e+00 nan nan nan nan nan nan nan nan
1.995262314968825912e+10 3.338607050187536895e+00 -1.205553669156664842e+00 -2.339252573105730537e+00 nan nan nan nan nan nan nan nan
2.238721138568273544e+10 3.296388057395976734e+00 -1.192827340977332673e+00 -2.334262196304972115e+00 nan nan nan nan nan nan nan nan
2.511886431509510422e+10 3.254385948310810406e+00 -1.180003609111679230e+00 -2.329150235953750148e+00 nan nan nan nan nan nan nan nan
2.818382931264379883e+10 3.212601928080639269e+00 -1.167081178303410294e+00 -2.323927944852839822e+00 nan nan nan nan nan nan nan nan
3.162277660168288803e+10 3.171036466288647215e+00 -1.154058495423434749e+00 -2.318645717949016305e+00 nan nan nan nan nan nan nan nan
3.548133892335644531e+10 3.129689662844178599e+00 -1.140933850385388748e+00 -2.313329578074905246e+00 nan nan nan nan nan nan nan nan
3.981071705534854889e+10 3.088561964886665567e+00 -1.127705599053305141e+00 -2.307917959249551121e+00 nan nan nan nan nan nan nan nan
4.466835921509506989e+10 3.047655201338917319e+00 -1.114372508505216963e+00 -2.302379321482272978e+00 nan nan nan nan nan nan nan nan
5.011872336272570801e+10 3.006970802389585806e+00 -1.100933194078833832e+00 -2.296778839495748237e+00 nan nan nan nan nan nan nan nan
5.623413251903306580e+10 2.966509591554752134e+00 -1.087386040001322662e+00 -2.291140540696054995e+00 nan nan nan nan nan nan nan nan
6.309573444801736450e+10 2.926272296821995411e+00 -1.073729359382846749e+00 -2.285437710880715123e+00 nan nan nan nan nan nan nan nan
7.079457843841171265e+10 2.886260929152913324e+00 -1.059961868306653399e+00 -2.279601117877980254e+00 nan nan nan nan nan nan nan nan
7.943282347242561340e+10 2.846477638677894273e+00 -1.046082313652829443e+00 -2.273687113431928086e+00 nan nan nan nan nan nan nan nan
8.912509381337149048e+10 2.806923695713532396e+00 -1.032089113438314110e+00 -2.267726202384666045e+00 nan nan nan nan nan nan nan nan
9.999999999999673462e+10 2.767600025132490149e+00 -1.017980527723488127e+00 -2.261725081120246728e+00 nan nan nan nan nan nan nan nan
1.122018454301928558e+11 2.728508405258578851e+00 -1.003755088181306432e+00 -2.255593631012833722e+00 nan nan nan nan nan nan nan nan
1.258925411794125061e+11 2.689651306506082307e+00 -9.894115593774230888e-01 -2.249355331468927410e+00 nan nan nan nan nan nan nan nan
1.412537544622703552e+11 2.651030256149545128e+00 -9.749483403498488965e-01 -2.243059948819849936e+00 nan nan nan nan nan nan nan nan
1.584893192461058960e+11 2.612646283025287897e+00 -9.603636092258542867e-01 -2.236733014820138532e+00 nan nan nan nan nan nan nan nan
1.778279410038864746e+11 2.574500731033640744e+00 -9.456556244557144941e-01 -2.230290746707652261e+00 nan nan nan nan nan nan nan nan
1.995262314968809509e+11 2.536596056871422533e+00 -9.308230471563397890e-01 -2.223709109537081563e+00 nan nan nan nan nan nan nan nan
2.238721138568255310e+11 2.498934045077222166e+00 -9.158642589784048438e-01 -2.217058612600819600e+00 nan nan nan nan nan nan nan nan
2.511886431509489746e+11 2.461515837212425950e+00 -9.007773541634991332e-01 -2.210367488129703073e+00 nan nan nan nan nan nan nan nan
2.818382931264356689e+11 2.424342476486671227e+00 -8.855603439065062865e-01 -2.203587700070419597e+00 nan nan nan nan nan nan nan nan
3.162277660168262939e+11 2.387416235921731023e+00 -8.702117083265866748e-01 -2.196646877119079022e+00 nan nan nan nan nan nan nan nan
3.548133892335615234e+11 2.350739281120092450e+00 -8.547298663944066233e-01 -2.189618851929832744e+00 nan nan nan nan nan nan nan nan
3.981071705534822998e+11 2.314312938462258273e+00 -8.391128566469098216e-01 -2.182534719285749603e+00 nan nan nan nan nan nan nan nan
4.466835921509470215e+11 2.278138218879707910e+00 -8.233585387241233455e-01 -2.175390861059331549e+00 nan nan nan nan nan nan nan nan
5.011872336272529907e+11 2.242217102389667982e+00 -8.074651542123557624e-01 -2.168083013186024033e+00 nan nan nan nan nan nan nan nan
5.623413251903260498e+11 2.206552075366075005e+00 -7.914311503400059955e-01 -2.160653874420851661e+00 nan nan nan nan nan nan nan nan
6.309573444801684570e+11 2.171144677654380573e+00 -7.752545296957225052e-01 -2.153156423124531038e+00 nan nan nan nan nan nan nan nan
7.079457843841113281e+11 2.135995996008571929e+00 -7.589330465683693516e-01 -2.145617597101035834e+00 nan nan nan nan nan nan nan nan
7.943282347242496338e+11 2.101107591095229932e+00 -7.424646300211130701e-01 -2.137927307122040155e+00 nan nan nan nan nan nan nan nan
8.912509381337076416e+11 2.066482027250062359e+00 -7.258476577385373218e-01 -2.130076097392648471e+00 nan nan nan nan nan nan nan nan
9.999999999999591064e+11 2.032121089558014848e+00 -7.090801192586640989e-01 -2.122143729161189096e+00 nan nan nan nan nan nan nan nan
1.122018454301919434e+12 1.998025978709686568e+00 -6.921596824990323693e-01 -2.114167429106951879e+00 nan nan nan nan nan nan nan nan
1.258925411794114746e+12 1.964197904114326709e+00 -6.750839706980629185e-01 -2.106070294898441553e+00 nan nan nan nan nan nan nan nan
1.412537544622691895e+12 1.930639303525845563e+00 -6.578511934173443265e-01 -2.097778818425379832e+00 nan nan nan nan nan nan nan nan
1.584893192461046143e+12 1.897352302841281979e+00 -6.404593894933265918e-01 -2.089389579554077336e+00 nan nan nan nan nan nan nan nan
1.778279410038850098e+12 1.864338230145394348e+00 -6.229061537432866169e-01 -2.080937708464377423e+00 nan nan nan nan nan nan nan nan
1.995262314968793213e+12 1.831598120595020918e+00 -6.051888757001573360e-01 -2.072402498683441507e+00 nan nan nan nan nan nan nan nan
2.238721138568236816e+12 1.799134076774837832e+00 -5.873054806931405913e-01 -2.063660272901824744e+00 nan nan nan nan nan nan nan nan
2.511886431509469238e+12 1.766948507209802344e+00 -5.692540515489361574e-01 -2.054781232514899525e+00 nan nan nan nan nan nan nan nan
2.818382931264333984e+12 1.735042860790320995e+00 -5.510321167192382408e-01 -2.045823342253474841e+00 nan nan nan nan nan nan nan nan
3.162277660168236816e+12 1.703418153425281911e+00 -5.326369108391738605e-01 -2.036813197005148623e+00 nan nan nan nan nan nan nan nan
3.548133892335586426e+12 1.672076038423115696e+00 -5.140659911542255767e-01 -2.027604615284055001e+00 nan nan nan nan nan nan nan nan
3.981071705534790039e+12 1.641019045990382397e+00 -4.953174183723390023e-01 -2.018209338461781410e+00 nan nan nan nan nan nan nan nan
4.466835921509433594e+12 1.610248816705168062e+00 -4.763887115929663074e-01 -2.008720913128554830e+00 nan nan nan nan nan nan nan nan
5.011872336272489258e+12 1.579766427033098886e+00 -4.572770051190878093e-01 -1.999188199087267970e+00 2.815625659282854354e-01 1.593358846953023453e-16 7.985711126798889468e-04 1.838777939752380720e-03 7.712041125840735176e-04 1.457118101835867691e+10 7.064803106164132690e+10 1.090461209065467862e+01
5.623413251903214844e+12 1.549573081246830686e+00 -4.379794615392883506e-01 -1.989491417212964297e+00 2.802142876007162053e-01 1.271793338977436137e-16 7.151819516087951903e-04 1.646767300552800899e-03 6.840654815764469912e-04 1.410927668462062836e+10 7.110993539537936401e+10 1.134925727970708387e+01
6.309573444801632812e+12 1.519671199968417374e+00 -4.184939956482938150e-01 -1.979558570845339371e+00 2.786752304600564889e-01 1.014548271707554737e-16 6.401366833635378740e-04 1.473969184591532051e-03 6.060470694478414322e-04 1.364526243746354103e+10 7.157394964253645325e+10 1.181674548261927704e+01
7.079457843841054688e+12 1.490062691806714801e+00 -3.988181941103017825e-01 -1.969516194940995835e+00 2.769327727642859616e-01 8.087267139260834708e-17 5.725346678427812707e-04 1.318309791397085599e-03 5.362400950481284413e-04 1.317943655199172783e+10 7.203977552800827026e+10 1.230873926646995820e+01
7.943282347242431641e+12 1.460748700464645777e+00 -3.789491128163099409e-01 -1.959411712572997288e+00 2.749738753816033943e-01 6.441049427731219140e-17 5.116307421701336237e-04 1.178073320038429753e-03 4.738305172622427042e-04 1.271216936198831558e+10 7.250704271801168823e+10 1.282701661428435713e+01
8.912509381337003906e+12 1.431730119574703419e+00 -3.588835867927398504e-01 -1.949194155697850928e+00 2.727851508836272587e-01 5.125420119609607058e-17 4.568035489931405362e-04 1.051829042338380633e-03 4.180829582028243907e-04 1.224386423163278008e+10 7.297534784836721802e+10 1.337352349124455131e+01
9.999999999999509766e+12 1.403009024552040129e+00 -3.386192334246829749e-01 -1.938713675582305562e+00 2.703530521607266923e-01 4.075211085783724987e-17 4.075211085783525164e-04 9.383520296929225360e-04 3.683284314020435516e-04 1.177491531902448845e+10 7.344429676097550964e+10 1.395045113345084609e+01
1.122018454301910156e+13 1.374587590656676461e+00 -3.181537520614443615e-01 -1.928082679461801785e+00 2.676639128907707388e-01 3.236960315644411907e-17 3.631929209995966032e-04 8.362826057746353559e-04 3.239625655153561819e-04 1.130574618242857742e+10 7.391346589757142639e+10 1.456023518993994870e+01
1.258925411794104297e+13 1.346467006997307703e+00 -2.974841301823206718e-01 -1.917368336701742004e+00 2.647039478976334070e-01 2.568191517846740076e-17 3.233161564171332936e-04 7.444629620902223650e-04 2.844439263187361266e-04 1.083685921797716331e+10 7.438235286202284241e+10 1.520551422140140119e+01
1.412537544622680273e+13 1.318648022727044289e+00 -2.766069865144323292e-01 -1.906591035569184855e+00 2.614593999320279361e-01 2.035040957827410697e-17 2.874571757776118357e-04 6.618946078196981126e-04 2.492849870709893507e-04 1.036881563666629982e+10 7.485039644333369446e+10 1.588917293608814418e+01
1.584893192461033008e+13 1.291132195670587013e+00 -2.555195045080146943e-01 -1.895553040075119045e+00 2.579168350457445302e-01 1.610685759688579800e-17 2.552764895724357326e-04 5.877958394813405677e-04 2.180427258884644868e-04 9.902179484496435165e+09 7.531703259550357056e+10 1.661445624782692221e+01
1.778279410038835547e+13 1.263921818148903364e+00 -2.342194410814086858e-01 -1.884299753622015627e+00 2.540633617578129666e-01 1.273139033352525252e-17 2.263996929127542047e-04 5.213045579593375816e-04 1.903152159524485062e-04 9.437524787914106369e+09 7.578168729208589172e+10 1.738503206241957955e+01
1.995262314968776953e+13 1.237018173971805801e+00 -2.127037852763988268e-01 -1.872946808604439184e+00 2.498866100573826077e-01 1.004786202235576835e-17 2.004812043921242858e-04 4.616250326587978251e-04 1.657419761869959951e-04 8.975502739641918182e+09 7.624370934035807800e+10 1.820493624811982869e+01
2.238721138568218750e+13 1.210421974883958862e+00 -1.909690383866584351e-01 -1.861558836631590275e+00 2.453749798381249791e-01 7.916389087263070427e-18 1.772258759078660251e-04 4.080776599582649198e-04 1.439994088715701882e-04 8.516843960932847023e+09 7.670236811906715393e+10 1.907859681551018127e+01
2.511886431509448438e+13 1.184134204146608305e+00 -1.690118781352014099e-01 -1.849948359728847525e+00 2.405180278632058355e-01 6.226603909564083749e-18 1.564052187481770743e-04 3.601363251560254185e-04 1.247940592437135978e-04 8.062295552888083458e+09 7.715691652711192322e+10 2.001099558622438934e+01
2.818382931264310938e+13 1.158157044237513311e+00 -1.468299867410960136e-01 -1.838051122357082345e+00 2.353069799086114910e-01 4.888865560637344365e-18 1.377869524934621803e-04 3.172661828205247995e-04 1.078589965443004455e-04 7.612595767142638206e+09 7.760661631285736084e+10 2.100783066733342608e+01
3.162277660168211328e+13 1.132491955825642105e+00 -1.244204753261098778e-01 -1.826037387333925288e+00 2.297347288415458322e-01 3.830603334311881037e-18 1.211343134906032369e-04 2.789220644935305488e-04 9.295429036144958355e-05 7.168544115191493988e+09 7.805066796480850220e+10 2.207548159093060391e+01
3.548133892335557031e+13 1.107139637301506552e+00 -1.017797860619128608e-01 -1.813979761978739891e+00 2.237961307449086723e-01 2.994545646830875835e-18 1.062504890166653446e-04 2.446507921331012025e-04 7.986496894578425055e-05 6.731023419983987808e+09 7.848818866001600647e+10 2.322101635194463043e+01
3.981071705534757812e+13 1.082100591457291872e+00 -7.890414417815722059e-02 -1.801770937089204105e+00 2.174884769920781558e-01 2.335405858291159828e-18 9.297418183383052560e-05 2.140809651238959868e-04 6.839667501435972943e-05 6.300942059908374786e+09 7.891827002009162903e+10 2.445241005466779072e+01
4.466835921509397656e+13 1.057376626581959078e+00 -5.579095996166133498e-02 -1.789223965040033004e+00 2.108123093149781857e-01 1.816962843319280046e-18 8.116074896586411591e-05 1.868795307050306323e-04 5.837266261863692377e-05 5.879184091484298706e+09 7.934002798851570129e+10 2.577884758274473143e+01
5.011872336272448438e+13 1.032969418344547696e+00 -3.243758499893267117e-02 -1.776520700025950861e+00 2.037715464015297795e-01 1.409699128678542316e-18 7.065232065491360556e-05 1.626829803254393819e-04 4.963359984287548174e-05 5.466657459128444672e+09 7.975255462087155151e+10 2.721080614450504243e+01
5.623413251903168750e+13 1.008879614551184911e+00 -8.840422609252638481e-03 -1.763746827428858577e+00 1.963736367004223493e-01 1.090377462391598490e-18 6.131643071589463893e-05 1.411862993220212295e-04 4.203686785168923005e-05 5.064333650310947418e+09 8.015487842968905640e+10 2.876006634149837637e+01
6.309573444801581250e+13 9.851074062698192968e-01 1.500460185639009361e-02 -1.750904028663016865e+00 1.886301015355470456e-01 8.406071317520851157e-19 5.303872436013780584e-05 1.221261760630734791e-04 3.545405596706209002e-05 4.673205404311622620e+09 8.054600667568838501e+10 3.044000303193601198e+01
7.079457843840996875e+13 9.616539912704149540e-01 3.910056944959362790e-02 -1.737713851655964037e+00 1.805574457571155755e-01 6.458913718029619156e-19 4.572560738379700544e-05 1.052871019300294635e-04 2.976872401723471568e-05 4.294220485057494640e+09 8.092499159494250488e+10 3.226610876334030564e+01
7.943282347242367188e+13 9.385211451199171329e-01 6.344989244762171132e-02 -1.724282501759127006e+00 1.721774984863913283e-01 4.944440674590727825e-19 3.927508832746366918e-05 9.043423290884229984e-05 2.487569064626309168e-05 3.928290423691246033e+09 8.129092165630874634e+10 3.425639183480588912e+01
8.912509381336929688e+13 9.157094917013565150e-01 8.805611340796827557e-02 -1.710761900874457009e+00 1.635171489153295077e-01 3.769490919122056216e-19 3.359562317953968891e-05 7.735678112305332036e-05 2.068091529546584923e-05 3.576343502861145496e+09 8.164286857713885498e+10 3.643147442851935836e+01
9.999999999999428125e+13 8.932190408359331757e-01 1.129234416930440937e-01 -1.697239123690341023e+00 1.546087505532488526e-01 2.860783829116371329e-19 2.860783829116207808e-05 6.587198199201406456e-05 1.710019621758929133e-05 3.239302788513821602e+09 8.197990929148617554e+10 3.881500401393360278e+01
1.122018454301901094e+14 8.710502628175769146e-01 1.380555967709959364e-01 -1.683410212991329091e+00 1.454907175196816504e-01 2.161085909378027091e-19 2.424778271653952160e-05 5.583258302126257159e-05 1.405758209225748334e-05 2.918009862280807972e+09 8.230120221771919250e+10 4.143459744913652543e+01
1.258925411794094062e+14 8.492048078166632985e-01 1.634548875856156602e-01 -1.669235342046607284e+00 1.362079400957433573e-01 1.624388654955865597e-19 2.044984156353967726e-05 4.708750033829651527e-05 1.148458000826859714e-05 2.613197764143458366e+09 8.260601431585653687e+10 4.432291286363351190e+01
1.412537544622668750e+14 8.276833621463407509e-01 1.891246106020624818e-01 -1.654953806705779851e+00 1.268108144827338468e-01 1.214170720521479755e-19 1.715061728318147583e-05 3.949075569189971168e-05 9.320123607513768372e-06 2.325543199558282852e+09 8.289366888044171143e+10 4.751814107903146578e+01
1.584893192461020000e+14 8.064858130278732551e-01 2.150689723615830384e-01 -1.640686732752005605e+00 1.173549757715736108e-01 9.020016416484993713e-20 1.429576261437371062e-05 3.291720988883849739e-05 7.509924467995377012e-06 2.055662107188391209e+09 8.316354997281161499e+10 5.106478138562901137e+01
1.778279410038820938e+14 7.856119360384317130e-01 2.412923285256929062e-01 -1.626216701292570344e+00 1.079010891849560699e-01 6.657793563729470619e-20 1.183941721066910188e-05 2.726126557902382191e-05 6.005462581298871376e-06 1.804041084342378139e+09 8.341517099565762329e+10 5.501542997589329076e+01
1.995262314968760312e+14 7.650629539946577351e-01 2.677971557379941192e-01 -1.611303941987402899e+00 9.851484180985650707e-02 4.880846292880465455e-20 9.738568673339369252e-06 2.242388305433003229e-05 4.763333865465068643e-06 1.570991894131512880e+09 8.364822018586848450e+10 5.943327458100642957e+01
2.238721138568200312e+14 7.448396869791944486e-01 2.945862690210743762e-01 -1.596250815653814881e+00 8.926511333195061293e-02 3.551056168147521786e-20 7.949824507874850101e-06 1.830514740375135675e-05 3.745108104013069832e-06 1.356687771004129648e+09 8.386252430899586487e+10 6.439397192384433311e+01
2.511886431509428125e+14 7.249418534552988236e-01 3.216638294744474935e-01 -1.581181112892473095e+00 8.022237051390544715e-02 2.562174568203175492e-20 6.435891533028084399e-06 1.481918790407706357e-05 2.916999721317388673e-06 1.161177177355074644e+09 8.405803490264492798e+10 6.998761661306117787e+01
2.818382931264288125e+14 7.053686768704481302e-01 3.490346669429026383e-01 -1.566048468212745348e+00 7.145742677624283834e-02 1.832179878442110702e-20 5.163784496407123095e-06 1.189005320486080820e-05 2.249268693593965384e-06 9.843400772884715796e+08 8.423487200271153259e+10 7.632255264724106780e+01
3.162277660168185625e+14 6.861206484988434662e-01 3.767017942727040047e-01 -1.550435545895939793e+00 6.304047110088520367e-02 1.297906014209484031e-20 4.104339193732582711e-06 9.450590244079846793e-06 1.715752607370467517e-06 8.258497937668246031e+08 8.439336228623316956e+10 8.353114685214525537e+01
3.548133892335528125e+14 6.671986428211337250e-01 4.046674620806555156e-01 -1.534568350628639832e+00 5.503865267578286063e-02 9.099543909221755106e-21 3.228640014910503226e-06 7.434218368976998761e-06 1.293632392044061137e-06 6.851923123612102270e+08 8.453401976763879395e+10 9.177612273988974323e+01
3.981071705534725000e+14 6.486021987767504049e-01 4.329356950795893999e-01 -1.518661426522896818e+00 4.751323265524742129e-02 6.307469736545473439e-21 2.511048930167775216e-06 5.781903834382966257e-06 9.632293369600735739e-07 5.617028725682760477e+08 8.465750920743171692e+10 1.012566215307393378e+02
4.466835921509360625e+14 6.303301691510062588e-01 4.615115188600106833e-01 -1.502831321351033811e+00 4.051779154463588245e-02 4.318200096573283654e-21 1.928869130763873271e-06 4.441385306833277351e-06 7.076471084296765257e-07 4.545600895957509875e+08 8.476465199040425110e+10 1.122176288525595993e+02
5.011872336272406875e+14 6.123821193597821511e-01 4.903988132738194006e-01 -1.486558252633941812e+00 3.409672736238594792e-02 2.917861479268376912e-21 1.462394922902006201e-06 3.367288749544336499e-06 5.124302570202430510e-07 3.627716876909809113e+08 8.485644039230902100e+10 1.249650051973815010e+02
5.623413251903122500e+14 5.947587786716302949e-01 5.195993696362399827e-01 -1.469866629655211199e+00 2.828343678522660457e-02 1.943782783801764602e-21 1.093069386525198414e-06 2.516885275021068720e-06 3.653259064061130451e-07 2.851969193380939364e+08 8.493401516066191101e+10 1.398856536399221113e+02
6.309573444801530000e+14 5.774596272543283115e-01 5.491167485462871145e-01 -1.453118979493738028e+00 2.309791453362488103e-02 1.274723361420801741e-21 8.042960670688833622e-07 1.851960134386550081e-06 2.561047711709263973e-07 2.206005081035218239e+08 8.499861157189648438e+10 1.574686521679928717e+02
7.079457843840938750e+14 5.604832692546828365e-01 5.789558865948569721e-01 -1.436524089988151065e+00 1.854598988566606016e-02 8.217268479445596757e-22 5.817380579175803752e-07 1.339501380188327373e-06 1.763182333065572668e-07 1.676804530096075237e+08 8.505153162699038696e+10 1.783340440621247751e+02
7.943282347242301250e+14 5.438283464912283538e-01 6.091216214574524113e-01 -1.419639123659870883e+00 1.461925591634900476e-02 5.200771851289432384e-22 4.131119923838201135e-07 9.512255154000539900e-07 1.190500609168497338e-07 1.250834620157747120e+08 8.509412861798422241e+10 2.032778815140616757e+02
8.912509381336857500e+14 5.274951482178048545e-01 6.396156113655796505e-01 -1.402153911322771451e+00 1.129566852710387620e-02 3.227253997836477903e-22 2.876293153167448923e-07 6.622909737564208225e-07 7.871214868793927960e-08 9.143714361201955378e+07 8.512777493638798523e+10 2.333383257281360272e+02
9.999999999999345000e+14 5.114832099783086505e-01 6.704405191960554067e-01 -1.384585400650694798e+00 8.539977073873602359e-03 1.959417454408943366e-22 1.959417454408814928e-07 4.511725421474077598e-07 5.087556079034454310e-08 6.540114376638895273e+07 8.515381093623361206e+10 2.698755850746519513e+02
1.122018454301891875e+15 4.957908570930601999e-01 7.016011002669721996e-01 -1.367146843007085222e+00 6.305609540319986883e-03 1.161610339295487439e-22 1.303348237397419062e-07 3.001070222411362004e-07 3.209357168063159922e-08 4.570368978220161796e+07 8.517350839021780396e+10 3.146738467709603242e+02
1.258925411794083750e+15 4.804159061750533644e-01 7.331030790516410711e-01 -1.349659008130709825e+00 4.537391710066841256e-03 6.710675278479500816e-23 8.448239638376183811e-08 1.945279065336640919e-07 1.972769846126202800e-08 3.116314623074019328e+07 8.518804893376925659e+10 3.700904339361504185e+02
1.412537544622657250e+15 4.653577697280328329e-01 7.649487719645362560e-01 -1.331453939423273836e+00 3.174719201303547508e-03 3.770767738526841420e-23 5.326351002721034680e-08 1.226437641891934251e-07 1.179840669319086900e-08 2.070977007150511816e+07 8.519850230992849731e+10 4.392639331417765334e+02
1.584893192461007250e+15 4.506159942795705531e-01 7.971397560978086272e-01 -1.313013510781518622e+00 2.154494504928577102e-03 2.055148740684064941e-23 3.257191248604986598e-08 7.499960014068505361e-08 6.857322584944080410e-09 1.340713814072155394e+07 8.520580494185928345e+10 5.263587011709576018e+02
1.778279410038806500e+15 4.361885745261440683e-01 8.296806187576928338e-01 -1.294658655596879981e+00 1.414255463632018740e-03 1.083241900737129641e-23 1.926306768172138162e-08 4.435485248926703055e-08 3.873461269195382862e-09 8.463596225290691480e+06 8.521074848377470398e+10 6.367470291956351502e+02
1.995262314968744250e+15 4.220727327191816647e-01 8.625776273819738549e-01 -1.276531140176443424e+00 8.952114646050382844e-04 5.504467860803150834e-24 1.098285728661714643e-08 2.528896346664567783e-08 2.132365870297625950e-09 5.230260307626017369e+06 8.521398181969236755e+10 7.769255890573795114e+02
2.238721138568182000e+15 4.082667960877496838e-01 8.958344063054766160e-01 -1.257698235884421090e+00 5.446225201929743394e-04 2.689089370067834098e-24 6.020121216269856890e-09 1.386184137060015746e-08 1.153595749366514395e-09 3.192987480489564594e+06 8.521601909251951599e+10 9.534884814563723694e+02
2.511886431509407500e+15 3.947702249980882261e-01 9.294513922048591725e-01 -1.238348556894109054e+00 nan nan nan nan nan nan nan nan
2.818382931264265000e+15 3.815808751127088283e-01 9.634324582931057535e-01 -1.219064463592562486e+00 nan nan nan nan nan nan nan nan
3.162277660168159500e+15 3.686956156152156328e-01 9.977838652821872101e-01 -1.200212542507897995e+00 nan nan nan nan nan nan nan nan
3.548133892335499000e+15 3.561115691369466929e-01 1.032511200776419447e+00 -1.180853150146676800e+00 nan nan nan nan nan nan nan nan
3.981071705534692500e+15 3.438277139455332421e-01 1.067614578620434296e+00 -1.160592159376024002e+00 nan nan nan nan nan nan nan nan
4.466835921509324000e+15 3.318418480688846151e-01 1.103096784800007280e+00 -1.140354580692280129e+00 nan nan nan nan nan nan nan nan
5.011872336272366000e+15 3.201504959928443417e-01 1.138964093767099062e+00 -1.120562392132197216e+00 nan nan nan nan nan nan nan nan
5.623413251903077000e+15 3.087497747313777685e-01 1.175224120655186999e+00 -1.100692777246160992e+00 nan nan nan nan nan nan nan nan
6.309573444801478000e+15 2.976379794465952022e-01 1.211877365057643097e+00 -1.079628647861075930e+00 nan nan nan nan nan nan nan nan
7.079457843840881000e+15 2.868132776371621895e-01 1.248923875522284677e+00 -1.058434841628525191e+00 nan nan nan nan nan nan nan nan
7.943282347242237000e+15 2.762720947750939016e-01 1.286369048262178350e+00 -1.037633830875996255e+00 nan nan nan nan nan nan nan nan
8.912509381336785000e+15 2.660099933676233763e-01 1.324221401854921432e+00 -1.017336633709896798e+00 nan nan nan nan nan nan nan nan
