# [1] m:            [M_sun/h] 
# [2] sigma 
# [3] ln(1/sigma) 
# [4] n_eff 
# [5] f(sigma) 
# [6] dn/dm:        [h^4/(Mpc^3*M_sun)] 
# [7] dn/dlnm:      [h^3/Mpc^3] 
# [8] dn/dlog10m:   [h^3/Mpc^3] 
# [9] n(>m):        [h^3/Mpc^3] 
# [11] rho(>m):     [M_sun*h^2/Mpc^3] 
# [11] rho(<m):     [M_sun*h^2/Mpc^3] 
# [12] Lbox(N=1):   [Mpc/h]
1.000000000000000000e+07 3.603566491944292682e+00 -1.281924047257159360e+00 -2.516550227174258580e+00 2.391438328967493421e-01 1.642089447620849680e-05 1.642089447620849683e+02 3.781050683454595855e+02 1.734669126732499365e+02 3.557820266223065186e+10 4.964100941776934814e+10 1.793058464088533033e-01
1.122018454301963001e+07 3.570252277885346270e+00 -1.272636259369145151e+00 -2.515342399793555561e+00 2.398622757524806470e-01 1.311545137035295146e-05 1.471577847403598014e+02 3.388433214611791868e+02 1.555432029280840425e+02 3.538862928019518280e+10 4.983058279980481720e+10 1.859443503339528458e-01
1.258925411794166267e+07 3.537163879277883449e+00 -1.263325241996457571e+00 -2.514138023199294913e+00 2.405862823148466056e-01 1.047538607737631716e-05 1.318772973116385572e+02 3.036586988941227219e+02 1.394806524192015615e+02 3.519801125210853577e+10 5.002120082789146423e+10 1.928244094537061026e-01
1.412537544622752629e+07 3.504298563538350120e+00 -1.253990375933533574e+00 -2.512906992283254759e+00 2.413158330652547534e-01 8.367273729655232728e-06 1.181908828927366386e+02 2.721445650766203812e+02 1.250855708199330394e+02 3.500633673503705597e+10 5.021287534496294403e+10 1.999543830463467731e-01
1.584893192461110838e+07 3.471654588151407594e+00 -1.244631306869711684e+00 -2.511612097271144872e+00 2.420508823681007116e-01 6.684329226525480214e-06 1.059394788728907599e+02 2.439346648122759404e+02 1.121835900727106861e+02 3.481358053368655396e+10 5.040563154631344604e+10 2.073434029546094015e-01
1.778279410038919002e+07 3.439230058095513076e+00 -1.235247626012728972e+00 -2.510295397754528146e+00 2.427913829101223941e-01 5.340153225330424346e-06 9.496284527058017488e+01 2.186600319083380555e+02 1.006187226546953895e+02 3.461971827813472748e+10 5.059949380186527252e+10 2.150009605022079329e-01
1.995262314968874678e+07 3.407022424023106399e+00 -1.225838720407421256e+00 -2.508972549403060803e+00 2.435372973711619482e-01 4.266360188371270987e-06 8.512507705940706160e+01 1.960077334769601407e+02 9.025202852006297860e+01 3.442473690898720551e+10 5.079447517101279449e+10 2.229364131044641040e-01
2.238721138568333164e+07 3.375028907022281199e+00 -1.216403889331452159e+00 -2.507638659562521521e+00 2.442885891482998728e-01 3.408579210116151550e-06 7.630858330171579951e+01 1.757070063780251701e+02 8.095916002368838349e+01 3.422862545063168335e+10 5.099058662936831665e+10 2.311592812718052392e-01
2.511886431509571895e+07 3.343247521026974312e+00 -1.206942646284506981e+00 -2.506239823006903400e+00 2.450451979202222519e-01 2.723632578709316691e-06 6.841455718877358549e+01 1.575303395266587074e+02 7.262822637607132492e+01 3.403136112268639374e+10 5.118785095731360626e+10 2.396798479335303378e-01
2.818382931264443323e+07 3.311676617271598122e+00 -1.197454592043264432e+00 -2.504801537836156555e+00 2.458070491051158601e-01 2.176506079462069142e-06 6.134227584149187606e+01 1.412458099229479842e+02 6.515882263983118605e+01 3.383291534713450241e+10 5.138629673286549377e+10 2.485090774998804930e-01
3.162277660168366507e+07 3.280313817320515302e+00 -1.187939093831746673e+00 -2.503349711651649212e+00 2.465740792339516374e-01 1.739339565256117001e-06 5.500274650656377418e+01 1.266485041797440800e+02 5.846146478726390683e+01 3.363326971831930161e+10 5.158594236168069458e+10 2.576578839549899524e-01
3.548133892335738987e+07 3.249156424155126288e+00 -1.178395400851229624e+00 -2.501896268605507956e+00 2.473462265166414265e-01 1.389988952183182288e-06 4.931866911213389670e+01 1.135604323039054009e+02 5.245624137517269503e+01 3.343241337978252029e+10 5.178679870021748352e+10 2.671371430304467220e-01
3.981071705534952879e+07 3.218202164686673417e+00 -1.168822869681637844e+00 -2.500384892548342730e+00 2.481234122088460947e-01 1.110937358047640116e-06 4.422721282745213500e+01 1.018369209611663280e+02 4.707130754354592739e+01 3.323032645395674896e+10 5.198888562604325104e+10 2.769584240035393163e-01
4.466835921509607136e+07 3.187449498544052240e+00 -1.159221066765010688e+00 -2.498815086066697777e+00 2.489055316055945877e-01 8.880119341095348033e-07 3.966603606009692129e+01 9.133442333014345138e+01 4.224202393626320173e+01 3.302697746205206299e+10 5.219223461794793701e+10 2.871343126207375751e-01
5.011872336272694170e+07 3.156896276936598245e+00 -1.149589354090474025e+00 -2.497224789290392710e+00 2.496924871756766862e-01 7.098483810039462441e-07 3.557669463701637369e+01 8.191836672919511386e+01 3.791070418477975323e+01 3.282234239229102707e+10 5.239686968770896912e+10 2.976775273118358323e-01
5.623413251903456450e+07 3.126539941443180037e+00 -1.139926943073369614e+00 -2.495630999701516473e+00 2.504841838675355148e-01 5.674334827755317969e-07 3.190912966613657176e+01 7.347348629966015210e+01 3.402590785905838544e+01 3.261640834915008926e+10 5.260280373084991455e+10 3.086005952755578319e-01
6.309573444801890850e+07 3.096377990402584768e+00 -1.130233038198428019e+00 -2.493993974527421997e+00 2.512805168849675530e-01 4.536289566586254940e-07 2.862205218726451150e+01 6.590471069729288445e+01 3.054145293413457196e+01 3.240915775189407730e+10 5.281005432810592651e+10 3.199165949901566774e-01
7.079457843841329217e+07 3.066408826736526816e+00 -1.120507113614022554e+00 -2.492282848832468201e+00 2.520813482737391253e-01 3.627010490097709805e-07 2.567726786381701487e+01 5.912409421204012716e+01 2.741573281140125928e+01 3.220055846563597107e+10 5.301865361436402893e+10 3.316398527955742859e-01
7.943282347242756188e+07 3.036630577685196730e+00 -1.110748538126506091e+00 -2.490542715304446819e+00 2.528865370237943777e-01 2.900145253195798043e-07 2.303667259415005475e+01 5.304389890747439296e+01 2.461153298341340800e+01 3.199058116604844284e+10 5.322863091395155334e+10 3.437851486833400916e-01
8.912509381337386370e+07 3.007040820781087920e+00 -1.100956479165691615e+00 -2.488788457390606279e+00 2.536959464611928672e-01 2.318998370174025794e-07 2.066809472948211379e+01 4.759004682469432623e+01 2.209568434010920157e+01 3.177920881489743423e+10 5.344000326510256958e+10 3.563670273296507540e-01
9.999999999999918044e+07 2.977636963079679955e+00 -1.091130020544436530e+00 -2.487007148044447113e+00 2.545094339288567764e-01 1.854391648851803033e-07 1.854391648851787977e+01 4.269894567218776160e+01 1.983845952768716003e+01 3.156642476602112198e+10 5.365278731397888184e+10 3.694003915128128424e-01
1.122018454301956147e+08 2.948417214250997453e+00 -1.081268488821921281e+00 -2.485146141448008272e+00 2.553268229980041881e-01 1.483087168269314891e-07 1.664051172136601764e+01 3.831619422941007969e+01 1.781308103014722377e+01 3.135219870928061295e+10 5.386701337071939087e+10 3.829014275513035748e-01
1.258925411794155836e+08 2.919379955174230989e+00 -1.071371249613572108e+00 -2.483238619650345758e+00 2.561479194761316913e-01 1.186225201577743740e-07 1.493369050376866625e+01 3.438609313736447604e+01 1.599552384597786769e+01 3.113649620056320190e+10 5.408271587943679810e+10 3.968872774561345018e-01
1.412537544622738063e+08 2.890522906584641838e+00 -1.061437422291778399e+00 -2.481307318002476947e+00 2.569725342915417099e-01 9.488183875319422701e-08 1.340241595417275278e+01 3.086020318618375313e+01 1.436436643788916889e+01 3.091929439531790543e+10 5.429991768468209839e+10 4.113749490257988528e-01
1.584893192461097836e+08 2.861843520975308142e+00 -1.051466004927910314e+00 -2.479360342419893559e+00 2.578004723044289292e-01 7.589396075657494212e-08 1.202838217520053377e+01 2.769637348945204636e+01 1.290045202099828003e+01 3.070057692173174667e+10 5.451863515826824951e+10 4.263815041996661948e-01
1.778279410038908124e+08 2.833339753230991853e+00 -1.041456140671826569e+00 -2.477336878204255299e+00 2.586315092462915799e-01 6.071409926692430024e-08 1.079666326254298525e+01 2.486023588240793813e+01 1.158653678670178522e+01 3.048031632323752594e+10 5.473889575676247406e+10 4.419252182296039555e-01
1.995262314968858361e+08 2.805010132014360558e+00 -1.031407151094467789e+00 -2.475245501263973580e+00 2.594653879758314630e-01 4.857601308377810166e-08 9.692188831749664502e+00 2.231708952247015532e+01 1.040710365157983830e+01 3.025847408998160934e+10 5.496073799001838684e+10 4.580259034115398142e-01
2.238721138568310440e+08 2.776852576685146623e+00 -1.021318119657704804e+00 -2.473121908664224655e+00 2.603018520501901856e-01 3.886634150335592477e-08 8.701090030237775608e+00 2.003500019642461538e+01 9.348301408607474272e+00 3.003502102459429169e+10 5.518419105540570831e+10 4.747034971287556471e-01
2.511886431509551406e+08 2.748864664285737280e+00 -1.011187977082082634e+00 -2.470983215579895642e+00 2.611406375032342964e-01 3.109783646920038725e-08 7.811423347628735137e+00 1.798646695531557071e+01 8.397764729813973261e+00 2.980993917272727203e+10 5.540927290727272797e+10 4.919777162872577825e-01
2.818382931264426112e+08 2.721044123019328076e+00 -1.001015675406250249e+00 -2.468780066576241161e+00 2.619814572062502123e-01 2.488462959117492440e-08 7.013441529060505886e+00 1.614904591540008738e+01 7.544376908046085184e+00 2.958320377857722092e+10 5.563600830142277527e+10 5.098693129964828596e-01
3.162277660168340802e+08 2.693389490568335098e+00 -9.908004341060667741e-01 -2.466489122950556556e+00 2.628239793581018668e-01 1.991565199219016039e-08 6.297882138259005558e+00 1.450140952898865265e+01 6.778115521936370236e+00 2.935477458168061447e+10 5.586443749831938171e+10 5.284010572063352340e-01
3.548133892335702181e+08 2.665898942873559552e+00 -9.805413151391803028e-01 -2.464156857633553521e+00 2.636678613975074192e-01 1.593973650061503477e-08 5.655631931273268798e+00 1.302257377641095459e+01 6.090015939301382630e+00 2.912461628474061966e+10 5.609459579525938416e+10 5.475963233701388599e-01
3.981071705534920692e+08 2.638570201880400035e+00 -9.702371802484613950e-01 -2.461799081137826750e+00 2.645127520105572394e-01 1.275784475101778136e-08 5.078989476188409569e+00 1.169480545534506888e+01 5.472081458507484619e+00 2.889270704853678131e+10 5.632650503146321869e+10 5.674781558788382085e-01
4.466835921509580016e+08 2.611400886949686306e+00 -9.598868156370242710e-01 -2.459392892679898246e+00 2.653582792480045915e-01 1.021176136582662525e-08 4.561426249075809736e+00 1.050307208391370573e+01 4.917134520026017697e+00 2.865902365161018372e+10 5.656018842838981628e+10 5.880703774320971133e-01
5.011872336272653341e+08 2.584389414773690774e+00 -9.494892768777026815e-01 -2.456887986117341605e+00 2.662040208449547585e-01 8.175047499486316540e-09 4.097229441039039521e+00 9.434219433512819109e+00 4.418702232090356397e+00 2.842352714395073700e+10 5.679568493604926300e+10 6.093990243440381427e-01
5.623413251903399229e+08 2.557534236782484705e+00 -9.390436055702626739e-01 -2.454325158166575704e+00 2.670495259995478987e-01 6.545035504490195051e-09 3.680543939012841381e+00 8.474765608080556234e+00 3.970977606050523523e+00 2.818617661239972687e+10 5.703303546760027313e+10 6.314915166574092131e-01
6.309573444801839590e+08 2.530833226818093085e+00 -9.285485871826334447e-01 -2.451724537077194288e+00 2.678943331649000781e-01 5.240208911072158780e-09 3.306348299051485640e+00 7.613148305642170932e+00 3.568779758207456965e+00 2.794694454338004303e+10 5.727226753661995697e+10 6.543750783358003309e-01
7.079457843841286898e+08 2.504284043185019293e+00 -9.180028825812657223e-01 -2.449088544926806499e+00 2.687379571980688664e-01 4.195628998272758381e-09 2.970277862167003846e+00 6.839317527475966330e+00 3.207468112379505243e+00 2.770580859713747025e+10 5.751340348286253357e+10 6.780773183863230136e-01
7.943282347242691517e+08 2.477884916240115754e+00 -9.074053399332064895e-01 -2.446353218449344613e+00 2.695798624012955003e-01 3.359746351797322208e-09 2.668741388744470200e+00 6.145004138779245118e+00 2.882860070723126444e+00 2.746273318959819794e+10 5.775647889040180206e+10 7.026280427235603865e-01
8.912509381337294579e+08 2.451634511473345768e+00 -8.967549496527864594e-01 -2.443536538233947120e+00 2.704194645833482569e-01 2.690672659799999758e-09 2.398064532257526693e+00 5.521747644013919931e+00 2.591191276153298695e+00 2.721767286315332413e+10 5.800153921684667969e+10 7.280594485309000996e-01
9.999999999999836683e+08 2.425530914046989839e+00 -8.860504340546019320e-01 -2.440672090010719053e+00 2.712561614230886708e-01 2.154926027254167358e-09 2.154926027254131959e+00 4.961900546860245065e+00 2.329100071381445591e+00 2.697059378028519440e+10 5.824861829971480560e+10 7.544039443851270343e-01
1.122018454301946878e+09 2.399571931967473759e+00 -8.752903597653445278e-01 -2.437776290488367081e+00 2.720893207164631900e-01 1.725865378723857445e-09 1.936452804568986608e+00 4.458847361087061145e+00 2.093581373682763758e+00 2.672147354101231003e+10 5.849773853898768616e+10 7.816938912630380099e-01
1.258925411794145584e+09 2.373755626297068932e+00 -8.644733533562178884e-01 -2.434790255507943701e+00 2.729182609592756825e-01 1.382383368235309276e-09 1.740317551113014671e+00 4.007229250268730780e+00 1.881929458398869937e+00 2.647028074705972672e+10 5.874893133294027710e+10 8.099636954633544494e-01
1.412537544622726679e+09 2.348080778536822066e+00 -8.535983044987873747e-01 -2.431699739634265445e+00 2.737422337637772096e-01 1.107403587075718826e-09 1.564249143794335772e+00 3.601816760229537451e+00 1.691703308136413897e+00 2.621696814364163589e+10 5.900224393635836792e+10 8.392511283328532024e-01
1.584893192461085081e+09 2.322545765679814078e+00 -8.426638968636199767e-01 -2.428551684105720199e+00 2.745604573802217785e-01 8.871584855982746508e-10 1.406051444458791044e+00 3.237553095993558117e+00 1.520719061730837263e+00 2.596149621202296066e+10 5.925771586797703552e+10 8.695949388267605329e-01
1.778279410038893700e+09 2.297148605468523286e+00 -8.316686170729521432e-01 -2.425364292075170791e+00 2.753721124072447402e-01 7.107204793892908687e-10 1.263859594790947893e+00 2.910144262603131970e+00 1.367026627765920654e+00 2.570384057491042328e+10 5.951537150508957672e+10 9.010336462474759500e-01
1.995262314968842030e+09 2.271887302644662210e+00 -8.206108969194343405e-01 -2.422103082342701441e+00 2.761763275941879203e-01 5.694073811220242962e-10 1.136117089417875814e+00 2.616006273989384123e+00 1.228872864351108429e+00 2.544397386599434662e+10 5.977523821400565338e+10 9.336075358054385376e-01
2.238721138568292141e+09 2.246760654666267065e+00 -8.094894698022581103e-01 -2.418721628947059887e+00 2.769721511119638269e-01 4.562538388418643159e-10 1.021425113568212639e+00 2.351918240111916969e+00 1.104674751498576413e+00 2.518185117063094711e+10 6.003736090936904907e+10 9.673608877356857372e-01
2.511886431509531021e+09 2.221767398287634254e+00 -7.983030044992865948e-01 -2.415268783975238698e+00 2.777585747225295720e-01 3.656032253810532636e-10 9.183537811507886950e-01 2.114587726572522364e+00 9.930121023314658624e-01 2.491742883815752411e+10 6.030178324184247589e+10 1.002340209815107519e+00
2.818382931264402866e+09 2.196905795770856873e+00 -7.870499139082207662e-01 -2.411763404868371818e+00 2.785345432138092714e-01 2.929660976983039988e-10 8.256906491920394942e-01 1.901222980254166472e+00 8.926168346607991078e-01 2.465067937279027176e+10 6.056853270720973206e+10 1.038592006074989582e+00
3.162277660168314457e+09 2.172173965725038070e+00 -7.757284935811467053e-01 -2.408200845559352654e+00 2.792989398922998689e-01 2.347631302981323939e-10 7.423862023729672632e-01 1.709407402828455380e+00 8.023510750837339334e-01 2.438157949183610535e+10 6.083763258816389465e+10 1.076164149935547432e+00
3.548133892335673332e+09 2.147570674575175698e+00 -7.643372844978079117e-01 -2.404515159027930782e+00 2.800505582647287439e-01 1.881453187685568648e-10 6.675647822070156501e-01 1.537124716117691081e+00 7.211877721100805605e-01 2.411009086323373795e+10 6.110912121676626587e+10 1.115108728201159360e+00
3.981071705534887791e+09 2.123095022115906616e+00 -7.528749401348969750e-01 -2.400735314111417829e+00 2.807881085331779270e-01 1.507938610253862017e-10 6.003211734965251400e-01 1.382290585101791036e+00 6.482023895795937518e-01 2.383616780725423813e+10 6.138304427274575806e+10 1.155481839380145814e+00
4.466835921509543419e+09 2.098745594350802435e+00 -7.413398302297103948e-01 -2.396893609163798011e+00 2.815102391341804955e-01 1.208577181506651302e-10 5.398515968270669596e-01 1.243054239283036155e+00 5.825687689699733385e-01 2.355977987561448288e+10 6.165943220438551331e+10 1.197340300587393935e+00
5.011872336272612572e+09 2.074520780519765406e+00 -7.297301778626995583e-01 -2.393005622236410446e+00 2.822155218991519443e-01 9.686164244091575897e-11 4.854581861955549194e-01 1.117808782805812751e+00 5.235471934177523545e-01 2.328090901950945282e+10 6.193830306049054718e+10 1.240741726906516851e+00
5.623413251903352737e+09 2.050419345261012882e+00 -7.180443308949548964e-01 -2.389003256490064953e+00 2.829024304907000187e-01 7.763576526570156115e-11 4.365779912168041843e-01 1.005257974505098906e+00 4.704705244849797796e-01 2.299952662122944260e+10 6.221968545877055359e+10 1.285748007996022624e+00
6.309573444801788330e+09 2.026440708655615985e+00 -7.062809086545587256e-01 -2.384883949870414632e+00 2.835693288526167088e-01 6.223039800080699055e-11 3.926472666853380589e-01 9.041037430745171299e-01 4.227364815454895952e-01 2.271558937162788391e+10 6.250362270837211609e+10 1.332426997861107409e+00
7.079457843841228485e+09 2.002583894700511458e+00 -6.944382940643357705e-01 -2.380695752303505941e+00 2.842144966446116250e-01 4.988116046929396450e-11 3.531315727442461694e-01 8.131154952664437774e-01 3.798060005869657307e-01 2.242906622563883972e+10 6.279014585436116028e+10 1.380848585386178939e+00
7.943282347242626190e+09 1.978847673248888217e+00 -6.825146920808491391e-01 -2.376460770003620215e+00 2.848361188856106674e-01 3.998021322219917613e-11 3.175741219268909399e-01 7.312414390695326505e-01 3.411970772285664588e-01 2.213994437350268555e+10 6.307926770649731445e+10 1.431083252197215216e+00
8.912509381337221146e+09 1.955230922271974592e+00 -6.705083052710459901e-01 -2.372132164722160041e+00 2.854322702202228279e-01 3.204480043065231372e-11 2.855995844612677637e-01 6.576173457458091010e-01 3.064756076081830427e-01 2.184820742405711365e+10 6.337100465594288635e+10 1.483205617850422486e+00
9.999999999999753952e+09 1.931733320579568147e+00 -6.584176934366084977e-01 -2.367670236376776316e+00 2.860008931033454771e-01 2.568604729387378734e-11 2.568604729387315433e-01 5.914430959681238331e-01 2.752490965653348609e-01 2.155382113098284912e+10 6.366539094901715088e+10 1.537297895339660991e+00
1.122018454301937675e+10 1.908354435517878089e+00 -6.462413186243539664e-01 -2.363132621183107851e+00 2.865398168680652335e-01 2.058828859947344876e-11 2.310043975110340486e-01 5.319072821249778427e-01 2.471653371130074217e-01 2.125675791036037064e+10 6.396245416963963318e+10 1.593446470262202652e+00
1.258925411794135284e+10 1.885093480551164546e+00 -6.339774114746724587e-01 -2.358539932925511007e+00 2.870467565136480270e-01 1.650093423333821651e-11 2.077344542469325706e-01 4.783262576502406160e-01 2.219094986186270768e-01 2.095701119350885010e+10 6.426220088649114990e+10 1.651738794744314731e+00
1.412537544622714996e+10 1.861949617101512189e+00 -6.216241200041004999e-01 -2.353879430416150775e+00 2.875192982986081724e-01 1.322412151309877664e-11 1.867956813190496945e-01 4.301129512409102018e-01 1.991985183963483896e-01 2.065457925027371597e+10 6.456463282972628784e+10 1.712266258656318429e+00
1.584893192461071968e+10 1.838922732967941620e+00 -6.091799289526237393e-01 -2.349084562968152490e+00 2.879548786526766602e-01 1.059827724837891662e-11 1.679713746277080588e-01 3.867683832674788658e-01 1.787764850336387434e-01 2.034944493283470154e+10 6.486976714716529846e+10 1.775128793691347351e+00
1.778279410038879013e+10 1.816012972074686038e+00 -5.966434233665217635e-01 -2.344198131045772016e+00 2.883507911944470647e-01 8.493370345644378690e-12 1.510358560749419654e-01 3.477729107057555558e-01 1.604129526843079689e-01 2.004158893679042053e+10 6.517762314320957947e+10 1.840433751108501381e+00
1.995262314968825912e+10 1.793220045209374502e+00 -5.840129116938260756e-01 -2.339252573105730537e+00 2.887041930607792684e-01 6.805731889694560047e-12 1.357922036528912968e-01 3.126731038759591463e-01 1.439018023197651819e-01 1.973101336990407944e+10 6.548819871009591675e+10 1.908290942115117961e+00
2.238721138568273544e+10 1.770543538802870964e+00 -5.712865835144940174e-01 -2.334262196304972115e+00 2.890120908922444998e-01 5.452623298985350020e-12 1.220690304008837795e-01 2.810743297173119992e-01 1.290581164799334546e-01 1.941773539377530670e+10 6.580147668622469330e+10 1.978813627125324492e+00
2.511886431509510422e+10 1.747983524155936053e+00 -5.584628516488405747e-01 -2.329150235953750148e+00 2.892713266099097846e-01 4.368344922524202745e-12 1.097278633904200801e-01 2.526577425288684120e-01 1.157148146737790040e-01 1.910176174409502411e+10 6.611745033590497589e+10 2.052124373574504723e+00
2.818382931264379883e+10 1.725540648573447688e+00 -5.455404208405716382e-01 -2.323927944852839822e+00 2.894785755143855499e-01 3.499416829182303767e-12 9.862696660746722577e-02 2.270969830775755871e-01 1.037209465336179637e-01 1.878308829006463623e+10 6.643612378993536377e+10 2.128357163740919766e+00
3.162277660168288803e+10 1.703215164276157489e+00 -5.325177379605962047e-01 -2.318645717949016305e+00 2.896303528874445421e-01 2.802872400488349908e-12 8.863460776366574589e-02 2.040887265599910794e-01 9.294130379267884212e-02 1.846173041967955399e+10 6.675748166032044983e+10 2.207650973592272692e+00
3.548133892335644531e+10 1.681007124926995777e+00 -5.193930929225500925e-01 -2.313329578074905246e+00 2.897230032025761570e-01 2.244489526417211199e-12 7.963749359673287509e-02 1.833721055992459104e-01 8.325478298869795624e-02 1.813772691880993271e+10 6.708148516119006348e+10 2.290148279060657099e+00
3.981071705534854889e+10 1.658916770691810871e+00 -5.061648415904665965e-01 -2.307917959249551121e+00 2.897526918301815413e-01 1.797096188196589177e-12 7.154368786953982373e-02 1.647354291862213604e-01 7.455209461906131541e-02 1.781111383410542297e+10 6.740809824589457703e+10 2.376001533969649859e+00
4.466835921509506989e+10 1.636945083914733479e+00 -4.928317510423783632e-01 -2.302379321482272978e+00 2.897154041474745423e-01 1.438723033490334361e-12 6.426539727097750621e-02 1.479765457514930493e-01 6.673429524561848292e-02 1.748191120757140732e+10 6.773730087242858887e+10 2.465378705772386159e+00
5.011872336272570801e+10 1.615092832773306508e+00 -4.793924366159950101e-01 -2.296778839495748237e+00 2.896069467175256817e-01 1.151561587090566700e-12 5.771479661853348014e-02 1.328932303390183700e-01 5.971255084335572866e-02 1.715015349384198570e+10 6.806905858615801239e+10 2.558457018420841944e+00
5.623413251903306580e+10 1.593360459591386169e+00 -4.658452825384841178e-01 -2.291140540696054995e+00 2.894229394403644573e-01 9.214660803194564149e-13 5.181784567247827572e-02 1.193149989965145152e-01 5.340734510996743289e-02 1.681590313101152420e+10 6.840330894898847961e+10 2.655418664128838202e+00
6.309573444801736450e+10 1.571748355382918794e+00 -4.521886019200080375e-01 -2.285437710880715123e+00 2.891588104093508194e-01 7.371617394754084330e-13 4.651176135917892834e-02 1.070972883545418808e-01 4.774703792619104659e-02 1.647922919273154449e+10 6.873998288726846313e+10 2.756456787419670373e+00
7.079457843841171265e+10 1.550257600268024394e+00 -4.384211108438146876e-01 -2.279601117877980254e+00 2.888098055487131610e-01 5.896186722547099361e-13 4.174180534168823314e-02 9.611405873443056025e-02 4.266675424896675811e-02 1.614018578432580376e+10 6.907902629567419434e+10 2.861783648247214096e+00
7.943282347242561340e+10 1.528889349116639540e+00 -4.245415561899907875e-01 -2.273687113431928086e+00 2.883709876446464704e-01 4.714781585392323137e-13 3.745084133835113738e-02 8.623374898577251813e-02 3.810805905596170023e-02 1.579883217355927849e+10 6.942037990644071960e+10 2.971627646461125316e+00
8.912509381337149048e+10 1.507644284236429266e+00 -4.105483559754754541e-01 -2.267726202384666045e+00 2.878372237231952568e-01 3.768831452449907264e-13 3.358974567663831207e-02 7.734324767248858257e-02 3.401863413950519111e-02 1.545525681442943764e+10 6.976395526557055664e+10 3.086225882633964801e+00
9.999999999999673462e+10 1.486522902391514522e+00 -3.964397702606495266e-01 -2.261725081120246728e+00 2.872031846008423206e-01 3.011574629549496403e-13 3.011574629549398224e-02 6.934406848439510218e-02 3.035145123558311356e-02 1.510956603810242271e+10 7.010964604189758301e+10 3.205827717821888356e+00
1.122018454301928558e+11 1.465526158748483576e+00 -3.822143307184677763e-01 -2.255593631012833722e+00 2.864633663592661694e-01 2.405832766519526806e-13 2.699388761999171882e-02 6.215572323574945768e-02 2.706395644257951483e-02 1.476185619561395645e+10 7.045735588438604736e+10 3.330705529625419548e+00
1.258925411794125061e+11 1.444655380206953055e+00 -3.678708019145845443e-01 -2.249355331468927410e+00 2.856121025651120471e-01 1.921309255163887919e-13 2.418785045241061277e-02 5.569458388328996784e-02 2.411769876460354359e-02 1.441221820696154022e+10 7.080699387303845215e+10 3.461157623856474075e+00
1.412537544622703552e+11 1.423911387090873948e+00 -3.534075828870102964e-01 -2.243059948819849936e+00 2.846435380493563816e-01 1.533730585303457582e-13 2.166452035077287910e-02 4.988440160655577271e-02 2.147822412735740996e-02 1.406077091418586540e+10 7.115844116581413269e+10 3.597497852360611148e+00
1.584893192461058960e+11 1.403294732004936485e+00 -3.388228517630157421e-01 -2.236733014820138532e+00 2.835516355753451290e-01 1.223756180974981071e-13 1.939522840459391093e-02 4.465916379963263266e-02 1.911463499220271076e-02 1.370766192706752205e+10 7.151155015293247986e+10 3.740055069532127963e+00
1.778279410038864746e+11 1.382806136779824335e+00 -3.241148669928758386e-01 -2.230290746707652261e+00 2.823302042520353106e-01 9.760460630130765616e-14 1.735682617105650458e-02 3.996556920316363115e-02 1.699901666713281301e-02 1.335303704328874779e+10 7.186617503671125793e+10 3.889186176315141186e+00
1.995262314968809509e+11 1.362446920947280926e+00 -3.092822896935013555e-01 -2.223709109537081563e+00 2.809729472618185953e-01 7.781713924540087693e-14 1.552656053950287468e-02 3.575122684372891019e-02 1.510609676596050797e-02 1.299702948213959312e+10 7.222218259786041260e+10 4.045286134251361077e+00
2.238721138568255310e+11 1.342218043011952133e+00 -2.943235015155664103e-01 -2.217058612600819600e+00 2.794734249100325751e-01 6.200918628782625159e-14 1.388212761279734343e-02 3.196478010026818084e-02 1.341319659236058816e-02 1.263979622080121994e+10 7.257941585919877625e+10 4.208776882547468290e+00
2.511886431509489746e+11 1.322120116124990252e+00 -2.792365967006604777e-01 -2.210367488129703073e+00 2.778250619427747314e-01 4.938359535087984938e-14 1.240459831010302071e-02 2.856264315342234988e-02 1.190001101101833061e-02 1.228153035908800888e+10 7.293768172091198730e+10 4.380101880575237416e+00
2.818382931264356689e+11 1.302153700611227594e+00 -2.640195864436676310e-01 -2.203587700070419597e+00 2.760211830709257130e-01 3.930670468220291484e-14 1.107813455605694691e-02 2.550834748695893911e-02 1.054823624500880394e-02 1.192243434172017479e+10 7.329677773827983093e+10 4.559739696828303046e+00
3.162277660168262939e+11 1.282320017347557739e+00 -2.486709508637479082e-01 -2.196646877119079022e+00 2.740551094362729256e-01 3.127019962652270038e-14 9.888505370795469540e-03 2.276912505878520704e-02 9.341299431365204797e-03 1.156269787502772903e+10 7.365651420497227478e+10 4.748220756685026522e+00
3.548133892335615234e+11 1.262620229514233250e+00 -2.331891089315682453e-01 -2.189618851929832744e+00 2.719201374551348249e-01 2.486090675476065260e-14 8.820982585076169585e-03 2.031106300595647216e-02 8.264294729746667761e-03 1.120252620863829994e+10 7.401668587136169434e+10 4.946120974385274316e+00
3.981071705534822998e+11 1.243055049531753831e+00 -2.175720991840711938e-01 -2.182534719285749603e+00 2.696095240747106714e-01 1.975107828194653261e-14 7.863045890206067645e-03 1.810533225231658952e-02 7.303884848289844689e-03 1.084216371616379356e+10 7.437704836383621216e+10 5.154050792390154179e+00
4.466835921509470215e+11 1.223625020387828721e+00 -2.018177812612846900e-01 -2.175390861059331549e+00 2.671165421216080693e-01 1.567960767400248343e-14 7.003823479340984606e-03 1.612689953749224178e-02 6.448079053544627723e-03 1.048187661589967155e+10 7.473733546410032654e+10 5.372666487551320813e+00
5.011872336272529907e+11 1.204331205581854025e+00 -1.859243967495173566e-01 -2.168083013186024033e+00 2.644346152997393840e-01 1.243897403574981340e-14 6.234254986138675764e-03 1.435490259700671761e-02 5.686034000182156774e-03 1.012192373246850014e+10 7.509728834753149414e+10 5.602693300904133089e+00
5.623413251903260498e+11 1.185174940585633774e+00 -1.698903928771674787e-01 -2.160653874420851661e+00 2.615573587307954417e-01 9.860394647353764540e-15 5.544907392892513623e-03 1.276762110490678101e-02 5.007970907634322344e-03 9.762567360137409210e+09 7.545664471986259460e+10 5.844931165024072506e+00
6.309573444801684570e+11 1.166157052475158329e+00 -1.537137722328839051e-01 -2.153156423124531038e+00 2.584785224880682963e-01 7.809332682701484680e-15 4.927355811639519065e-03 1.134565603975873534e-02 4.405138979017686647e-03 9.404107710690090179e+09 7.581510436930990601e+10 6.100238222392608378e+00
7.079457843841113281e+11 1.147278124963636570e+00 -1.373922891055309459e-01 -2.145617597101035834e+00 2.551920740515495334e-01 6.178822802857344894e-15 4.374271555739276535e-03 1.007213247695313250e-02 3.869694266099892033e-03 9.046878992363870621e+09 7.617233308763612366e+10 6.369535786851474590e+00
7.943282347242496338e+11 1.128538996310423981e+00 -1.209238725582744700e-01 -2.137927307122040155e+00 2.516923494819761076e-01 4.884275667376519751e-15 3.879718068773797303e-03 8.933380990178194092e-03 3.394556429421611080e-03 8.691214980392255783e+09 7.652799709960774231e+10 6.653839524737282574e+00
8.912509381337076416e+11 1.109941043861859100e+00 -1.043069002756987496e-01 -2.130076097392648471e+00 2.479742060074925092e-01 3.857216682588991592e-15 3.437747986942426334e-03 7.915707268203920136e-03 2.973329222962060089e-03 8.337442023371608734e+09 7.688177005662838745e+10 6.954282576232468038e+00
9.999999999999591064e+11 1.091485226416044618e+00 -8.753936179582544330e-02 -2.122143729161189096e+00 2.440329336182330555e-01 3.042692897164684039e-15 3.042692897164559710e-03 7.006059307569981014e-03 2.600285058567713969e-03 7.985918502462903976e+09 7.723329357753709412e+10 7.272097279232867528e+00
1.122018454301919434e+12 1.073172188883393607e+00 -7.061892503619376926e-02 -2.114167429106951879e+00 2.398643451174053975e-01 2.397196336900703407e-15 2.689698528587550382e-03 6.193259736573713051e-03 2.270302082464122854e-03 7.637043226855644226e+09 7.758216885314434814e+10 7.608612226794024380e+00
1.258925411794114746e+12 1.055002580857246963e+00 -5.354321323522429066e-02 -2.106070294898441553e+00 2.354649335559864942e-01 1.886322184649952295e-15 2.374738933086815214e-03 5.468038467078285489e-03 1.978769627372824278e-03 7.291223119465811729e+09 7.792798896053419495e+10 7.965289925052132958e+00
1.412537544622691895e+12 1.036977711694804016e+00 -3.631043595450567096e-02 -2.097778818425379832e+00 2.308321531686614581e-01 1.482503016115412618e-15 2.094091170279400137e-03 4.821823112055803259e-03 1.721523087894473144e-03 6.948851650511292458e+09 7.827036042948870850e+10 8.343771129115342688e+00
1.584893192461046143e+12 1.019098723249876270e+00 -1.891863203048799180e-02 -2.089389579554077336e+00 2.259643531739057576e-01 1.163479706414880783e-15 1.843991066263521049e-03 4.245946340792579494e-03 1.494828851573264507e-03 6.610342209751661301e+09 7.860886987024833679e+10 8.745866479550461037e+00
1.778279410038850098e+12 1.001366328858347199e+00 -1.365396280448012960e-03 -2.080937708464377423e+00 2.208608108362664080e-01 9.116956318914941953e-16 1.621249570415002946e-03 3.733065092860586662e-03 1.295353565731936296e-03 6.276147103700517654e+09 7.894306497629948425e+10 9.173545619481556557e+00
1.995262314968793213e+12 9.837810845197590970e-01 1.635188176268123975e-02 -2.072402498683441507e+00 2.155219103592645180e-01 7.132425797123151071e-16 1.423106040731107877e-03 3.276822755137226602e-03 1.120106369531991648e-03 5.946733260022361755e+09 7.927247881997763062e+10 9.628979107063088350e+00
2.238721138568236816e+12 9.663441195664749239e-01 3.423527676969791850e-02 -2.063660272901824744e+00 2.099495019864512924e-01 5.571018016505169005e-16 1.247195579689461134e-03 2.871773949841020714e-03 9.663914519075361698e-04 5.622552709950957298e+09 7.959665937004904175e+10 1.011460607649423693e+01
2.511886431509469238e+12 9.490567276563486310e-01 5.228670591390244954e-02 -2.054781232514899525e+00 2.041469435602604188e-01 4.343716597507124034e-16 1.091092278360062317e-03 2.512332815232789628e-03 8.317887827806914750e-04 5.304057816033010483e+09 7.991515426396699524e+10 1.063315913543435975e+01
2.818382931264333984e+12 9.319196870119389464e-01 7.050864074360037315e-02 -2.045823342253474841e+00 1.981190073153374920e-01 3.380190644980820119e-16 9.526671618233323270e-04 2.193597205399351428e-03 7.141405322648884581e-04 4.991730525238364220e+09 8.022748155476164246e+10 1.118764745329813337e+01
3.162277660168236816e+12 9.149335432944015745e-01 8.890384662366464241e-02 -2.036813197005148623e+00 1.918720821353655237e-01 2.624874694523451134e-16 8.300582607232433966e-04 1.911279777457905449e-03 6.115186076934575349e-04 4.686070668629537582e+09 8.053314141137046814e+10 1.178139655874468339e+01
3.548133892335586426e+12 8.980991845225344550e-01 1.074747663086131483e-01 -2.027604615284055001e+00 1.854145146764446528e-01 2.034102725388642543e-16 7.217268820443629041e-04 1.661837559808422050e-03 5.221906742617997811e-04 4.387560180827064514e+09 8.083165189917294312e+10 1.241815175545680106e+01
3.981071705534790039e+12 8.814179697113561085e-01 1.262233390904994312e-01 -2.018209338461781410e+00 1.787568171223024027e-01 1.572779262313548213e-16 6.261347020248346192e-04 1.441728431088653032e-03 4.446015244893732456e-04 4.096659019987449646e+09 8.112255306001254272e+10 1.310216358652275837e+01
4.466835921509433594e+12 8.648907800419892711e-01 1.451520458698722649e-01 -2.008720913128554830e+00 1.719114205396869988e-01 1.213073001387121538e-16 5.418598058009257718e-04 1.247678311329860224e-03 3.773663559289106581e-04 3.813839055897236824e+09 8.140537302410276794e+10 1.383817889308222782e+01
5.011872336272489258e+12 8.485181937015969789e-01 1.642637523437508462e-01 -1.999188199087267970e+00 1.648928185145017156e-01 9.331262851398340680e-17 4.676709814741048963e-04 1.076852230368168439e-03 3.192530923864601638e-04 3.539583550817937851e+09 8.167962852918206787e+10 1.463148127271504961e+01
5.623413251903214844e+12 8.323008575245728347e-01 1.835612959235501385e-01 -1.989491417212964297e+00 1.577177986523695397e-01 7.158251903631888897e-17 4.025380861534497991e-04 9.268781965392864849e-04 2.691598317137740130e-04 3.274351924894070625e+09 8.194486015510592651e+10 1.548804436424778253e+01
6.309573444801632812e+12 8.162400716663180678e-01 2.030467618145447295e-01 -1.979558570845339371e+00 1.504057801599802124e-01 5.475690252923507242e-17 3.454926981180529819e-04 7.955263364249208664e-04 2.260997183896689918e-04 3.018560650387416840e+09 8.220065142961257935e+10 1.641471422463002128e+01
7.079457843841054688e+12 8.003368612716332819e-01 2.227225633525367621e-01 -1.969516194940995835e+00 1.429784455673082100e-01 4.175399223851652500e-17 2.955956278646443411e-04 6.806340862753454315e-04 1.891957078221624753e-04 2.772611846192052841e+09 8.244660023380795288e+10 1.741925486533404666e+01
7.943282347242431641e+12 7.845918406419249980e-01 2.425916446465287424e-01 -1.959411712572997288e+00 1.354596515941400292e-01 3.173037111872043139e-17 2.520432967787831070e-04 5.803511379519002292e-04 1.576710772164814612e-04 2.536901514437979698e+09 8.268231056556202698e+10 1.851040787164405543e+01
8.912509381337003906e+12 7.690054897617124574e-01 2.626571706700986941e-01 -1.949194155697850928e+00 1.278754979266345515e-01 2.402680819521132071e-17 2.141391534434057043e-04 4.930736225451505354e-04 1.308354582040553086e-04 2.311791108540009022e+09 8.290742097145999146e+10 1.969812308169057147e+01
9.999999999999509766e+12 7.535789233701659651e-01 2.829215240381556251e-01 -1.938713675582305562e+00 1.202546129095411892e-01 1.812677636626965969e-17 1.812677636626877035e-04 4.173844504500725063e-04 1.080740063791748397e-04 2.097581913761910200e+09 8.312163016623808289e+10 2.099388994568344202e+01
1.122018454301910156e+13 7.383133098347556267e-01 3.033870054013943496e-01 -1.928082679461801785e+00 1.126277328081947138e-01 1.362049510536386957e-17 1.528244686494710091e-04 3.518913433570078743e-04 8.884211153399791281e-05 1.894528655860484838e+09 8.332468342413951111e+10 2.241095564217840419e+01
1.258925411794104297e+13 7.232092878450655515e-01 3.240566272805177617e-01 -1.917368336701742004e+00 1.050271917372967018e-01 1.018987231226709318e-17 1.282828919685019239e-04 2.953822747328381623e-04 7.266027108175182559e-05 1.702855447607892990e+09 8.351635663239210510e+10 2.396446081368260295e+01
1.412537544622680273e+13 7.082672597833927775e-01 3.449337709484062153e-01 -1.906591035569184855e+00 9.748678448800526808e-02 7.587778421107074241e-18 1.071802190009154388e-04 2.467915745353450830e-04 5.910592485004730545e-05 1.522738793462284088e+09 8.369647328653771973e+10 2.567180040854519163e+01
1.584893192461033008e+13 6.934880623826737978e-01 3.660212529548239058e-01 -1.895553040075119045e+00 9.004176398943293524e-02 5.623091141347833063e-18 8.911998870510121420e-05 2.052063574801638111e-04 4.780597654965963256e-05 1.354280662525345325e+09 8.386493141747465515e+10 2.755323535951802683e+01
1.778279410038835547e+13 6.788729268857135457e-01 3.873213163814297477e-01 -1.884299753622015627e+00 8.272840479333543051e-02 4.145609999830860448e-18 7.372052904750319943e-05 1.697477912324154290e-04 3.843212283184519357e-05 1.197508372258292913e+09 8.402170370774171448e+10 2.963251699004258199e+01
1.995262314968776953e+13 6.644225428476033812e-01 4.088369721864397177e-01 -1.872946808604439184e+00 7.558304167922877403e-02 3.039170341493929609e-18 6.063942051153626374e-05 1.396274257176607729e-04 3.069774240809332240e-05 1.052395286578612089e+09 8.416681679342138672e+10 3.193727472835010772e+01
2.238721138568218750e+13 6.501372925579572692e-01 4.305717190761799151e-01 -1.861558836631590275e+00 6.864164335525525795e-02 2.214545088288242880e-18 4.957748901463311842e-05 1.141563871531702906e-04 2.435314708632257190e-05 9.188558721553800106e+08 8.430035620784461975e+10 3.449967226171708035e+01
2.511886431509448438e+13 6.360177041423521471e-01 4.525288793276371346e-01 -1.849948359728847525e+00 6.193943173086274845e-02 1.603506860578941734e-18 4.027827125920556417e-05 9.274414697301724421e-05 1.918063373316790488e-05 7.967241018039255142e+08 8.442248797819607544e+10 3.735760415037335491e+01
2.818382931264310938e+13 6.220649498450225856e-01 4.747107707217427808e-01 -1.838051122357082345e+00 5.551044247812778054e-02 1.153315089048607557e-18 3.250483561344174162e-05 7.484514993373292911e-05 1.499090131049916986e-05 6.857478374427782297e+08 8.453346424255722046e+10 4.055621514926886562e+01
3.162277660168211328e+13 6.082798142149841158e-01 4.971202821367287084e-01 -1.826037387333925288e+00 4.938632516681949053e-02 8.234689757503385490e-19 2.604037545856894046e-05 5.996018034686883587e-05 1.162076805348414013e-05 5.856095794748507738e+08 8.463360250052514648e+10 4.414908654637620344e+01
3.548133892335557031e+13 5.946626723691178507e-01 5.197609714009256976e-01 -1.813979761978739891e+00 4.359564726840240573e-02 5.833396462835796205e-19 2.069767169721804426e-05 4.765815030969904417e-05 8.930309787069954652e-06 4.959325201822446585e+08 8.472327955981774902e+10 4.819971738666072980e+01
3.981071705534757812e+13 5.812137943652687655e-01 5.426366132846814905e-01 -1.801770937089204105e+00 3.816335067259222363e-02 4.098006200854407227e-19 1.631445653532746952e-05 3.756542441854431925e-05 6.799720418863879206e-06 4.162704835275108218e+08 8.480294159647248840e+10 5.278408301243690914e+01
4.466835921509397656e+13 5.679341514647937572e-01 5.657497975011771540e-01 -1.789223965040033004e+00 3.311039554806063240e-02 2.853740307381372250e-19 1.274718971567038398e-05 2.935148901686963525e-05 5.126797582978537035e-06 3.461057500901578665e+08 8.487310632990983582e+10 5.799420637744771057e+01
5.011872336272448438e+13 5.548246436967360085e-01 5.891031724639060885e-01 -1.776520700025950861e+00 2.845280411096852771e-02 1.968375559395198609e-19 9.865247013527600917e-06 2.271557071205268491e-05 3.825121089755484537e-06 2.848667936039782763e+08 8.493434528639602661e+10 6.394181171951633047e+01
5.623413251903168750e+13 5.418856190082833590e-01 6.127003348535858818e-01 -1.763746827428858577e+00 2.420100377079620335e-02 1.343776564019477460e-19 7.556610937704035963e-06 1.739973969871307240e-05 2.822238329486344585e-06 2.319434267900319397e+08 8.498726865320996094e+10 7.076232677138636973e+01
6.309573444801581250e+13 5.291171800251323054e-01 6.365453593192287318e-01 -1.750904028663016865e+00 2.035961065940625897e-02 9.073013151491880791e-20 5.724684284498867429e-06 1.318157269558437722e-05 2.057705519628911394e-06 1.866894198294847608e+08 8.503252266017051697e+10 7.862106560616579998e+01
7.079457843840996875e+13 5.165199700889754331e-01 6.606413269124320475e-01 -1.737713851655964037e+00 1.692745091272008021e-02 6.055299711013552601e-20 4.286823903594301369e-06 9.870776816706783958e-06 1.481396781821634863e-06 1.484269574793300629e+08 8.507078512252067566e+10 8.772220393743415912e+01
7.943282347242367188e+13 5.040949428856431602e-01 6.849906499104601032e-01 -1.724282501759127006e+00 1.389739856715611031e-02 3.990931646151004217e-20 3.170109689392219280e-06 7.299447313950508973e-06 1.052141178555204403e-06 1.164616276409883201e+08 8.510275045235900879e+10 9.832002807796474997e+01
8.912509381336929688e+13 4.918424335128392388e-01 7.095968708708066952e-01 -1.710761900874457009e+00 1.125631700353668663e-02 2.594870630331355949e-20 2.312680883618388375e-06 5.325144527471999271e-06 7.365263825196429040e-07 9.010113475308893621e+07 8.512911094524691772e+10 1.107313421692605431e+02
9.999999999999428125e+13 4.797624472456898381e-01 7.344641991558826799e-01 -1.697239123690341023e+00 8.985584116561020837e-03 1.662636406014376107e-20 1.662636406014281085e-06 3.828361803557679808e-06 5.076887242439018588e-07 6.866513010467807949e+07 8.515054694989532471e+10 1.253528350693708546e+02
1.122018454301901094e+14 4.678552366866992052e-01 7.595963542338346475e-01 -1.683410212991329091e+00 7.061818688180621952e-03 1.048946429145561366e-20 1.176937251075401427e-06 2.709998169715609773e-06 3.442297249120703181e-07 5.149255570192126930e+07 8.516771952429808044e+10 1.426868257845366372e+02
1.258925411794094062e+14 4.561216881691649294e-01 7.849956450484542048e-01 -1.669235342046607284e+00 5.457684645794828177e-03 6.508725566750564105e-21 8.194000014376202560e-07 1.886738228509564271e-06 2.293113149564414752e-07 3.795272905487294495e+07 8.518125935094512939e+10 1.633772211974289235e+02
1.412537544622668750e+14 4.445621703230203114e-01 8.106653680649011928e-01 -1.654953806705779851e+00 4.142653455952403918e-03 3.966450773147097936e-21 5.602760635967887600e-07 1.290083311999349868e-06 1.498907764437189605e-07 2.745884451696222275e+07 8.519175323548303223e+10 1.882529094316994644e+02
1.584893192461020000e+14 4.331766225729756226e-01 8.366097298244214997e-01 -1.640686732752005605e+00 3.084143107801483145e-03 2.370502083976988679e-21 3.756992615609790438e-07 8.650795191191812581e-07 9.601170566575592062e-08 1.947547013026304543e+07 8.519973660986973572e+10 2.183862403075486043e+02
1.778279410038820938e+14 4.219649243778859082e-01 8.628330859885315895e-01 -1.626216701292570344e+00 2.248708462852276341e-03 1.387514884582763616e-21 2.467389150375919370e-07 5.681373476270836523e-07 6.018128399709944079e-08 1.352205615989118628e+07 8.520569002384010315e+10 2.551797358503472140e+02
1.995262314968760312e+14 4.109277325324205421e-01 8.893379132008327748e-01 -1.611303941987402899e+00 1.603200118743936713e-03 7.942938558861867935e-22 1.584824597660936023e-07 3.649193493584357912e-07 3.685486657246155132e-08 9.176014227048411965e+06 8.521003606577294922e+10 3.004934792932118626e+02
2.238721138568200312e+14 4.000654875162802937e-01 9.161270264839129762e-01 -1.596250815653814881e+00 1.115713051999422945e-03 4.438418960441901660e-22 9.936382348563181706e-08 2.287936587409075084e-07 2.201204136997803434e-08 6.075226662119837478e+06 8.521313685333787537e+10 3.568178399945967953e+02
2.511886431509428125e+14 3.893780381115100053e-01 9.432045869372860381e-01 -1.581181112892473095e+00 7.565027525433328133e-04 2.416149137610251969e-22 6.069092235266398631e-08 1.397460130893032199e-07 1.279854957422280518e-08 3.917148376294375397e+06 8.521529493162370300e+10 4.275101349801715855e+02
2.818382931264288125e+14 3.788649672191432560e-01 9.705754244057412938e-01 -1.566048468212745348e+00 4.987349283961109913e-04 1.278764352017528415e-22 3.604047622835439487e-08 8.298626330781510877e-08 7.230242664294870948e-09 2.454865420862607658e+06 8.521675721457913208e+10 5.171490233357865236e+02
3.162277660168185625e+14 3.685265387105287616e-01 9.982425517355424383e-01 -1.550435545895939793e+00 3.189872405288532507e-04 6.567455012763576681e-23 2.076811627102182507e-08 4.782035493522194906e-08 3.960077208218958564e-09 1.492094650489822263e+06 8.521771998534950256e+10 6.320703944799930696e+02
3.548133892335528125e+14 3.583632222834191583e-01 1.026208219543494282e+00 -1.534568350628639832e+00 1.974637754601765304e-04 3.264669841874947384e-23 1.158348571324217018e-08 2.667196152822092577e-08 2.097769296632894386e-09 8.774523235240355134e+05 8.521833462767648315e+10 7.811733613999613226e+02
3.981071705534725000e+14 3.483747702946985436e-01 1.054476452542427722e+00 -1.518661426522896818e+00 1.179981635957601932e-04 1.566447501580385581e-23 6.236139826747234459e-09 1.435924260289465335e-08 1.071989193355009044e-09 4.979501607424305403e+05 8.521871412983926392e+10 9.770944150176508174e+02
4.466835921509360625e+14 3.385605665567343880e-01 1.083052276322849172e+00 -1.502831321351033811e+00 6.787196902723603123e-05 7.233482676003124355e-24 3.231078025478641200e-09 7.439832095767755407e-09 5.270123258884512657e-10 2.719559515057655517e+05 8.521894012404849243e+10 1.238016432142655049e+03
5.011872336272406875e+14 3.289203776473414442e-01 1.111939570736657945e+00 -1.486558252633941812e+00 3.746145204874529167e-05 3.205801152959813636e-24 1.606706611410947739e-09 3.699578692249825299e-09 2.485270561880128545e-10 1.425201381084575551e+05 8.521906955986189270e+10 1.590530890318121237e+03
5.623413251903122500e+14 3.194545952684978984e-01 1.141140127099078638e+00 -1.469866629655211199e+00 1.977463941551734389e-05 1.359014604330109640e-24 7.642300735519817495e-10 1.759704774978536426e-09 1.120449695073044033e-10 7.142672997195472999e+04 8.521914065327003479e+10 2.074288752279822802e+03
6.309573444801530000e+14 3.101629402098782795e-01 1.170657506009125770e+00 -1.453118979493738028e+00 9.946422513614150556e-06 5.489212942669935413e-25 3.463459221593108594e-10 7.974909573833053697e-10 4.811507619825863499e-11 3.410829267638849706e+04 8.521917797170732117e+10 2.749410629512513424e+03
7.079457843840938750e+14 3.010446627360723881e-01 1.200496644057695406e+00 -1.436524089988151065e+00 4.747926967679953145e-06 2.103688768016655683e-25 1.489297594973559332e-10 3.429234441218002137e-10 1.960471616063112142e-11 1.545944309263837204e+04 8.521919662055690002e+10 3.708626925172014580e+03
7.943282347242301250e+14 2.920990333457663679e-01 1.230662378920290845e+00 -1.419639123659870883e+00 2.141422471178172359e-06 7.618068781029621179e-26 6.051247126843027194e-11 1.393351142829180427e-10 7.548252200513217032e-12 6.623217542739609598e+03 8.521920545678245544e+10 5.097820419790915366e+03
8.912509381336857500e+14 2.833262074018934595e-01 1.261156368828418195e+00 -1.402153911322771451e+00 9.082488290965424172e-07 2.594932436003096043e-26 2.312735967981289903e-11 5.325271363904873420e-11 2.733556502464068370e-12 2.669733883929229705e+03 8.521920941026611328e+10 7.151941963797135941e+03
9.999999999999345000e+14 2.747259354375404250e-01 1.291981276658894062e+00 -1.384585400650694798e+00 3.603741801185473028e-07 8.268446771395221373e-27 8.268446771394680116e-12 1.903880227802813749e-11 9.262686045371543726e-13 1.007225552254396462e+03 8.521921107277444458e+10 1.025859029234017544e+04
1.122018454301891875e+15 2.662973179550649494e-01 1.323141857729810633e+00 -1.367146843007085222e+00 1.329999857634803584e-07 2.450106648709038208e-27 2.749064874859303351e-12 6.329955800524574093e-12 2.920496525733392487e-13 3.536973147261300028e+02 8.521921172630268860e+10 1.507235456588799934e+04
1.258925411794083750e+15 2.580391822218610631e-01 1.354643836514479727e+00 -1.349659008130709825e+00 4.536782779161018601e-08 6.709774686721697876e-28 8.447105860526633195e-13 1.945018003339126773e-12 8.517530747674759792e-14 1.149233193785185847e+02 8.521921196507667542e+10 2.272804584111028089e+04
1.412537544622657250e+15 2.499512126841527127e-01 1.386489529427374912e+00 -1.331453939423273836e+00 1.420628098477901831e-08 1.687348789771916288e-28 2.383443516426434818e-13 5.488081510916818153e-13 2.282965361597763754e-14 3.432720165320488803e+01 8.521921204567280579e+10 3.525063077009456174e+04
1.584893192461007250e+15 2.420331657745372067e-01 1.418680513560647283e+00 -1.313013510781518622e+00 4.053391628494507527e-09 3.866485935212897615e-29 6.127967237465152705e-14 1.411016601134316637e-13 5.581908335849874880e-15 9.356122183938266446e+00 8.521921207064387512e+10 5.637316691958856973e+04
1.778279410038806500e+15 2.342839644119387443e-01 1.451221376220531489e+00 -1.294658655596879981e+00 1.045129018240798871e-09 8.005113456144770600e-30 1.423532843408683395e-14 3.277805504620262091e-14 1.234915456859036894e-15 2.308132160225661700e+00 8.521921207769186401e+10 9.320822933729898068e+04
1.995262314968744250e+15 2.267021166225058615e-01 1.484118384844812510e+00 -1.276531140176443424e+00 2.412987802803228014e-10 1.483695677970390003e-30 2.960362073136320715e-15 6.816485579468641892e-15 2.450519412172594658e-16 5.109017305501102335e-01 8.521921207948910522e+10 1.598014139116816514e+05
2.238721138568182000e+15 2.192867239338144314e-01 1.517375163768315272e+00 -1.257698235884421090e+00 4.939137185804475036e-11 2.438713202485178335e-31 5.459598797308876187e-16 1.257119080441163925e-15 4.321182471951517574e-17 1.005263341420446904e-01 8.521921207989947510e+10 2.849699927884711651e+05
2.511886431509407500e+15 2.120374964998117673e-01 1.550992149667697939e+00 -1.238348556894109054e+00 8.867053845828647389e-12 3.516297353346400490e-32 8.832539611023264530e-17 2.033767404162159644e-16 6.699429198080832876e-18 1.739637579661673650e-02 8.521921207998260498e+10 5.304617407175521366e+05
2.818382931264265000e+15 2.049532825620218046e-01 1.584973215755944409e+00 -1.219064463592562486e+00 1.379505018035486595e-12 4.392965054374823149e-33 1.238105772689039504e-17 2.850843895743656866e-17 9.022997137395438926e-19 2.616201484348492593e-03 8.521921207999739075e+10 1.034863477699538460e+06
3.162277660168159500e+15 1.980324005081330885e-01 1.619324622745025977e+00 -1.200212542507897995e+00 1.835176579383337355e-13 4.691215063480362181e-34 1.483492459428830339e-18 3.415867622649899271e-18 1.041920492373854395e-19 3.374609936528533962e-04 8.521921207999966431e+10 2.125144539162728935e+06
3.548133892335499000e+15 1.912733048567264171e-01 1.654051958239257880e+00 -1.180853150146676800e+00 2.057101223688055856e-14 4.221916943814027473e-35 1.497992659897205869e-19 3.449255568093805785e-19 1.017221975090385397e-20 3.681689536171584812e-05 8.521921207999996948e+10 4.615244946519357152e+06
3.981071705534692500e+15 1.846754468187598031e-01 1.689155336083272951e+00 -1.160592159376024002e+00 1.912370489425201099e-15 3.152363793468876931e-36 1.254978630373095439e-20 2.889695086323174572e-20 8.266570590885860427e-22 3.344823064068612588e-06 8.521921208000000000e+10 1.065511661236561649e+07
4.466835921509324000e+15 1.782376436792768304e-01 1.724637542262845935e+00 -1.140354580692280129e+00 1.448656778420125580e-16 1.917705490481994579e-37 8.566075771760630996e-22 1.972411837751349527e-21 5.492299156401202565e-23 2.485412264007221035e-07 8.521921208000000000e+10 2.630764292329705507e+07
5.011872336272366000e+15 1.719580286832029514e-01 1.760504851229937495e+00 -1.120562392132197216e+00 8.767223188220125994e-18 9.317003091464291524e-39 4.669563005107399603e-23 1.075206616635677885e-22 2.924679078639315733e-24 1.480822943454099574e-08 8.521921208000000000e+10 6.992630720742157102e+07
5.623413251903077000e+15 1.658345162157029984e-01 1.796764878118025655e+00 -1.100692777246160992e+00 4.146881488403571591e-19 3.537554244048704911e-40 1.989312941530945939e-24 4.580562324469292279e-24 1.221484789384011582e-25 6.922738183929393267e-10 8.521921208000000000e+10 2.015443582267568111e+08
6.309573444801478000e+15 1.598661905806703087e-01 1.833418122520481752e+00 -1.079628647861075930e+00 1.497121403058738653e-20 1.025719239840077389e-41 6.471850877516910848e-26 1.490198735465087372e-25 3.908923988006640175e-27 2.480765055630962580e-11 8.521921208000000000e+10 6.348156014065269232e+08
7.079457843840881000e+15 1.540520675118895733e-01 1.870464632985123110e+00 -1.058434841628525191e+00 4.019114561481679398e-22 2.211406692519123489e-43 1.565556045527672852e-27 3.604826012678727522e-27 9.330649902697020234e-29 6.633492896130866823e-13 8.521921208000000000e+10 2.204767009628745079e+09
7.943282347242237000e+15 1.483902270723515826e-01 1.907909805725016783e+00 -1.037633830875996255e+00 7.790516848592666668e-24 3.441379627017368158e-45 2.733585004144613362e-29 6.294312080975453973e-29 1.612270689758545131e-30 1.284457032437638999e-14 8.521921208000000000e+10 8.528133961827004433e+09
8.912509381336785000e+15 1.428782858126535216e-01 1.945762159317760087e+00 -1.017336633709896798e+00 1.054951750103691082e-25 3.739967629167905246e-47 3.333249658085484992e-31 7.675090973935138575e-31 1.950494207985050225e-32 1.741850133954496333e-16 8.521921208000000000e+10 3.714939781602920532e+10
