# [1] m:            [M_sun/h] 
# [2] sigma 
# [3] ln(1/sigma) 
# [4] n_eff 
# [5] f(sigma) 
# [6] dn/dm:        [h^4/(Mpc^3*M_sun)] 
# [7] dn/dlnm:      [h^3/Mpc^3] 
# [8] dn/dlog10m:   [h^3/Mpc^3] 
# [9] n(>m):        [h^3/Mpc^3] 
# [11] rho(>m):     [M_sun*h^2/Mpc^3] 
# [11] rho(<m):     [M_sun*h^2/Mpc^3] 
# [12] Lbox(N=1):   [Mpc/h]
1.000000000000000000e+07 2.306482884346788609e+00 -8.357238033711614777e-01 -2.516550227174258580e+00 2.604721031639103956e-01 1.788540757351391198e-05 1.788540757351391335e+02 4.118267286089594563e+02 1.869843623835951689e+02 2.434675947644956970e+10 6.087245260355043030e+10 1.748765475485098975e-01
1.122018454301963001e+07 2.285159935344960314e+00 -8.264360154831471572e-01 -2.515342399793555561e+00 2.611048943247242793e-01 1.427697845913417230e-05 1.601903330282014508e+02 3.688518728724883999e+02 1.674673973465590393e+02 2.414033814223063660e+10 6.107887393776936340e+10 1.814219830386786525e-01
1.258925411794166267e+07 2.263981520785616652e+00 -8.171249981104597992e-01 -2.514138023199294913e+00 2.617303548404394942e-01 1.139602178786862061e-05 1.434674142210779451e+02 3.303459293158560399e+02 1.499874522918505022e+02 2.393290326888932037e+10 6.128630881111067963e+10 1.882124540001997304e-01
1.412537544622752629e+07 2.242945891663372215e+00 -8.077901320475356917e-01 -2.512906992283254759e+00 2.623479838677476028e-01 9.096532811632908710e-06 1.284919412232425202e+02 2.958636284305053437e+02 1.343322133481915444e+02 2.372445342680309677e+10 6.149475865319689941e+10 1.952569988552808611e-01
1.584893192461110838e+07 2.222051932671541330e+00 -7.984310629837139128e-01 -2.511612097271144872e+00 2.629572423159831085e-01 7.261666484926273983e-06 1.150896577788265489e+02 2.650037303593122715e+02 1.203105293784461480e+02 2.351497315393567657e+10 6.170423892606432343e+10 2.025654877571469448e-01
1.778279410038919002e+07 2.201298430890987756e+00 -7.890473821267313115e-01 -2.510295397754528146e+00 2.635575738720609684e-01 5.796901897025560841e-06 1.030851128549610536e+02 2.373622441694422207e+02 1.077513800152273404e+02 2.330444840399806976e+10 6.191476367600193024e+10 2.101482218670984170e-01
1.995262314968874678e+07 2.180683754597549928e+00 -7.796384765214234847e-01 -2.508972549403060803e+00 2.641484133717909577e-01 4.627431965434517486e-06 9.232940615713845034e+01 2.125963142624196678e+02 9.650241605443083870e+01 2.309287795257901001e+10 6.212633412742098999e+10 2.180154497506667788e-01
2.238721138568333164e+07 2.160206125133122601e+00 -7.702036454454544989e-01 -2.507638659562521521e+00 2.647291777643752120e-01 3.693788460544933316e-06 8.269362308021723607e+01 1.904091037901765731e+02 8.642728060311597460e+01 2.288026337763401031e+10 6.233894870236598969e+10 2.261776655271013070e-01
2.511886431509571895e+07 2.139864271305015997e+00 -7.607424023985093209e-01 -2.506239823006903400e+00 2.652992467497145013e-01 2.948752628850979844e-06 7.406931718288956290e+01 1.705509055935692402e+02 7.740328036852235982e+01 2.266659402981574249e+10 6.255261805018425751e+10 2.346462103161914836e-01
2.818382931264443323e+07 2.119657137811595593e+00 -7.512543481572667714e-01 -2.504801537836156555e+00 2.658579708057898783e-01 2.354047582601275075e-06 6.634607526187758708e+01 1.527674838766603784e+02 6.932032063176664849e+01 2.245185358615265656e+10 6.276735849384734344e+10 2.434332024351842927e-01
3.162277660168366507e+07 2.099583202321831710e+00 -7.417388499457490125e-01 -2.503349711651649212e+00 2.664046892928283450e-01 1.879225171990325596e-06 5.942631779811063097e+01 1.368341534934562844e+02 6.208027969751375963e+01 2.223603737221500778e+10 6.298317470778498840e+10 2.525508173291112768e-01
3.548133892335738987e+07 2.079640738593887761e+00 -7.321951569652318526e-01 -2.501896268605507956e+00 2.669387216062348855e-01 1.500091103745239345e-06 5.322524086789810838e+01 1.225556461934396566e+02 5.559553470534138597e+01 2.201914951504089355e+10 6.320006256495910645e+10 2.620113045558445930e-01
3.981071705534952879e+07 2.059828291724593363e+00 -7.226226257956402943e-01 -2.500384892548342730e+00 2.674593533032783021e-01 1.197511289639120397e-06 4.767378312240973770e+01 1.097729423442918062e+02 4.978731999189812285e+01 2.180118506585183716e+10 6.341802701414816284e+10 2.718277249072218460e-01
4.466835921509607136e+07 2.040144875790809387e+00 -7.130208228790130276e-01 -2.498815086066697777e+00 2.679658307362818848e-01 9.560127253597983481e-07 4.270351983057445722e+01 9.832848818025637172e+01 4.458478422878444292e+01 2.158212727137396622e+10 6.363708480862603760e+10 2.820142868676897563e-01
5.011872336272694170e+07 2.020589115447054773e+00 -7.033891102044762533e-01 -2.497224789290392710e+00 2.684573827858915962e-01 7.631949230616868265e-07 3.825035522076635175e+01 8.807469773306357297e+01 3.992470458095146313e+01 2.136196818032266235e+10 6.385724389967733765e+10 2.925854753516972107e-01
5.623413251903456450e+07 2.001159373161577548e+00 -6.937266991873718425e-01 -2.495630999701516473e+00 2.689332156567598164e-01 6.092269333653390761e-07 3.425934810503152050e+01 7.888506424233939640e+01 3.575071053156640488e+01 2.114071256613977814e+10 6.407849951386022186e+10 3.035557339381750319e-01
6.309573444801890850e+07 1.981854047732129587e+00 -6.840327943124303589e-01 -2.493993974527421997e+00 2.693925038817344131e-01 4.863259674185929584e-07 3.068509409541943711e+01 7.065504024123241322e+01 3.201220791947712740e+01 2.091836094581850052e+10 6.430085113418150330e+10 3.149402179320358042e-01
7.079457843841329217e+07 1.962672116939822908e+00 -6.743068697280248935e-01 -2.492282848832468201e+00 2.698343769424179084e-01 3.882445577434598242e-07 2.748560979645644409e+01 6.328795538917172081e+01 2.866363302871703667e+01 2.069489905135649109e+10 6.452431302864350891e+10 3.267555114506406344e-01
7.943282347242756188e+07 1.943612382114269455e+00 -6.645482942405083193e-01 -2.490542715304446819e+00 2.702579369096116957e-01 3.099363382848461012e-07 2.461911844667077176e+01 5.668761513795885065e+01 2.566424376553878517e+01 2.047031651514819336e+10 6.474889556485180664e+10 3.390188472086243521e-01
8.912509381337386370e+07 1.924673292741594599e+00 -6.547562352796940655e-01 -2.488788457390606279e+00 2.706622603535026039e-01 2.474085019420688579e-07 2.205030594581317516e+01 5.077270576678739644e+01 2.297773574292013876e+01 2.024461702787443924e+10 6.497459505212556458e+10 3.517474220379822047e-01
9.999999999999918044e+07 1.905853189193158714e+00 -6.449297766584388691e-01 -2.487007148044447113e+00 2.710463907123392135e-01 1.974882249468537352e-07 1.974882249468521067e+01 4.547334428044764820e+01 2.057158449173927295e+01 2.001780561305772781e+10 6.520140646694227600e+10 3.649590062623121467e-01
1.122018454301956147e+08 1.887150925558249037e+00 -6.350682449359235093e-01 -2.485146141448008272e+00 2.714093246097800116e-01 1.576503721587262567e-07 1.768866268896621818e+01 4.072965102261358794e+01 1.841650960916275181e+01 1.978987370214498138e+10 6.542933837785501862e+10 3.786728997509547501e-01
1.258925411794155836e+08 1.868565465509537837e+00 -6.251710057275743360e-01 -2.483238619650345758e+00 2.717500204045758538e-01 1.258478785978239003e-07 1.584330923871863916e+01 3.648056767676838774e+01 1.648625414167820935e+01 1.956080936772095490e+10 6.565840271227904510e+10 3.929096269373801853e-01
1.412537544622738063e+08 1.850095350190883225e+00 -6.152371784057806270e-01 -2.481307318002476947e+00 2.720674065062183011e-01 1.004553107797732056e-07 1.418968980331749208e+01 3.267296821532847417e+01 1.475741574437579651e+01 1.933061409776251221e+10 6.588859798223748779e+10 4.076898468603529224e-01
1.584893192461097836e+08 1.831738949056233912e+00 -6.052657610419125422e-01 -2.479360342419893559e+00 2.723603737659376911e-01 8.018025464991766236e-08 1.270771397644517897e+01 2.926059276819475841e+01 1.320907671978772235e+01 1.909929732630224991e+10 6.611991475369775391e+10 4.230345571610177324e-01
1.778279410038908124e+08 1.813494953118145903e+00 -5.952558967858287975e-01 -2.477336878204255299e+00 2.726277659714833046e-01 6.399973960771286403e-08 1.138094191922473719e+01 2.620558720743792591e+01 1.182242222039691093e+01 1.886685790019061661e+10 6.635235417980938721e+10 4.389662979692290357e-01
1.995262314968858361e+08 1.795362420638931811e+00 -5.852069072084700174e-01 -2.475245501263973580e+00 2.728683799250041231e-01 5.108526457725833548e-08 1.019285032612170916e+01 2.346990521604734781e+01 1.058053490980978495e+01 1.863328421625952530e+10 6.658592786374047852e+10 4.555095205218635535e-01
2.238721138568310440e+08 1.777340019893153267e+00 -5.751178757717070322e-01 -2.473121908664224655e+00 2.730809751637252591e-01 4.077442536496561712e-08 9.128256797752442253e+00 2.101858802752633792e+01 9.468322578720448135e+00 1.839857577942564392e+10 6.682063630057435608e+10 4.726891693158728480e-01
2.511886431509551406e+08 1.759426200053240796e+00 -5.649877331960847515e-01 -2.470983215579895642e+00 2.732642680986464012e-01 3.254157454563995452e-08 8.174073956114959572e+00 1.882150084038117299e+01 8.472320357022764981e+00 1.816274520467144394e+10 6.705646687532855225e+10 4.905303430595321368e-01
2.818382931264426112e+08 1.741619507042946324e+00 -5.548154315202523668e-01 -2.468780066576241161e+00 2.734169262198297701e-01 2.597084162174720420e-08 7.319577673730404577e+00 1.685395043854366648e+01 7.580434075049647724e+00 1.792579930761652756e+10 6.729341277238346863e+10 5.090596113678218515e-01
3.162277660168340802e+08 1.723919004897722429e+00 -5.446001902200691136e-01 -2.466489122950556556e+00 2.735375647449649894e-01 2.072748064905203061e-08 6.554604900806881851e+00 1.509253553506364298e+01 6.781771925709468185e+00 1.768773012212103653e+10 6.753148195787896729e+10 5.283060773610120942e-01
3.548133892335702181e+08 1.706323526118279199e+00 -5.343410712531826423e-01 -2.464156857633553521e+00 2.736247528819941710e-01 1.654166889308308809e-08 5.869205603534330074e+00 1.351434533041527075e+01 6.066599904072498717e+00 1.744853638547752762e+10 6.777067569452247620e+10 5.482999614701435931e-01
3.981071705534920692e+08 1.688831612623029610e+00 -5.240369363624636234e-01 -2.461799081137826750e+00 2.736770104505293344e-01 1.319985061102524829e-08 5.254955178484045142e+00 1.209998145832922845e+01 5.426241734353888901e+00 1.720823238417546082e+10 6.801097969582453918e+10 5.690716549274119629e-01
4.466835921509580016e+08 1.671441740670560838e+00 -5.136865717510266105e-01 -2.459392892679898246e+00 2.736928034128459086e-01 1.053249819043322072e-08 4.704694126026176093e+00 1.083295856168452431e+01 4.852918233853547036e+00 1.696683252852344131e+10 6.825237955147656250e+10 5.906529018822246346e-01
5.011872336272653341e+08 1.654152896855907384e+00 -5.032890329917047989e-01 -2.456887986117341605e+00 2.736705427813502789e-01 8.404342200942162266e-09 4.212149018147084867e+00 9.698831538654983930e+00 4.339623481345061151e+00 1.672433664371766472e+10 6.849487543628233337e+10 6.130783546295267561e-01
5.623413251903399229e+08 1.636964090008227179e+00 -4.928433616842649578e-01 -2.454325158166575704e+00 2.736085864884474361e-01 6.705789520492525870e-09 3.770942565401261160e+00 8.682916137629668185e+00 3.880079789437946847e+00 1.648074431582699966e+10 6.873846776417300415e+10 6.363847753396120188e-01
6.309573444801839590e+08 1.619873959268218311e+00 -4.823483432966355067e-01 -2.451724537077194288e+00 2.735052355738672447e-01 5.349962262161252683e-09 3.375597982002461972e+00 7.772601593299652833e+00 3.468691846164715376e+00 1.623607075011794853e+10 6.898314132988204956e+10 6.606094168703315894e-01
7.079457843841286898e+08 1.602881005820584015e+00 -4.718026386952680618e-01 -2.449088544926806499e+00 2.733587304453580780e-01 4.267770092269691190e-09 3.021349845542991908e+00 6.956915115067156208e+00 3.100453928455546571e+00 1.599033828039192963e+10 6.922887379960806274e+10 6.857906703384004654e-01
7.943282347242691517e+08 1.585984096995331383e+00 -4.612050960472087735e-01 -2.446353218449344613e+00 2.731672537463696870e-01 3.404455644534257182e-09 2.704255242319970609e+00 6.226777808616965615e+00 2.770861605363444724e+00 1.574355767657270622e+10 6.947565440342729187e+10 7.119700448936755466e-01
8.912509381337294579e+08 1.569182378631849062e+00 -4.505547057667887434e-01 -2.443536538233947120e+00 2.729289325183194559e-01 2.715641856354231597e-09 2.420318352110931492e+00 5.572988957870545157e+00 2.475867436201258265e+00 1.549573175003145790e+10 6.972348032996853638e+10 7.391924754932353014e-01
9.999999999999836683e+08 1.552474625127546526e+00 -4.398501901686041049e-01 -2.440672090010719053e+00 2.726418290424640900e-01 2.165934113494310029e-09 2.165934113494274449e+00 4.987247602139190050e+00 2.211861522201016061e+00 1.524687726905520439e+10 6.997233481094479370e+10 7.675040728378651478e-01
1.122018454301946878e+09 1.535859433484679570e+00 -4.290901158793468673e-01 -2.437776290488367081e+00 2.723039383327293117e-01 1.727226700486147098e-09 1.937980232708518491e+00 4.462364394351766350e+00 1.975621222288743040e+00 1.499702469899466324e+10 7.022218738100534058e+10 7.969518915432490802e-01
1.258925411794145584e+09 1.519335562675311779e+00 -4.182731094702201724e-01 -2.434790255507943701e+00 2.719131924692844149e-01 1.377292503448109495e-09 1.733908532064400987e+00 3.992471938546678256e+00 1.764250313966282846e+00 1.474619770950481224e+10 7.047301437049519348e+10 8.275862482914765339e-01
1.412537544622726679e+09 1.502902232792374670e+00 -4.073980606127894921e-01 -2.431699739634265445e+00 2.714674706508025670e-01 1.098201204248560887e-09 1.551250432550983716e+00 3.571886121492460653e+00 1.575141362465305228e+00 1.449440651872890282e+10 7.072480556127110291e+10 8.594622803183558091e-01
1.584893192461085081e+09 1.486558405021213947e+00 -3.964636529776223162e-01 -2.428551684105720199e+00 2.709645831653803016e-01 8.755395133934647743e-10 1.387636614507993249e+00 3.195151383058830508e+00 1.405965424851523649e+00 1.424167159553846550e+10 7.097754048446153259e+10 8.926374835658897888e-01
1.778279410038893700e+09 1.470302810606817445e+00 -3.854683731869544272e-01 -2.425364292075170791e+00 2.704022671985252813e-01 6.978935785882107095e-10 1.241049781201775559e+00 2.857622725858730561e+00 1.254646072128585255e+00 1.398803096226480675e+10 7.123118111773519897e+10 9.271704667704520064e-01
1.995262314968842030e+09 1.454134172472961284e+00 -3.744106530334365690e-01 -2.422103082342701441e+00 2.697781906569443056e-01 5.562160028846787887e-10 1.109796829538400420e+00 2.555401635947175176e+00 1.119320463083438133e+00 1.373352225629308510e+10 7.148568982370690918e+10 9.631232172382739876e-01
2.238721138568292141e+09 1.438051720925936916e+00 -3.632892259162604498e-01 -2.418721628947059887e+00 2.690899744407700966e-01 4.432695971041158323e-10 9.923570171216343772e-01 2.284986474552312519e+00 9.983107603209514513e-01 1.347816865364963531e+10 7.174104342635037231e+10 1.000563714845260410e+00
2.511886431509531021e+09 1.422054647418267148e+00 -3.521027606132887122e-01 -2.415268783975238698e+00 2.683351762569879950e-01 3.531995583601717538e-10 8.871971782600741596e-01 2.042846997208028093e+00 8.901149235269434357e-01 1.322199747425314331e+10 7.199721460574685669e+10 1.039564177968882452e+00
2.818382931264402866e+09 1.406141839701087859e+00 -3.408496700222231057e-01 -2.411763404868371818e+00 2.675112760501274778e-01 2.813716881591226910e-10 7.930131632487217308e-01 1.825980288244560379e+00 7.933942413906291957e-01 1.296505469097438049e+10 7.225415738902561951e+10 1.080198704315159741e+00
3.162277660168314457e+09 1.390312093579634256e+00 -3.295282496951488782e-01 -2.408200845559352654e+00 2.666156819641513076e-01 2.241022902149622667e-10 7.086736659393314541e-01 1.631781418989346921e+00 7.069501987097818185e-01 1.270739325085534477e+10 7.251181882914465332e+10 1.122544913605639350e+00
3.548133892335673332e+09 1.374564619497328666e+00 -3.181370406118101957e-01 -2.404515159027930782e+00 2.656457610843814265e-01 1.784677977734694942e-10 6.332276419705561432e-01 1.458060528873173389e+00 6.297041500132191105e-01 1.244905475317735672e+10 7.277015732682264709e+10 1.166687329903289161e+00
3.981071705534887791e+09 1.358898841272693891e+00 -3.066746962488992034e-01 -2.400735314111417829e+00 2.645988372588717885e-01 1.420996084966985761e-10 5.657087307537915777e-01 1.302592490410262815e+00 5.606878245311335274e-01 1.219007705100270081e+10 7.302913502899729919e+10 1.212717444738847350e+00
4.466835921509543419e+09 1.343313853869408936e+00 -2.951395863437125677e-01 -2.396893609163798011e+00 2.634721583828379399e-01 1.131136258358360783e-10 5.052600070957025125e-01 1.163404160424630351e+00 4.990379082602614536e-01 1.193051581094187927e+10 7.328869626905812073e+10 1.260730194502009294e+00
5.011872336272612572e+09 1.327808626311465900e+00 -2.835299339767016757e-01 -2.393005622236410446e+00 2.622629062915730613e-01 9.001353179931554468e-11 4.511363299151847084e-01 1.038779788170748120e+00 4.439833095453772360e-01 1.167044163147111893e+10 7.354877044852888489e+10 1.310824204076830979e+00
5.623413251903352737e+09 1.312382367898647928e+00 -2.718440870089570138e-01 -2.389003256490064953e+00 2.609682275917567518e-01 7.161645102863774933e-11 4.027288997687289984e-01 9.273175611253686723e-01 3.948308758129744911e-01 1.140991859282694054e+10 7.380929348717306519e+10 1.363106004688443118e+00
6.309573444801788330e+09 1.297034707450601454e+00 -2.600806647685609541e-01 -2.384883949870414632e+00 2.595852610126869187e-01 5.696700053325885336e-11 3.594374737946594012e-01 8.276353690230207061e-01 3.509570525592649592e-01 1.114900069261890411e+10 7.407021138738110352e+10 1.417692391677807029e+00
7.079457843841228485e+09 1.281765020271107947e+00 -2.482380501783381099e-01 -2.380695752303505941e+00 2.581110882514724425e-01 4.529987303242607357e-11 3.206985414644205057e-01 7.384356809209076111e-01 3.118052763106669012e-01 1.088775693212305260e+10 7.433145514787695312e+10 1.474706224514260811e+00
7.943282347242626190e+09 1.266572518997822083e+00 -2.363144481948515618e-01 -2.376460770003620215e+00 2.565427411053489148e-01 3.600889357054582516e-11 2.860288086426551746e-01 6.586056709474242821e-01 2.768792425139587343e-01 1.062627655529059601e+10 7.459293552470941162e+10 1.534274971957657829e+00
8.912509381337221146e+09 1.251456485469953916e+00 -2.243080613850481353e-01 -2.372132164722160041e+00 2.548772283322095489e-01 2.861445872928768394e-11 2.550266318666632448e-01 5.872205208526590781e-01 2.457335877189567863e-01 1.036464907526950645e+10 7.485456300473049927e+10 1.596535180396995601e+00
9.999999999999753952e+09 1.236416714107918757e+00 -2.122174495506107816e-01 -2.367670236376776316e+00 2.531115985757206310e-01 2.273222443852538769e-11 2.273222443852482844e-01 5.234288112274221305e-01 2.179673544169548616e-01 1.010295166243732834e+10 7.511626041756266785e+10 1.661637107846225092e+00
1.122018454301937675e+10 1.221452927989238102e+00 -2.000410747383562227e-01 -2.363132621183107851e+00 2.512428925589531570e-01 1.805215497485968547e-11 2.025485102171109830e-01 4.663851802340719388e-01 1.932220046304176098e-01 9.841271264871585846e+09 7.537794081512841797e+10 1.729741235895804863e+00
1.258925411794135284e+10 1.206564623687313320e+00 -1.877771675886748814e-01 -2.358539932925511007e+00 2.492681293401831089e-01 1.432922308081902857e-11 1.803942306771012249e-01 4.153730664192225031e-01 1.711780484640853528e-01 9.579717142940193176e+09 7.563949493705981445e+10 1.801014916245385900e+00
1.412537544622714996e+10 1.191751264465660265e+00 -1.754238761181028117e-01 -2.353879430416150775e+00 2.471843362596963800e-01 1.136896103383651102e-11 1.605908430364674788e-01 3.697740812471166927e-01 1.515493697724269451e-01 9.318406272570211411e+09 7.590080580742979431e+10 1.875636267785389055e+00
1.584893192461071968e+10 1.177012778509415103e+00 -1.629796850666260788e-01 -2.349084562968152490e+00 2.449886357148435279e-01 9.016890063320626982e-12 1.429080767852674572e-01 3.290580072742053108e-01 1.340785675593939574e-01 9.057445880459308624e+09 7.616176619954069519e+10 1.953800483938339161e+00
1.778279410038879013e+10 1.162349257938087632e+00 -1.504431794805239919e-01 -2.344198131045772016e+00 2.426782297652476106e-01 7.148085398634134835e-12 1.271129308559063587e-01 2.926883397155928823e-01 1.185349088846490706e-01 8.796945019527210236e+09 7.642226706047279358e+10 2.035719374373983648e+00
1.995262314968825912e+10 1.147760517639682787e+00 -1.378126678078285261e-01 -2.339252573105730537e+00 2.402503478732230802e-01 5.663511280166207302e-12 1.130019062771648597e-01 2.601965048737100994e-01 1.047127877699165488e-01 8.537034537343255997e+09 7.668217754265673828e+10 2.121615889632129548e+00
2.238721138568273544e+10 1.133246292906962216e+00 -1.250863396284963569e-01 -2.334262196304972115e+00 2.377022874084256665e-01 4.484591030582638081e-12 1.003974873799903106e-01 2.311737578152235351e-01 9.242853120269325928e-02 8.277861072602177620e+09 7.694135100739782715e+10 2.211725963276173434e+00
2.511886431509510422e+10 1.118806629376376538e+00 -1.122626077628428726e-01 -2.329150235953750148e+00 2.350315024174921552e-01 3.549258345965335303e-12 8.915333881152213980e-02 2.052831489380583796e-01 8.151710853386125166e-02 8.019565688917613983e+09 7.719964639108238220e+10 2.306306791094264064e+00
2.818382931264379883e+10 1.104441941359032953e+00 -9.934017695457401931e-02 -2.323927944852839822e+00 2.322356505226574885e-01 2.807424840788265616e-12 7.912398252085267591e-02 1.821897026508368100e-01 7.183028724413891009e-02 7.762283612758038521e+09 7.745692846724195862e+10 2.405640900265069160e+00
3.162277660168288803e+10 1.090152390290233253e+00 -8.631749407459837764e-02 -2.318645717949016305e+00 2.293125037955811296e-01 2.219151693073038960e-12 7.017573823529506261e-02 1.615856087504426997e-01 6.323590445910695634e-02 7.506168885518172264e+09 7.771304319448182678e+10 2.510029092056389910e+00
3.548133892335644531e+10 1.075938010517236698e+00 -7.319284903655240426e-02 -2.313329578074905246e+00 2.262599887281338262e-01 1.752840365914918262e-12 6.219312310156734080e-02 1.432049581404125915e-01 5.561614028683560529e-02 7.251396653946992874e+09 7.796781542605300903e+10 2.619789424744115802e+00
3.981071705534854889e+10 1.061798955759537089e+00 -5.996459770446886661e-02 -2.307917959249551121e+00 2.230762628566985983e-01 1.383557471458684267e-12 5.508041502605515172e-02 1.268273425549198419e-01 4.886533276945232568e-02 6.998141876331475258e+09 7.822107020366851807e+10 2.735266919501701643e+00
4.466835921509506989e+10 1.047735854771988828e+00 -4.663150715638056387e-02 -2.302379321482272978e+00 2.197598350849593873e-01 1.091324562127272181e-12 4.874767756135733182e-02 1.122456756708617304e-01 4.288850731380781239e-02 6.746568936067906380e+09 7.847264314393209839e+10 2.856842882629745173e+00
5.011872336272570801e+10 1.033749199230923788e+00 -3.319219272999726633e-02 -2.296778839495748237e+00 2.163094676298461527e-01 8.601094575590410333e-13 4.310758796506564822e-02 9.925888944328969954e-02 3.760089318595404712e-02 6.496854961505239487e+09 7.872235711849476624e+10 2.984928593076312975e+00
5.623413251903306580e+10 1.019839272248199702e+00 -1.964503865248647119e-02 -2.291140540696054995e+00 2.127241825918744222e-01 6.772722269393037143e-13 3.808581616116544361e-02 8.769583254721126375e-02 3.292702513619154281e-02 6.249199264252079964e+09 7.897001281574792480e+10 3.119961021279417768e+00
6.309573444801736450e+10 1.006006324094479210e+00 -5.988358034010130698e-03 -2.285437710880715123e+00 2.090033328892145492e-01 5.328188347803113099e-13 3.361859570820056181e-02 7.740967732509622390e-02 2.879938738938387158e-02 6.003806276426136017e+09 7.921540580357386780e+10 3.262412832952138686e+00
7.079457843841171265e+10 9.922510461066856857e-01 7.779133042183084858e-03 -2.279601117877980254e+00 2.051467717675291846e-01 4.188166913415572565e-13 2.964995110649594132e-02 6.827153542581987367e-02 2.515735707061098406e-02 5.760869401075511932e+09 7.945834267892448425e+10 3.412806474486955288e+00
7.943282347242561340e+10 9.785741774657796821e-01 2.165868769600704652e-02 -2.273687113431928086e+00 2.011547986194194837e-01 3.288822319091388345e-13 2.612404427045596569e-02 6.015283490586842419e-02 2.194674781231879118e-02 5.520585298919067383e+09 7.969862678108093262e+10 3.571713447608008796e+00
8.912509381337149048e+10 9.649761548865976035e-01 3.565188791052234518e-02 -2.267726202384666045e+00 1.970280926176973257e-01 2.579811126819007359e-13 2.299259086985236400e-02 5.294239698623305623e-02 1.911936701501626770e-02 5.283170158555403709e+09 7.993604192144459534e+10 3.739746490868049111e+00
9.999999999999673462e+10 9.514572963257932336e-01 4.976047362534842533e-02 -2.261725081120246728e+00 1.927677942348156592e-01 2.021337609186405881e-13 2.021337609186340048e-02 4.654301846820690924e-02 1.663223162865527793e-02 5.048850209932321548e+09 8.017036187006767273e+10 3.917567533179492578e+00
1.122018454301928558e+11 9.380182131430827575e-01 6.398591316752987035e-02 -2.255593631012833722e+00 1.883756762835207543e-01 1.582053510639092692e-13 1.775093234630214373e-02 4.087303220734114090e-02 1.444683036176658449e-02 4.817841922712024689e+09 8.040137015728797913e+10 4.105907321538383670e+00
1.258925411794125061e+11 9.246597546279854418e-01 7.832944197141317177e-02 -2.249355331468927410e+00 1.838541833556490424e-01 1.236784929312570921e-13 1.557019976435596205e-02 3.585170987234544138e-02 1.252871180977442774e-02 4.590354610125825882e+09 8.062885746987417603e+10 4.305575344576759278e+00
1.412537544622703552e+11 9.113824458334336409e-01 9.279266099898744735e-02 -2.243059948819849936e+00 1.792062870004041131e-01 9.656083020002732891e-14 1.363957979974764027e-02 3.140629312160163333e-02 1.084726173492575781e-02 4.366611618160191536e+09 8.085260046183981323e+10 4.517449366722240178e+00
1.584893192461058960e+11 8.981866404571494655e-01 1.073773921229819739e-01 -2.236733014820138532e+00 1.744355640693723009e-01 7.528314879179367249e-14 1.193157500271467900e-02 2.747346673719121279e-02 9.375267738455943592e-03 4.146848921718272686e+09 8.107236315828172302e+10 4.742479259960539650e+00
1.778279410038864746e+11 8.850728005108984275e-01 1.220853768931219330e-01 -2.230290746707652261e+00 1.695463329881619352e-01 5.861400173240818366e-14 1.042320724207238154e-02 2.400032161678344877e-02 8.088423029606581910e-03 3.931294451291982651e+09 8.128791762870802307e+10 4.981713119371535825e+00
1.995262314968809509e+11 8.720417705683519705e-01 1.369179541924963883e-01 -2.223709109537081563e+00 1.645438053434502834e-01 4.557139161318605976e-14 9.092688032647580632e-03 2.093668791921967851e-02 6.964997791206507978e-03 3.720160795864687443e+09 8.149905128413531494e+10 5.236321927440394930e+00
2.238721138568255310e+11 8.590941641257683337e-01 1.518767423704314168e-01 -2.217058612600819600e+00 1.594338971908499103e-01 3.537497790598210419e-14 7.919471081450713337e-03 1.823525605654584963e-02 5.985699191812373851e-03 3.513666201848498821e+09 8.170554587815150452e+10 5.507591285152517280e+00
2.511886431509489746e+11 8.462303736339715776e-01 1.669636471853372106e-01 -2.210367488129703073e+00 1.542232532910620679e-01 2.741328907105864458e-14 6.885906886063958982e-03 1.585538654759592256e-02 5.133433126708833276e-03 3.312039743007904053e+09 8.190717233699209595e+10 5.796920757636365273e+00
2.818382931264356689e+11 8.334507577320036109e-01 1.821806574423300851e-01 -2.203587700070419597e+00 1.489193434875424604e-01 2.120680953109406847e-14 5.976891000900979613e-03 1.376230012112485829e-02 4.392990959990817137e-03 3.115503837779005051e+09 8.210370824222099304e+10 6.105856080984133349e+00
3.162277660168262939e+11 8.207560978489477632e-01 1.975292930222496968e-01 -2.196646877119079022e+00 1.435306816154101606e-01 1.637711873307880578e-14 5.178899670753827310e-03 1.192485717998953594e-02 3.750812027462959927e-03 2.924260984735771656e+09 8.229495109526422119e+10 6.436131369527659629e+00
3.548133892335615234e+11 8.081471384848288864e-01 2.130111349544294153e-01 -2.189618851929832744e+00 1.380666612728615184e-01 1.262305331252662374e-14 4.478828328293506765e-03 1.031288334280807198e-02 3.194868514393022114e-03 2.738507983792525768e+09 8.248070409620747375e+10 6.789675266605133430e+00
3.981071705534822998e+11 7.956243356283717594e-01 2.286281447019263557e-01 -2.182534719285749603e+00 1.325374511746531814e-01 9.709440281919874653e-15 3.865397798293126932e-03 8.900407348841760102e-03 2.714536247101778307e-03 2.558446356841204166e+09 8.266076572315879822e+10 7.168607213972984837e+00
4.466835921509470215e+11 7.831880368218960831e-01 2.443824626247129705e-01 -2.175390861059331549e+00 1.269540666790548167e-01 7.452140336709249750e-15 3.328748814814255427e-03 7.664727399312902707e-03 2.300407878397913407e-03 2.384270757991112709e+09 8.283494132200888062e+10 7.575274672332127146e+00
5.011872336272529907e+11 7.708389227641373465e-01 2.602758471364805537e-01 -2.168083013186024033e+00 1.213285615085205049e-01 5.707281645743177596e-15 2.860416699561618877e-03 6.586352852161811780e-03 1.944130872111047084e-03 2.216153159659842968e+09 8.300305892034016418e+10 8.012317817651348761e+00
5.623413251903260498e+11 7.585778482312919291e-01 2.763098510088302096e-01 -2.160653874420851661e+00 1.156739451492283244e-01 4.360767195090397711e-15 2.452239603333635377e-03 5.646490355085661064e-03 1.638309791929861651e-03 2.054246888794313192e+09 8.316496519120568848e+10 8.482710736878884106e+00
6.309573444801684570e+11 7.464053425979723100e-01 2.924864716531136999e-01 -2.153156423124531038e+00 1.100039196158776184e-01 3.323514837567192567e-15 2.096996096251834037e-03 4.828511951296180459e-03 1.376434734270316805e-03 1.898700890105967283e+09 8.332051118989402771e+10 8.989760579457524159e+00
7.079457843841113281e+11 7.343217794730817483e-01 3.088079547804668534e-01 -2.145617597101035834e+00 1.043329052896922876e-01 2.526154218105082216e-15 1.788380229411633791e-03 4.117897656848499774e-03 1.152774494066700819e-03 1.749655055974175453e+09 8.346955702402581787e+10 9.537148546085683520e+00
7.943282347242496338e+11 7.223276953892087127e-01 3.252763713277234126e-01 -2.137927307122040155e+00 9.867612930458664888e-02 1.914883063808840452e-15 1.521045683778638911e-03 3.502337117231629250e-03 9.622686247146984388e-04 1.607223717313402891e+09 8.361198836268659973e+10 1.012903079387284677e+01
8.912509381337076416e+11 7.104239719245791784e-01 3.418933436102988277e-01 -2.130076097392648471e+00 9.304963696069919188e-02 1.447378813193230532e-15 1.289977725093319032e-03 2.970283480094247988e-03 8.004531097815521367e-04 1.471491887365981817e+09 8.374772019263401794e+10 1.077014047726152590e+01
9.999999999999591064e+11 6.986112227632802485e-01 3.586608820901722172e-01 -2.122143729161189096e+00 8.746990664487490352e-02 1.090607155837320735e-15 1.090607155837276191e-03 2.511215779343546530e-03 6.634156282956078050e-04 1.342529794428469896e+09 8.387668228557153320e+10 1.146581069940556219e+01
1.122018454301919434e+12 6.868898606838281795e-01 3.755813188498039468e-01 -2.114167429106951879e+00 8.195376745091624560e-02 8.190432430980454124e-16 9.189816336273001806e-04 2.116033410325537240e-03 5.477343985538812203e-04 1.220393686537267447e+09 8.399881839346273804e+10 1.222202950908634911e+01
1.258925411794114746e+12 6.752603014620733868e-01 3.926570306507733976e-01 -2.106070294898441553e+00 7.651836623131573478e-02 6.129927270931887002e-16 7.717121213825899875e-04 1.776932826778363384e-03 4.504102426262840734e-04 1.105112325862590075e+09 8.411409975413740540e+10 1.304559566766661227e+01
1.412537544622691895e+12 6.637233831594132605e-01 4.098898079314920451e-01 -2.097778818425379832e+00 7.118121315234793300e-02 4.571562572221264093e-16 6.457503770854422466e-04 1.486895192072223157e-03 3.688145421550197405e-04 9.966792965025050640e+08 8.422253278349749756e+10 1.394431937424480594e+01
1.584893192461046143e+12 6.522798366257650526e-01 4.272816118555097242e-01 -2.089389579554077336e+00 6.595976200212040619e-02 3.396236771485808206e-16 5.382672539113738481e-04 1.239406154903170557e-03 3.006570084806351579e-04 8.950637549694720507e+08 8.432414832503053284e+10 1.492712682382538247e+01
1.778279410038850098e+12 6.409301184357499848e-01 4.448348476055497547e-01 -2.080937708464377423e+00 6.087115202540737541e-02 2.512712110384694800e-16 4.468304209252368887e-04 1.028865066318705203e-03 2.439502279500884861e-04 8.002153564508932829e+08 8.441899672354910278e+10 1.600416145079208263e+01
1.995262314968793213e+12 6.296745844599842545e-01 4.625521256486791466e-01 -2.072402498683441507e+00 5.593209495121734959e-02 1.851002138261510123e-16 3.693234811399846934e-04 8.503987421655963795e-04 1.969686327379811526e-04 7.120559032988264561e+08 8.450715617670117188e+10 1.718703560176459533e+01
2.238721138568236816e+12 6.185139575339620999e-01 4.804355206556957247e-01 -2.063660272901824744e+00 5.115886711787476226e-02 1.357502483792824514e-16 3.039069506125881585e-04 6.997716141378232434e-04 1.582143738303958111e-04 6.304718516068208218e+08 8.458874022839317322e+10 1.848919577621493460e+01
2.511886431509469238e+12 6.074490656706270642e-01 4.984869497999001586e-01 -2.054781232514899525e+00 4.656695842265649171e-02 9.908238970827876970e-17 2.488837103097589097e-04 5.730759212482993640e-04 1.263931854457428896e-04 5.553194732181023359e+08 8.466389260678189087e+10 1.992624413119212079e+01
2.818382931264333984e+12 5.964804069756795002e-01 5.167088846295980753e-01 -2.045823342253474841e+00 4.217066207293711233e-02 7.194911753454677227e-17 2.027801647788980254e-04 4.669185845747668797e-04 1.003933228001663297e-04 4.864330482215021849e+08 8.473277903177850342e+10 2.151617446433880687e+01
3.162277660168236816e+12 5.856083307025937712e-01 5.351040905096624556e-01 -2.036813197005148623e+00 3.798293568756271055e-02 5.196193505611541163e-17 1.643180664070665264e-04 3.783563302185170753e-04 7.926144993033432161e-05 4.236224697292804718e+08 8.479558961027072144e+10 2.327980451429185749e+01
3.548133892335586426e+12 5.748334052327670474e-01 5.536750101946108504e-01 -2.027604615284055001e+00 3.401532130027340450e-02 3.731674291119915449e-17 1.324048002747994464e-04 3.048733193536071369e-04 6.218070869103129220e-05 3.666674915317648053e+08 8.485254458846823120e+10 2.524147778610026904e+01
3.981071705534790039e+12 5.641565004113615611e-01 5.724235829764972028e-01 -2.018209338461781410e+00 3.027773929190543875e-02 2.663965561406480125e-17 1.060543792103443980e-04 2.441992326164766562e-04 4.845389489177926243e-05 3.153198412130113244e+08 8.490389223878698730e+10 2.742987124467633109e+01
4.466835921509433594e+12 5.535781802432826471e-01 5.913522897558699531e-01 -2.008720913128554830e+00 2.677806429161046567e-02 1.889563050528228460e-17 8.440368110056436037e-05 1.943466578959827809e-04 3.749024762896782258e-05 2.693126090080654025e+08 8.494989947099192810e+10 2.987862197856626523e+01
5.011872336272489258e+12 5.430988148004571858e-01 6.104639962297485622e-01 -1.999188199087267970e+00 2.352201223199426594e-02 1.331107569801423032e-17 6.671341205690653649e-05 1.536133081050022398e-04 2.879124847894323433e-05 2.283624859558194578e+08 8.499084959404417419e+10 3.262720217842217352e+01
5.623413251903214844e+12 5.327188180928559280e-01 6.297615398095478545e-01 -1.989491417212964297e+00 2.051308375340459011e-02 9.310161699049473781e-18 5.235488667579656080e-05 1.205515816050817544e-04 2.193712623619116124e-05 1.921674446830528080e+08 8.502704463531694031e+10 3.572235553215384840e+01
6.309573444801632812e+12 5.224390222922137283e-01 6.492470057005425010e-01 -1.979558570845339371e+00 1.775255186820386480e-02 6.463014594641739036e-18 4.077886525971690458e-05 9.389680725623691037e-05 1.657591651465821698e-05 1.604084406042649746e+08 8.505880363939573669e+10 3.921999040567081352e+01
7.079457843841054688e+12 5.122600835481930792e-01 6.689228072385344781e-01 -1.969516194940995835e+00 1.523921676972218517e-02 4.450308130007670732e-18 3.150576879849242140e-05 7.254471357872558377e-05 1.241487849378417394e-05 1.327577895245220661e+08 8.508645429047547913e+10 4.318694751329731929e+01
7.943282347242431641e+12 5.021823950478442322e-01 6.887918885325265972e-01 -1.959411712572997288e+00 1.296939747403270775e-02 3.037980610420051995e-18 2.413153775401438649e-05 5.556491910341654887e-05 9.212137676730634681e-06 1.088841624591663182e+08 8.511032791754083252e+10 4.770309164954579728e+01
8.912509381337003906e+12 4.922062640079429841e-01 7.088574145560964102e-01 -1.949194155697850928e+00 1.093704188916129819e-02 2.054984824728776965e-18 1.831507152890040390e-05 4.217201067956574082e-05 6.768714432156088620e-06 8.845350541287648678e+07 8.513075857458712769e+10 5.286455766931553057e+01
9.999999999999509766e+12 4.823324039235287741e-01 7.291217679241535077e-01 -1.938713675582305562e+00 9.133926130057793205e-03 1.376817340305521115e-18 1.376817340305453699e-05 3.170239083563048370e-05 4.921854394276190969e-06 7.113144668368247151e+07 8.514808063331631470e+10 5.878823381471502074e+01
1.122018454301910156e+13 4.725615626147343651e-01 7.495872492873920656e-01 -1.928082679461801785e+00 7.549720633727555891e-03 9.130160962546596303e-19 1.024420909072417150e-05 2.358816314181556628e-05 3.539590544840045734e-06 5.658926038772499561e+07 8.516262281961227417e+10 6.561689231495962815e+01
1.258925411794104297e+13 4.628941488783996361e-01 7.702568711665154222e-01 -1.917368336701742004e+00 6.172160989036175327e-03 5.988309439554441335e-19 7.538834927141596693e-06 1.735880892177909434e-05 2.515916243250183538e-06 4.450931038314826787e+07 8.517470276961685181e+10 7.352492784765418321e+01
1.412537544622680273e+13 4.533304202615640044e-01 7.911340148344039314e-01 -1.906591035569184855e+00 4.987377701866700479e-03 3.881871486774799092e-19 5.483289218469668059e-06 1.262574001502322996e-05 1.766302519830128776e-06 3.458736601565551758e+07 8.518462471398434448e+10 8.272656094580196395e+01
1.584893192461033008e+13 4.438709123198224527e-01 8.122214968408215663e-01 -1.895553040075119045e+00 3.980270244605634521e-03 2.485671244206070747e-19 3.939523433638347660e-06 9.071087931796377636e-06 1.223881821159640789e-06 2.653460668785936385e+07 8.519267747331213379e+10 9.348749119105735872e+01
1.778279410038835547e+13 4.345164131170173305e-01 8.335215602674276303e-01 -1.884299753622015627e+00 3.134835288983346246e-03 1.570899929026428330e-19 2.793498999019165698e-06 6.432269152435320016e-06 8.362978940538500415e-07 2.008083736162859201e+07 8.519913124263836670e+10 1.061401423173322911e+02
1.995262314968776953e+13 4.252673640067409777e-01 8.550372160724374337e-01 -1.872946808604439184e+00 2.434485430201465718e-03 9.788989371012145484e-20 1.953160159361044613e-06 4.497317467174616752e-06 5.630582285636028505e-07 1.497791239805160835e+07 8.520423416760194397e+10 1.211013255260754136e+02
2.238721138568218750e+13 4.161240096755984830e-01 8.767719629621777422e-01 -1.861558836631590275e+00 1.862468222204870976e-03 6.008772010644113670e-20 1.345196491706603492e-06 3.097429388951513687e-06 3.731895571604503837e-07 1.100101022080849111e+07 8.520821106977919006e+10 1.388961386785371133e+02
2.511886431509448438e+13 4.070866881533186654e-01 8.987291232136349617e-01 -1.849948359728847525e+00 1.402265742217959814e-03 3.630228232915691666e-20 9.118721041543447896e-07 2.099663113742908364e-06 2.432622445930903618e-07 7.948911237203533761e+06 8.521126316876280212e+10 1.601923466684016546e+02
2.818382931264310938e+13 3.981561497413791950e-01 9.209110146077402748e-01 -1.838051122357082345e+00 1.037950135702085577e-03 2.156501551319717805e-20 6.077847163484500461e-07 1.399476027613555591e-06 1.557837660591791600e-07 5.644317578430714086e+06 8.521356776242156982e+10 1.858485885376996976e+02
3.162277660168211328e+13 3.893328965947644438e-01 9.433205260227263134e-01 -1.826037387333925288e+00 7.544591183941644482e-04 1.257987257344979733e-20 3.978105000678308225e-07 9.159925272926941342e-07 9.789705218652317625e-08 3.934097064711137675e+06 8.521527798293528748e+10 2.169752155088375503e+02
3.548133892335557031e+13 3.806171688091319338e-01 9.659612152869234691e-01 -1.813979761978739891e+00 5.378677969440610147e-04 7.197039844023281490e-21 2.553606099506841743e-07 5.879895338103124408e-07 6.029750065894817069e-08 2.688374989913728088e+06 8.521652370501008606e+10 2.550156869808068052e+02
3.981071705534757812e+13 3.720091392365156291e-01 9.888368571706791510e-01 -1.801770937089204105e+00 3.755967531827219337e-04 4.033183136272630594e-21 1.605639126705490594e-07 3.697120717880040565e-07 3.635496051899035884e-08 1.798846024553528987e+06 8.521741323397544861e+10 3.018645456068018689e+02
4.466835921509397656e+13 3.635094295381780527e-01 1.011950041387174926e+00 -1.789223965040033004e+00 2.565460131001105347e-04 2.211135464144755827e-21 9.876779318565149512e-08 2.274212482572000540e-07 2.142662751786031432e-08 1.176920107248625252e+06 8.521803515989274597e+10 3.600383201397196444e+02
5.011872336272448438e+13 3.551186157827415091e-01 1.035303416349903971e+00 -1.776520700025950861e+00 1.711395365925981568e-04 1.183949672451540835e-21 5.933804610898704091e-08 1.366309004179468967e-07 1.232532380098168158e-08 7.517625994700093288e+05 8.521846031740052795e+10 4.329129268949424159e+02
5.623413251903168750e+13 3.468369206757491718e-01 1.058900578739583764e+00 -1.763746827428858577e+00 1.113177046153726726e-04 6.180988360618700989e-22 3.475825185696244638e-08 8.003383258437434326e-08 6.908705475923673738e-09 4.680526132599419216e+05 8.521874402738673401e+10 5.250505371155786634e+02
6.309573444801581250e+13 3.386644099033520594e-01 1.082745603205226503e+00 -1.750904028663016865e+00 7.047493467405141607e-05 3.140629847225413186e-22 1.981603468400471556e-08 4.562810606564223841e-08 3.767157009673272100e-09 2.835633129789585946e+05 8.521892851668702698e+10 6.426809488714839063e+02
7.079457843840996875e+13 3.306014952399979334e-01 1.106841570798429819e+00 -1.737713851655964037e+00 4.334483962520330452e-05 1.550534668271837116e-22 1.097694481944445548e-08 2.527534950787102082e-08 1.994570620335448147e-09 1.668558985545375035e+05 8.521904522410144043e+10 7.944200454748307720e+02
7.943282347242367188e+13 3.226487870976356698e-01 1.131190893796457875e+00 -1.724282501759127006e+00 2.584580710489377338e-05 7.422169623817794047e-23 5.895638895111040168e-09 1.357521023355856852e-08 1.023306626799712177e-09 9.516402377012534998e+04 8.521911691597622681e+10 9.923496887431920186e+02
8.912509381336929688e+13 3.148064999574244349e-01 1.155797114756804689e+00 -1.710761900874457009e+00 1.490838791923442078e-05 3.436766923413175487e-23 3.063021744638838318e-09 7.052868208722003838e-09 5.076046657426999152e-10 5.249140329915113398e+04 8.521915958859669495e+10 1.253597540955125396e+03
9.999999999999428125e+13 3.070746371957381871e-01 1.180664443041880451e+00 -1.697239123690341023e+00 8.298761573099890920e-06 1.535551049022925203e-23 1.535551049022837336e-09 3.535736955011354517e-09 2.428895366493670937e-10 2.793737239273139130e+04 8.521918414262760925e+10 1.602742418491848412e+03
1.122018454301901094e+14 2.994533604922224312e-01 1.205796598119832197e+00 -1.683410212991329091e+00 4.446439868278634553e-06 6.604640289119301499e-24 7.410528288417699526e-10 1.706337196812127665e-09 1.118376828537806130e-10 1.431167544499111318e+04 8.521919776832455444e+10 2.075569498299787028e+03
1.258925411794094062e+14 2.919432371494604661e-01 1.231195888934451865e+00 -1.669235342046607284e+00 2.286796942147190597e-06 2.727188302238885398e-24 3.433326656436125090e-10 7.905526778488911445e-10 4.941543598725540639e-11 7.037203746014090939e+03 8.521920504279624939e+10 2.725079162284816903e+03
1.412537544622668750e+14 2.845445031111026868e-01 1.256865611950898964e+00 -1.654953806705779851e+00 1.125512040425261480e-06 1.077639766492318843e-24 1.522206629748806124e-10 3.505010294116307905e-10 2.088909330574247370e-11 3.311346948567451363e+03 8.521920876865304565e+10 3.631004635974785288e+03
1.584893192461020000e+14 2.772571196055961251e-01 1.282809973710419271e+00 -1.640686732752005605e+00 5.283873532702578942e-07 4.061236065556961591e-25 6.436625393278405527e-11 1.482087767974979494e-10 8.421348150514308835e-12 1.486369586362079190e+03 8.521921059363041687e+10 4.915180367195936014e+03
1.778279410038820938e+14 2.700810094799067640e-01 1.309033329874529139e+00 -1.626216701292570344e+00 2.357682521404678791e-07 1.454754871789938031e-25 2.586960635157711433e-11 5.956696994676555392e-11 3.226954481907743549e-12 6.343150924019236072e+02 8.521921144568490601e+10 6.767096768004955265e+03
1.995262314968760312e+14 2.630165931191356665e-01 1.335538157086830324e+00 -1.611303941987402899e+00 9.960845162901658864e-08 4.935028397156768686e-26 9.846676184147585232e-12 2.267280979715772430e-11 1.170959988309670358e-12 2.564027945582809025e+02 8.521921182359719849e+10 9.487518771375325741e+03
2.238721138568200312e+14 2.560641524547784265e-01 1.362327270369910526e+00 -1.596250815653814881e+00 3.968170515001963930e-08 1.578578221388444719e-26 3.533996433105703617e-12 8.137327505563323362e-12 4.007065557416474781e-13 9.776426940608065763e+01 8.521921198223573303e+10 1.356410628314125097e+04
2.511886431509428125e+14 2.492235906989372085e-01 1.389404830823283810e+00 -1.581181112892473095e+00 1.483887025679736882e-08 4.739298496077541639e-27 1.190457958717021536e-12 2.741130749577935215e-12 1.287450993631171295e-13 3.500772881854307172e+01 8.521921204499226379e+10 1.980416021399415695e+04
2.818382931264288125e+14 2.424946408850862101e-01 1.416775668291738954e+00 -1.566048468212745348e+00 5.182986961679690953e-09 1.328926166226642568e-27 3.745422823803657246e-13 8.624154761049966608e-13 3.865644372104421122e-14 1.171766333261674298e+01 8.521921206828233337e+10 2.957508722088164359e+04
3.162277660168185625e+14 2.358774719055576341e-01 1.444442795621540210e+00 -1.550435545895939793e+00 1.681998644169087195e-09 3.462975637770260532e-28 1.095089049702757023e-13 2.521535721346584091e-13 1.079221751505295281e-14 3.647671668602965767e+00 8.521921207635232544e+10 4.525116555865359987e+04
3.548133892335528125e+14 2.293723843930247641e-01 1.472408463429492054e+00 -1.534568350628639832e+00 5.042563164632907732e-10 8.336872852229335280e-29 2.958034112308686988e-14 6.811125251569858256e-14 2.785596898794062723e-15 1.050053039619448958e+00 8.521921207894995117e+10 7.107124280522321351e+04
3.981071705534725000e+14 2.229792198421262917e-01 1.500676696428425494e+00 -1.518661426522896818e+00 1.387783145178249707e-10 1.842307858236828708e-29 7.334359687310917912e-15 1.688798728265859123e-14 6.606159038351425682e-16 2.778027100324621523e-01 8.521921207972219849e+10 1.148198543787601229e+05
4.466835921509360625e+14 2.166975838585223635e-01 1.529252520208847166e+00 -1.502831321351033811e+00 3.482066822853363428e-11 3.711026864372784648e-30 1.657654810346660140e-15 3.816891255634092070e-15 1.429939403778276550e-16 6.709842177350378023e-02 8.521921207993290710e+10 1.912320975712984509e+05
5.011872336272406875e+14 2.105273270390380369e-01 1.558139814622655717e+00 -1.486558252633941812e+00 7.905948546272280503e-12 6.765594385370207200e-31 3.390829533847685833e-16 7.807673537521631033e-16 2.805247514317176378e-17 1.469208859726298458e-02 8.521921207998530579e+10 3.291114090662643430e+05
5.623413251903122500e+14 2.044687000947147948e-01 1.587340370985076410e+00 -1.469866629655211199e+00 1.611343280455996433e-12 1.107397715181850258e-31 6.227354986680856548e-17 1.433901476111347460e-16 4.948537609089418008e-18 2.893467703253338637e-03 8.521921207999710083e+10 5.868237849951426033e+05
6.309573444801530000e+14 1.985215243154224984e-01 1.616857749895123542e+00 -1.453118979493738028e+00 2.922147761933708078e-13 1.612669408849802189e-32 1.017525607732249270e-17 2.342939296103984379e-17 7.780490947850705203e-19 5.080388734443562742e-04 8.521921207999949646e+10 1.087253963204179658e+06
7.079457843840938750e+14 1.926853198288193125e-01 1.646696887943693177e+00 -1.436524089988151065e+00 4.669529564492737086e-14 2.068952821644841903e-33 1.464706428173041784e-18 3.372611187123800300e-18 1.079989910809822852e-19 7.877453750009270807e-05 8.521921207999992371e+10 2.099874955412362702e+06
7.943282347242301250e+14 1.869596197135099391e-01 1.676862622806288616e+00 -1.419639123659870883e+00 6.505616498989908607e-15 2.314360413199506913e-34 1.838361821532404052e-19 4.232984525789894258e-19 1.310125008841293239e-20 1.067794287785561707e-05 8.521921207999998474e+10 4.241919485205934383e+06
8.912509381336857500e+14 1.813445234104085757e-01 1.707356612714415967e+00 -1.402153911322771451e+00 7.812736773781935663e-16 2.232155266129822954e-35 1.989410474998251704e-20 4.580786903577178157e-20 1.373592048043952421e-21 1.251337406590568464e-06 8.521921208000000000e+10 8.995957824577003717e+06
9.999999999999345000e+14 1.758398712468224045e-01 1.738181520544891834e+00 -1.384585400650694798e+00 7.987096952846273467e-17 1.832564308321363054e-36 1.832564308321243028e-21 4.219635258293438447e-21 1.229044406923271165e-22 1.251888688323287675e-07 8.521921208000000000e+10 2.011302878149614483e+07
1.122018454301891875e+15 1.704450874942554373e-01 1.769342101615808405e+00 -1.367146843007085222e+00 6.855518556620448004e-18 1.262913789013055804e-37 1.417012577464974527e-22 3.262792037455921164e-22 9.256579141351833167e-24 1.054570517856315709e-08 8.521921208000000000e+10 4.762662722163703293e+07
1.258925411794083750e+15 1.651594215386452957e-01 1.800844080400477276e+00 -1.349659008130709825e+00 4.865662065702764658e-19 7.196177941900908695e-39 9.059451278851103790e-24 2.086015746538839640e-23 5.780951110773570079e-25 7.368884239460771258e-10 8.521921208000000000e+10 1.200420954388410449e+08
1.412537544622657250e+15 1.599826714080330448e-01 1.832689773313372905e+00 -1.331453939423273836e+00 2.809133289294375637e-20 3.336543646488065982e-40 4.712993169936580145e-25 1.085206781647872392e-24 2.946100490145256558e-26 4.203148269707351465e-11 8.521921208000000000e+10 3.237805933107486367e+08
1.584893192461007250e+15 1.549146812057405898e-01 1.864880757446644832e+00 -1.313013510781518622e+00 1.295886453128436332e-21 1.236131912206818800e-41 1.959137052640394539e-26 4.511079772542063941e-26 1.203065417120363156e-27 1.921704722617525644e-12 8.521921208000000000e+10 9.402360941374936104e+08
1.778279410038806500e+15 1.499547615400022571e-01 1.897421620106529261e+00 -1.294658655596879981e+00 4.682609122312453152e-23 3.586621043015870864e-43 6.378014352407031972e-28 1.468592077075450520e-27 3.858067205796590025e-29 6.902064076968212256e-14 8.521921208000000000e+10 2.959443618467641830e+09
1.995262314968744250e+15 1.451019574646113253e-01 1.930318628730810282e+00 -1.276531140176443424e+00 1.296482073797572032e-24 7.971796820625737917e-45 1.590582577878218571e-29 3.662451732998427305e-29 9.502571978301890935e-31 1.904576478636543974e-15 8.521921208000000000e+10 1.017152983652502632e+10
2.238721138568182000e+15 1.403556939072684584e-01 1.963575407654313043e+00 -1.257698235884421090e+00 2.685405606569315794e-26 1.325926748013911405e-46 2.968380238971710763e-31 6.834948088594364573e-31 1.755689435910026861e-32 3.943464090823829867e-17 8.521921208000000000e+10 3.847548485275717163e+10
2.511886431509407500e+15 1.357157853503868084e-01 1.997192393553695489e+00 -1.238348556894109054e+00 4.054841558434184090e-28 1.607978127579383063e-48 4.039058440830555002e-33 9.300275755588209179e-33 2.370172437247249059e-34 5.967530788635264247e-19 8.521921208000000000e+10 1.615870995487339172e+11
2.818382931264265000e+15 1.311814946045131158e-01 2.031173459641942181e+00 -1.219064463592562486e+00 4.336287235893958747e-30 1.380869083038285632e-50 3.891817853945641135e-35 8.961241775143312033e-35 2.270039391234866711e-36 6.408114154081692724e-21 8.521921208000000000e+10 7.608905707546472168e+11
3.162277660168159500e+15 1.267517453442838504e-01 2.065524866631023748e+00 -1.200212542507897995e+00 3.180428218620038276e-32 8.130047503397102744e-53 2.570946759609857739e-37 5.919823683559005300e-37 1.492938824015076811e-38 4.726112311603904828e-23 8.521921208000000000e+10 4.061183963900627441e+12
3.548133892335499000e+15 1.224255483756743063e-01 2.100252202125255430e+00 -1.180853150146676800e+00 1.544261017315876532e-34 3.169383052035001292e-55 1.124539542471911200e-39 2.589347986978167602e-39 6.509533157886356281e-41 2.311238156154884533e-25 8.521921208000000000e+10 2.485898461081878125e+13
3.981071705534692500e+15 1.182025524431893487e-01 2.135355579969270501e+00 -1.160592159376024002e+00 4.778339927409627969e-37 7.876646216487213754e-58 3.135749338696413218e-42 7.220329682648299057e-42 1.811236623434404897e-43 7.213655691855101718e-28 8.521921208000000000e+10 1.767427479354493125e+14
4.466835921509324000e+15 1.140820005435073392e-01 2.170837786148843485e+00 -1.140354580692280129e+00 9.031065954887285095e-40 1.195516082524393111e-60 5.340174182162064624e-45 1.229620546583804096e-44 3.080151405878510951e-46 1.376185773101019003e-30 8.521921208000000000e+10 1.480730351041433500e+15
5.011872336272366000e+15 1.100626978496039021e-01 2.206705095115935045e+00 -1.120562392132197216e+00 9.942482359453472093e-43 1.056596106784675754e-63 5.295524798207199033e-48 1.219339645993220023e-47 3.051690304030634332e-49 1.529672614340152544e-33 8.521921208000000000e+10 1.485319379173605600e+16
5.623413251903077000e+15 1.061433094520410209e-01 2.242965122004023204e+00 -1.100692777246160992e+00 6.047969811714289329e-46 5.159303764802016439e-67 2.901289716158109428e-51 6.680466450882589942e-51 1.671072434876775196e-52 9.397786825496382178e-37 8.521921208000000000e+10 1.815522246355161600e+17
6.309573444801478000e+15 1.023232492544050576e-01 2.279618366406479524e+00 -1.079628647861075930e+00 1.920255458740979557e-49 1.315620072904187063e-70 8.301001475444042468e-55 1.911376225427903196e-54 4.779780997780058553e-56 3.015941130909557689e-40 8.521921208000000000e+10 2.755480448763426816e+18
7.079457843840881000e+15 9.860188727160085209e-02 2.316664876871120882e+00 -1.058434841628525191e+00 2.988778737399828829e-53 1.644492885494716079e-74 1.164211805735609228e-58 2.680696748974493886e-58 6.702600230769925135e-60 4.745151727128482028e-44 8.521921208000000000e+10 5.303780728471896064e+19
7.943282347242237000e+15 9.497799463720937863e-02 2.354110049611014333e+00 -1.037633830875996255e+00 2.124735592817604280e-57 9.385798046559733555e-79 7.455404393801860194e-63 1.716670301941047416e-62 4.291907582334131945e-64 3.409205843084859038e-48 8.521921208000000000e+10 1.325714112385993146e+21
8.912509381336785000e+15 9.145004581111206010e-02 2.391962403203757859e+00 -1.017336633709896798e+00 6.372934227437577324e-62 2.259304059270010776e-83 2.013606862353625207e-67 4.636501144405971095e-67 1.159149529210208537e-68 1.033095741772037114e-52 8.521921208000000000e+10 4.418621949797477437e+22
