# [1] m:            [M_sun/h] 
# [2] sigma 
# [3] ln(1/sigma) 
# [4] n_eff 
# [5] f(sigma) 
# [6] dn/dm:        [h^4/(Mpc^3*M_sun)] 
# [7] dn/dlnm:      [h^3/Mpc^3] 
# [8] dn/dlog10m:   [h^3/Mpc^3] 
# [9] n(>m):        [h^3/Mpc^3] 
# [11] rho(>m):     [M_sun*h^2/Mpc^3] 
# [11] rho(<m):     [M_sun*h^2/Mpc^3] 
# [12] Lbox(N=1):   [Mpc/h]
1.000000000000000000e+07 4.309362393958295456e+00 -1.460789956735392137e+00 -2.516550227174258580e+00 2.316690293980118720e-01 1.590763449372692583e-05 1.590763449372692548e+02 3.662868205005350433e+02 1.676641880919019627e+02 3.962111541951710510e+10 4.559809666048289490e+10 1.813509757375235121e-01
1.122018454301963001e+07 4.269523245278555201e+00 -1.451502168847377927e+00 -2.515342399793555561e+00 2.322875639255398139e-01 1.270127300779460994e-05 1.425106270787295273e+02 3.281428455047162061e+02 1.503034464417707454e+02 3.943749813231610870e+10 4.578171394768389130e+10 1.880804637643050392e-01
1.258925411794166267e+07 4.229954140350407066e+00 -1.442191151474690347e+00 -2.514138023199294913e+00 2.329124875635053826e-01 1.014126078176347286e-05 1.276709090579360861e+02 2.939731320058021424e+02 1.347505470040078421e+02 3.925292998867353821e+10 4.596628209132646179e+10 1.950547306640912082e-01
1.412537544622752629e+07 4.190651811385444070e+00 -1.432856285411766128e+00 -2.512906992283254759e+00 2.335438529051828416e-01 8.097791679535520264e-06 1.143843477587765989e+02 2.633796940212059212e+02 1.208167263533327116e+02 3.906739900053278351e+10 4.615181307946721649e+10 2.022821893021539141e-01
1.584893192461110838e+07 4.151614174578612371e+00 -1.423497216347944461e+00 -2.511612097271144872e+00 2.341816926982052127e-01 6.467018494232580469e-06 1.024953358702932036e+02 2.360042324763550425e+02 1.083321281908937408e+02 3.888088019859778595e+10 4.633833188140221405e+10 2.097720271226311273e-01
1.778279410038919002e+07 4.112838963748728816e+00 -1.414113535490961748e+00 -2.510295397754528146e+00 2.348260409999483600e-01 5.164956948664288760e-06 9.184736595547146010e+01 2.114863756798374084e+02 9.714486298698898281e+01 3.869334935639303589e+10 4.652586272360696411e+10 2.175337867585413476e-01
1.995262314968874678e+07 4.074323130232053281e+00 -1.404704629885654033e+00 -2.508972549403060803e+00 2.354769435291207413e-01 4.125156466776789524e-06 8.230769241509881340e+01 1.895204655937456266e+02 8.711969195514944886e+01 3.850479312882059479e+10 4.671441895117940521e+10 2.255768648027436374e-01
2.238721138568333164e+07 4.036063350837935992e+00 -1.395269798809685158e+00 -2.507638659562521521e+00 2.361344498519365176e-01 3.294803819383093281e-06 7.376146957888610700e+01 1.698420602896769651e+02 7.813562880806392741e+01 3.831520011544483185e+10 4.690401196455516815e+10 2.339108117807276455e-01
2.511886431509571895e+07 3.998057250508660676e+00 -1.385808555762739758e+00 -2.506239823006903400e+00 2.367985921207030608e-01 2.631973062791538597e-06 6.611217424524755870e+01 1.522289068825319305e+02 7.008385462875874339e+01 3.812454743137726593e+10 4.709466464862273407e+10 2.425459384932621421e-01
2.818382931264443323e+07 3.960302857550785927e+00 -1.376320501521497208e+00 -2.504801537836156555e+00 2.374693933193579021e-01 2.102680049768331461e-06 5.926157562177335336e+01 1.364548206140346736e+02 6.286676144134461452e+01 3.793280651562998962e+10 4.728640556437001038e+10 2.514932330011938055e-01
3.162277660168366507e+07 3.922797327687367108e+00 -1.366805003309979671e+00 -2.503349711651649212e+00 2.381468897397856499e-01 1.679893965148223169e-06 5.312291157439882738e+01 1.223200242876516057e+02 5.639739031880248632e+01 3.773995856125412750e+10 4.747925351874587250e+10 2.607636174866098666e-01
3.548133892335738987e+07 3.885537435660716632e+00 -1.357261310329462622e+00 -2.501896268605507956e+00 2.388311230087923343e-01 1.342137404297085139e-06 4.762083212358002271e+01 1.096510181637273575e+02 5.059811425751803426e+01 3.754599196773614502e+10 4.767322011226385498e+10 2.703679591811156691e-01
3.981071705534952879e+07 3.848520463174049056e+00 -1.347688779159870842e+00 -2.500384892548342730e+00 2.395221237892577182e-01 1.072426310067127821e-06 4.269406039279496667e+01 9.830670701983720505e+01 4.539917112792894471e+01 3.735088633182193756e+10 4.786832574817806244e+10 2.803178103277215172e-01
4.466835921509607136e+07 3.811744568158590862e+00 -1.338086976243243464e+00 -2.498815086066697777e+00 2.402199037655260716e-01 8.570245103770786158e-07 3.828187868566517693e+01 8.814728319341914187e+01 4.073782137259755842e+01 3.715460995663873291e+10 4.806460212336126709e+10 2.906257338217836383e-01
5.011872336272694170e+07 3.775207180960721498e+00 -1.328455263568706579e+00 -2.497224789290392710e+00 2.409244852553358573e-01 6.849219122976034068e-07 3.432741184751350971e+01 7.904178680115180100e+01 3.655809462273330013e+01 3.695713825773120880e+10 4.826207382226879120e+10 3.013044060180256611e-01
5.623413251903456450e+07 3.738905242065974743e+00 -1.318792852551602390e+00 -2.495630999701516473e+00 2.416358974145179084e-01 5.473890475496872364e-07 3.078194823937722546e+01 7.087805514930431627e+01 3.281009857397191354e+01 3.675845727291271210e+10 4.846075480708728790e+10 3.123662867462392856e-01
6.309573444801890850e+07 3.702835759836822671e+00 -1.309098947676660796e+00 -2.493993974527421997e+00 2.423541655833698905e-01 4.375144903326676241e-07 2.760529809919033184e+01 6.356354789085252577e+01 2.944905849796800368e+01 3.655854840580639648e+10 4.866066367419360352e+10 3.238243693643383936e-01
7.079457843841329217e+07 3.666996824390619913e+00 -1.299373023092255552e+00 -2.492282848832468201e+00 2.430792902612315398e-01 3.497486592088494970e-07 2.476030888809077624e+01 5.701271814364579882e+01 2.643465184710555604e+01 3.635737890368383026e+10 4.886183317631616974e+10 3.356928838550117811e-01
7.943282347242756188e+07 3.631386196168109315e+00 -1.289614447604738867e+00 -2.490542715304446819e+00 2.438112743349964973e-01 2.796068617412115287e-07 2.220996249036911507e+01 5.114032854628084124e+01 2.373082567985739999e+01 3.615491860277517700e+10 4.906429347722482300e+10 3.479864900916486148e-01
8.912509381337386370e+07 3.596000978236377321e+00 -1.279822388643924613e+00 -2.488788457390606279e+00 2.445501302007098976e-01 2.235397771513236936e-07 1.992300360963240990e+01 4.587441111920615811e+01 2.130545718822023460e+01 3.595114905566590118e+10 4.926806302433409882e+10 3.607195778000890640e-01
9.999999999999918044e+07 3.560838069795805971e+00 -1.269995930022669306e+00 -2.487007148044447113e+00 2.452958708282595712e-01 1.787260327995961826e-07 1.787260327995947051e+01 4.115318988543116774e+01 1.912976716310431158e+01 3.574605205108650970e+10 4.947316002891349030e+10 3.739068647318250505e-01
1.122018454301956147e+08 3.525895329861710170e+00 -1.260134398300154057e+00 -2.485146141448008272e+00 2.460484845115057939e-01 1.429193164534765243e-07 1.603581105370218651e+01 3.692381948632380073e+01 1.717784192881044447e+01 3.553959605920551300e+10 4.967961602079448700e+10 3.875643299801137531e-01
1.258925411794155836e+08 3.491170822191663969e+00 -1.250237159091804884e+00 -2.483238619650345758e+00 2.468079495547751967e-01 1.142971648219393914e-07 1.438916052903645593e+01 3.313226653485766349e+01 1.542643977828091373e+01 3.533174541131041718e+10 4.988746666868958282e+10 4.017088785847901522e-01
1.412537544622738063e+08 3.456661821103270693e+00 -1.240303331770011175e+00 -2.481307318002476947e+00 2.475742557718616232e-01 9.141171713291939192e-08 1.291224824686822359e+01 2.973155033027727612e+01 1.385484435665254743e+01 3.512247545282935333e+10 5.009673662717064667e+10 4.163572354459628699e-01
1.584893192461097836e+08 3.422365280133935261e+00 -1.230331914406143090e+00 -2.479360342419893559e+00 2.483473947421754868e-01 7.311106633002273702e-08 1.158732313200248143e+01 2.668079751145399214e+01 1.244453566060927230e+01 3.491176758921262360e+10 5.030744449078737640e+10 4.315261326576266265e-01
1.778279410038908124e+08 3.388278753611372540e+00 -1.220322050150059345e+00 -2.477336878204255299e+00 2.491273386631973064e-01 5.848298226995289681e-08 1.039990832083277539e+01 2.394667386805428677e+01 1.117884887612157030e+01 3.469959236065309143e+10 5.051961971934690857e+10 4.472334774193191809e-01
1.995262314968858361e+08 3.354400482021560936e+00 -1.210273060572700565e+00 -2.475245501263973580e+00 2.499140368515879729e-01 4.678784950327684471e-08 9.335403291232271528e+00 2.149556045547898364e+01 1.004279301803324387e+01 3.448590946366701508e+10 5.073330261633298492e+10 4.634986739755750929e-01
2.238721138568310440e+08 3.320727977209239068e+00 -1.200184029135937580e+00 -2.473121908664224655e+00 2.507074476249194217e-01 3.743377621049745238e-08 8.380378609887619845e+00 1.929653486077339863e+01 9.022990635126939551e+00 3.427068735814230347e+10 5.094852472185769653e+10 4.803411916236348667e-01
2.511886431509551406e+08 3.287258341655396432e+00 -1.190053886560315188e+00 -2.470983215579895642e+00 2.515075312944690111e-01 2.995068157046536311e-08 7.523271065131512891e+00 1.732297180512525969e+01 8.107502968479476380e+00 3.405390511233067703e+10 5.116530696766932678e+10 4.977802114837911462e-01
2.818382931264426112e+08 3.253988858608244161e+00 -1.179881584884483026e+00 -2.468780066576241161e+00 2.523142358547839081e-01 2.396637673056216996e-08 6.754642710166933739e+00 1.555313961293128422e+01 7.285600183028066112e+00 3.383553500972224045e+10 5.138367707027775574e+10 5.158358896172824393e-01
3.162277660168340802e+08 3.220917779340119136e+00 -1.169666343584299550e+00 -2.466489122950556556e+00 2.531274765328520582e-01 1.918089340478651430e-08 6.065531071602666024e+00 1.396640142656450045e+01 6.547611657040674160e+00 3.361553415363017654e+10 5.160367792636982727e+10 5.345303417378846067e-01
3.548133892335702181e+08 3.188042922530896384e+00 -1.159407224617413190e+00 -2.464156857633553521e+00 2.539471685943185397e-01 1.535208322704196771e-08 5.447124681582606875e+00 1.254246809149204900e+01 5.884889919089263621e+00 3.339386416524735260e+10 5.182534791475264740e+10 5.538862092856819963e-01
3.981071705534920692e+08 3.155361563945333625e+00 -1.149103089726694060e+00 -2.461799081137826750e+00 2.547732301464300519e-01 1.228809307762126097e-08 4.891977966629752927e+00 1.126419554121699385e+01 5.289723328271540126e+00 3.317049934953807068e+10 5.204871273046192932e+10 5.739257109123245826e-01
4.466835921509580016e+08 3.122870856671370099e+00 -1.138752725115257158e+00 -2.459392892679898246e+00 2.556055714272246204e-01 9.836448693394961447e-09 4.393780236374258408e+00 1.011705287416722321e+01 4.755192117886936742e+00 3.294541238615583801e+10 5.227379969384416199e+10 5.946717540634688381e-01
5.011872336272653341e+08 3.090568907294023671e+00 -1.128355186355935569e+00 -2.456887986117341605e+00 2.564440660302971797e-01 7.875322146167416124e-09 3.947010920361185615e+00 9.088328507108375476e+00 4.275057583355049040e+00 3.271856049259114838e+10 5.250065158740885162e+10 6.161493722883375490e-01
5.623413251903399229e+08 3.058453863939871731e+00 -1.117909515048495450e+00 -2.454325158166575704e+00 2.572885724967506893e-01 6.305807267726374767e-09 3.546016015328126159e+00 8.165003616412690235e+00 3.843724280267024618e+00 3.248989866317587662e+10 5.272931341682412720e+10 6.383848780369577591e-01
6.309573444801839590e+08 3.026523184020830648e+00 -1.107414496660866332e+00 -2.451724537077194288e+00 2.581389528862338412e-01 5.049386544420237678e-09 3.185947525321365603e+00 7.335915278866247391e+00 3.456201307885052643e+00 3.225939444873781586e+10 5.295981763126218414e+10 6.614042632324786952e-01
7.079457843841286898e+08 2.994774067196034117e+00 -1.096868792059498610e+00 -2.449088544926806499e+00 2.589950611232300637e-01 4.043519568979807606e-09 2.862592632933983694e+00 6.591363123908367427e+00 3.108019347815688782e+00 3.202702001472279358e+10 5.319219206527720642e+10 6.852337766118132834e-01
7.943282347242691517e+08 2.963204397219355801e+00 -1.086271249411439266e+00 -2.446353218449344613e+00 2.598567164066940549e-01 3.238567774167786437e-09 2.572485823089603496e+00 5.923367508184639085e+00 2.795151082013364707e+00 3.179273436988991165e+10 5.342647771011009216e+10 7.099017350631744439e-01
8.912509381337294579e+08 2.931812578203115915e+00 -1.075620859131019236e+00 -2.443536538233947120e+00 2.607237054049851843e-01 2.594199892288896562e-09 2.312083087708899143e+00 5.323768051522156597e+00 2.513972693020695814e+00 3.155648658672179031e+10 5.366272549327821350e+10 7.354387032085109022e-01
9.999999999999836683e+08 2.900596320268751249e+00 -1.064916343532834819e+00 -2.440672090010719053e+00 2.615958142374459339e-01 2.078181840233900911e-09 2.078181840233866762e+00 4.785190525853435517e+00 2.261248728586306989e+00 3.131823649181732178e+10 5.390097558818267822e+10 7.618752897091286558e-01
1.122018454301946878e+09 2.869553002097995353e+00 -1.054156269243577526e+00 -2.437776290488367081e+00 2.624728178766614350e-01 1.664867801634425947e-09 1.868012397406938918e+00 4.301257499797286776e+00 2.034087527945040108e+00 3.107795447138405991e+10 5.414125760861593628e+10 7.892418774781183588e-01
1.258925411794145584e+09 2.838680304992037051e+00 -1.043339262834450665e+00 -2.434790255507943701e+00 2.633544609276505244e-01 1.333940885660573161e-09 1.679332078789284255e+00 3.866805010806908527e+00 1.829885965179936180e+00 3.083560173683318710e+10 5.438361034316680908e+10 8.175707107665518558e-01
1.412537544622726679e+09 2.807976771796257154e+00 -1.032464213977020151e+00 -2.431699739634265445e+00 2.642404393112572913e-01 1.068964793340087934e-09 1.509952904472748214e+00 3.476795048962012746e+00 1.646295963685713959e+00 3.059112367102881241e+10 5.462808840897119141e+10 8.468971971167802426e-01
1.584893192461085081e+09 2.777440461620984014e+00 -1.021529806341852753e+00 -2.428551684105720199e+00 2.651304366743801877e-01 8.566882461166679825e-10 1.357759369331733801e+00 3.126356483696247412e+00 1.481217175369258232e+00 3.034447255478296280e+10 5.487473952521704102e+10 8.772574940831078250e-01
1.778279410038893700e+09 2.747069003962984812e+00 -1.010534526551184920e+00 -2.425364292075170791e+00 2.660241216488776206e-01 6.865938224993301103e-10 1.220955657610457656e+00 2.811354296420581989e+00 1.332774405866338219e+00 3.009561469058631897e+10 5.512359738941368103e+10 9.086872867331833303e-01
1.995262314968842030e+09 2.716860012771926236e+00 -9.994768063976670058e-01 -2.422103082342701441e+00 2.669211340819410694e-01 5.503254578250727583e-10 1.098043646966342601e+00 2.528338932961517127e+00 1.199282075131786307e+00 2.984451286928492737e+10 5.537469921071507263e+10 9.412237685340492099e-01
2.238721138568292141e+09 2.686812049975518590e+00 -9.883553792804909977e-01 -2.418721628947059887e+00 2.678210538946820263e-01 4.411793152183245717e-10 9.876774588783470143e-01 2.274211393499521616e+00 1.079218316970260938e+00 2.959111225646975708e+10 5.562809982353024292e+10 9.749078426286719168e-01
2.511886431509531021e+09 2.656923604908274061e+00 -9.771689139775192601e-01 -2.415268783975238698e+00 2.687234285473483753e-01 3.537106003316361429e-10 8.884808576541274316e-01 2.045802778244958819e+00 9.712179626766493934e-01 2.933535852245930099e+10 5.588385355754069519e+10 1.009782325011798321e+00
2.818382931264402866e+09 2.627192599478280322e+00 -9.659158233864535426e-01 -2.411763404868371818e+00 2.696277858422687634e-01 2.835978594892184151e-10 7.992873665275336270e-01 1.840427175184767172e+00 8.740622138409066544e-01 2.907721220303445435e+10 5.614199987696554565e+10 1.045889696764827237e+00
3.162277660168314457e+09 2.597616783804704177e+00 -9.545944030593795926e-01 -2.408200845559352654e+00 2.705336197779876772e-01 2.273954904893504397e-10 7.190876795974893154e-01 1.655760571596857522e+00 7.866575201713663645e-01 2.881663712296134949e+10 5.640257495703865051e+10 1.083273453224936622e+00
3.548133892335673332e+09 2.568194682704075582e+00 -9.432031939760406880e-01 -2.404515159027930782e+00 2.714403586040273209e-01 1.823607605449941021e-10 6.470403951218035576e-01 1.489865568372442217e+00 7.080168666721341486e-01 2.855358169335348892e+10 5.666563038664651489e+10 1.121980904203998985e+00
3.981071705534887791e+09 2.538925219656466226e+00 -9.317408496131297513e-01 -2.400735314111417829e+00 2.723473727895897034e-01 1.462608658806852873e-10 5.822749947846292962e-01 1.340737723014273186e+00 6.372517843874665466e-01 2.828798630505844879e+10 5.693122577494155121e+10 1.162062927994725436e+00
4.466835921509543419e+09 2.509806703719570375e+00 -9.202057397079433931e-01 -2.396893609163798011e+00 2.732540032146449360e-01 1.173131585040335436e-10 5.240186304715598320e-01 1.206597486974969158e+00 5.735684041377357989e-01 2.801980515477699280e+10 5.719940692522300720e+10 1.203570663544129005e+00
5.011872336272612572e+09 2.480837208649205206e+00 -9.085960873409323346e-01 -2.393005622236410446e+00 2.741595463706503755e-01 9.409668105288365368e-11 4.716005527040148526e-01 1.085900402504017537e+00 5.162559569007614257e-01 2.774900347515499115e+10 5.747020860484500885e+10 1.246555563576234649e+00
5.623413251903352737e+09 2.452015257125160996e+00 -8.969102403731875617e-01 -2.389003256490064953e+00 2.750632293217069035e-01 7.548448512020783010e-11 4.244804539380781505e-01 9.774023655051644610e-01 4.646733877005321256e-01 2.747553518510797882e+10 5.774367689489202118e+10 1.291072804398469609e+00
6.309573444801788330e+09 2.423340155645366867e+00 -8.851468181327916129e-01 -2.384883949870414632e+00 2.759641950729294635e-01 6.056142165602995965e-11 3.821167378603305687e-01 8.798563043807107187e-01 4.182419209533854154e-01 2.719933880040834427e+10 5.801987327959165955e+10 1.337182896840094726e+00
7.079457843841228485e+09 2.394810737046428439e+00 -8.733042035425686578e-01 -2.380695752303505941e+00 2.768615379334227744e-01 4.859067698682921689e-11 3.439956493319635822e-01 7.920792542065865360e-01 3.764435319887031728e-01 2.692036355884587860e+10 5.829884852115412140e+10 1.384947742863145814e+00
7.943282347242626190e+09 2.366425530244512743e+00 -8.613806015590819154e-01 -2.376460770003620215e+00 2.777542939995203963e-01 3.898619297625603782e-11 3.096783384544890549e-01 7.130607257484713468e-01 3.388150324898269172e-01 2.663857519973371506e+10 5.858063688026628113e+10 1.434429174777043015e+00
8.912509381337221146e+09 2.338183193449867581e+00 -8.493742147492787664e-01 -2.372132164722160041e+00 2.786414228899977696e-01 3.128240819208659084e-11 2.788047564827920710e-01 6.419716761331121235e-01 3.049392224427874831e-01 2.635393466819774246e+10 5.886527741180226135e+10 1.485692407066100840e+00
9.999999999999753952e+09 2.310083342563854725e+00 -8.372836029148412740e-01 -2.367670236376776316e+00 2.795217768885118748e-01 2.510415090987688339e-11 2.510415090987626607e-01 5.780444365735399881e-01 2.744388196251212886e-01 2.606638409440213394e+10 5.915282798559786987e+10 1.538809359272395039e+00
1.122018454301937675e+10 2.282125460192947930e+00 -8.251072281025868538e-01 -2.363132621183107851e+00 2.803941303163576260e-01 2.014671238241766060e-11 2.260498308658597244e-01 5.204989708255539638e-01 2.469752344401440480e-01 2.577587062258089447e+10 5.944334145741910553e+10 1.593855203207712012e+00
1.258925411794135284e+10 2.254308605750217964e+00 -8.128433209529053460e-01 -2.358539932925511007e+00 2.812571831849891013e-01 1.616811957312188494e-11 2.035445659152928799e-01 4.686786832364973621e-01 2.222457930885928801e-01 2.548236038382987595e+10 5.973685169617012024e+10 1.650905256610144090e+00
1.412537544622714996e+10 2.226631776413560804e+00 -8.004900294823333873e-01 -2.353879430416150775e+00 2.821095440293441836e-01 1.297530604841141712e-11 1.832810694635132465e-01 4.220202583746918146e-01 1.999783195483132436e-01 2.518582264287030792e+10 6.003338943712969208e+10 1.710037739560571923e+00
1.584893192461071968e+10 2.199094838006271146e+00 -7.880458384308565156e-01 -2.349084562968152490e+00 2.829496954231691119e-01 1.041405977724782093e-11 1.650517244684273910e-01 3.800456403339615430e-01 1.799266720805970110e-01 2.488620984093645096e+10 6.033300223906355286e+10 1.771338182314247556e+00
1.778279410038879013e+10 2.171697962641636170e+00 -7.755093328447545398e-01 -2.344198131045772016e+00 2.837760059234105126e-01 8.358620080532358243e-12 1.486396198554821024e-01 3.422553729075348827e-01 1.618691467495596836e-01 2.458347048323484039e+10 6.063574159676515961e+10 1.834898198087405952e+00
1.995262314968825912e+10 2.144440804462040884e+00 -7.628788211720590740e-01 -2.339252573105730537e+00 2.845867487148773800e-01 6.708669834613677891e-12 1.338555610457281830e-01 3.082138194782482188e-01 1.456074169399151630e-01 2.427757220784129333e+10 6.094163987215870667e+10 1.900810551646978874e+00
2.238721138568273544e+10 2.117322868896540644e+00 -7.501524929927269048e-01 -2.334262196304972115e+00 2.853800830579886760e-01 5.384100316164730634e-12 1.205349918997010716e-01 2.775420755324097821e-01 1.309635195646487726e-01 2.396849552526777649e+10 6.125071655473222351e+10 1.969170045061220398e+00
2.511886431509510422e+10 2.090344241210890353e+00 -7.373287611270734621e-01 -2.329150235953750148e+00 2.861540259410310094e-01 4.321269933418069854e-12 1.085453931264285521e-01 2.499350041260927635e-01 1.177765925731862617e-01 2.365620861102774811e+10 6.156300346897225189e+10 2.040079091484762852e+00
2.818382931264379883e+10 2.063505695491347325e+00 -7.244063303188043035e-01 -2.323927944852839822e+00 2.869064433423477722e-01 3.468323120109996292e-12 9.775062681827631494e-02 2.250791361425870385e-01 1.059012390664693243e-01 2.334066672574984741e+10 6.187854535425015259e+10 2.113649572773316443e+00
3.162277660168288803e+10 2.036807533358715450e+00 -7.113836474388290920e-01 -2.318645717949016305e+00 2.876350765650814156e-01 2.783563288444168291e-12 8.802400002711571747e-02 2.026827502881441423e-01 9.520719190570109403e-02 2.302184214354343414e+10 6.219736993645656586e+10 2.189996469230120368e+00
3.548133892335644531e+10 2.010249818986366677e+00 -6.982590024007830909e-01 -2.313329578074905246e+00 2.883375267529742492e-01 2.233756214440409207e-12 7.925666131671384174e-02 1.824952068683431405e-01 8.557774297678895359e-02 2.269972800303942490e+10 6.251948407696057129e+10 2.269236309143964014e+00
3.981071705534854889e+10 1.983832839579123597e+00 -6.850307510686994839e-01 -2.307917959249551121e+00 2.890112341609709645e-01 1.792497539802225073e-12 7.136061237947476099e-02 1.643138822919049669e-01 7.690751574778278976e-02 2.237431230896511078e+10 6.284489977103488922e+10 2.351493263742778783e+00
4.466835921509506989e+10 1.957557769883411902e+00 -6.716976605206111950e-01 -2.302379321482272978e+00 2.896534549172360973e-01 1.438415394396329982e-12 6.425165553741792046e-02 1.479449042406468517e-01 6.910104608446902830e-02 2.204556456889378738e+10 6.317364751110621643e+10 2.436904216157551151e+00
5.011872336272570801e+10 1.931425528532319413e+00 -6.582583460942278419e-01 -2.296778839495748237e+00 2.902612837392373746e-01 1.154163421707294036e-12 5.784519724792479972e-02 1.331934888843718523e-01 6.207258625634359123e-02 2.171346597514938354e+10 6.350574610485061646e+10 2.525612508377146792e+00
5.623413251903306580e+10 1.905436644483420983e+00 -6.447111920167168941e-01 -2.291140540696054995e+00 2.908316472138252062e-01 9.259511305813203541e-13 5.207005858325845782e-02 1.198957406851376001e-01 5.574535551710588233e-02 2.137802296031769180e+10 6.384118911968231201e+10 2.617763673997870910e+00
6.309573444801736450e+10 1.879591585334803305e+00 -6.310545113982408694e-01 -2.285437710880715123e+00 2.913612860792351711e-01 7.427765806544331266e-13 4.686603388717846402e-02 1.079130309963709233e-01 5.005013622506819526e-02 2.103924583738311005e+10 6.417996624261688995e+10 2.713510951600518695e+00
7.079457843841171265e+10 1.853891642759323277e+00 -6.172870203220475194e-01 -2.279601117877980254e+00 2.918467297429160889e-01 5.958186944725224064e-13 4.218073330090704731e-02 9.712472771022610807e-02 4.492419225740328786e-02 2.069712693484764481e+10 6.452208514515235901e+10 2.813022727024695246e+00
7.943282347242561340e+10 1.828338197820181588e+00 -6.034074656682234528e-01 -2.273687113431928086e+00 2.922843065249562944e-01 4.778763208319623825e-13 3.795906543429749397e-02 8.740397821299897285e-02 4.031097460932268201e-02 2.035166071168835068e+10 6.486755136831164551e+10 2.916479314948745571e+00
8.912509381337149048e+10 1.802932066462082261e+00 -5.894142654537084525e-01 -2.267726202384666045e+00 2.926701458942654877e-01 3.832111902594494503e-13 3.415373328220718679e-02 7.864187712570487598e-02 3.615982822585510348e-02 2.000286797547162628e+10 6.521634410452837372e+10 3.024065640572434432e+00
9.999999999999673462e+10 1.777673842745555177e+00 -5.753056797388822474e-01 -2.261725081120246728e+00 2.930001604541230820e-01 3.072360952069265095e-13 3.072360952069164847e-02 7.074372528531452931e-02 3.242518816557963396e-02 1.965078454534614563e+10 6.556842753465385437e+10 3.135974324868267882e+00
1.122018454301928558e+11 1.752564668916479995e+00 -5.610802401967006636e-01 -2.255593631012833722e+00 2.932700273464404206e-01 2.462997800365413850e-13 2.763528984915051764e-02 6.363260644722365522e-02 2.906577987226619322e-02 1.929543283531007385e+10 6.592377924468992615e+10 3.252415384026884126e+00
1.258925411794125061e+11 1.727606131761535879e+00 -5.467367113928174316e-01 -2.249355331468927410e+00 2.934751872937443884e-01 1.974204133663705576e-13 2.485375751938244393e-02 5.722789156901868929e-02 2.604426742186014693e-02 1.893682632108819199e+10 6.628238575891180420e+10 3.373618358315471966e+00
1.412537544622703552e+11 1.702799212273634621e+00 -5.322734923652431283e-01 -2.243059948819849936e+00 2.936108477493969415e-01 1.582048693099236062e-13 2.234703176423951873e-02 5.145594221300234944e-02 2.332717157730963137e-02 1.857500357801459885e+10 6.664420850198539734e+10 3.499822123141623553e+00
1.584893192461058960e+11 1.678144571290830722e+00 -5.176887612412485185e-01 -2.236733014820138532e+00 2.936719673253904150e-01 1.267433652654894508e-13 2.008746967988796553e-02 4.625310824087990741e-02 2.088444531596258397e-02 1.821002936138725662e+10 6.700918271861274719e+10 3.631273985089457312e+00
1.778279410038864746e+11 1.653643072021840243e+00 -5.029807764711086149e-01 -2.230290746707652261e+00 2.936532449569077552e-01 1.015191039834124290e-13 1.805293323392968136e-02 4.156841494926327707e-02 1.868890723620901528e-02 1.784196312940385437e+10 6.737724895059614563e+10 3.768241231205851527e+00
1.995262314968809509e+11 1.629296292442394822e+00 -4.881481991717341873e-01 -2.223709109537081563e+00 2.935491198351677933e-01 8.130018550252888558e-14 1.622151963331694424e-02 3.735142929338583495e-02 1.671591113014279581e-02 1.747084774017500305e+10 6.774836433982499695e+10 3.911019507523736394e+00
2.238721138568255310e+11 1.605105378790224524e+00 -4.731894109937992976e-01 -2.217058612600819600e+00 2.933537684324254435e-01 6.508893817298729366e-14 1.457159817748288934e-02 3.355234474457130522e-02 1.494331677919387424e-02 1.709674713340621567e+10 6.812246494659378052e+10 4.059921773264886014e+00
2.511886431509489746e+11 1.581071064308499308e+00 -4.581025061788933095e-01 -2.210367488129703073e+00 2.930610933166414855e-01 5.209181037964252712e-14 1.308487116853892726e-02 3.012902929642531646e-02 1.335128242816896460e-02 1.671975952512510681e+10 6.849945255487489319e+10 4.215272666424855430e+00
2.818382931264356689e+11 1.557194019067485558e+00 -4.428854959219002962e-01 -2.203587700070419597e+00 2.926647181318455804e-01 4.167682175158509128e-14 1.174612430540144907e-02 2.704645072607241713e-02 1.192189542760652837e-02 1.633998963772039032e+10 6.887922244227960205e+10 4.377420128964864432e+00
3.162277660168262939e+11 1.533475703065489748e+00 -4.275368603419807956e-01 -2.196646877119079022e+00 2.921580044205042137e-01 3.333577374093825878e-14 1.054169725853928638e-02 2.427315496236876272e-02 1.063890528539550469e-02 1.595752536082802582e+10 6.926168671917196655e+10 4.546749410434813399e+00
3.548133892335615234e+11 1.509917507303689899e+00 -4.120550184098009106e-01 -2.189618851929832744e+00 2.915340470738412293e-01 2.665415231093950870e-14 9.457250118592013324e-03 2.177612314378614411e-02 9.487673332741636614e-03 1.557246772020442009e+10 6.964674435979557800e+10 4.723675900361861579e+00
3.981071705534822998e+11 1.486520283737535753e+00 -3.964380086623039423e-01 -2.182534719285749603e+00 2.907856606294019763e-01 2.130240156044094299e-14 8.480638811221229492e-03 1.952739250578474847e-02 8.455085441502368723e-03 1.518495634430993652e+10 7.003425573569006348e+10 4.908634172066109080e+00
4.466835921509470215e+11 1.463284681704515533e+00 -3.806836907395175218e-01 -2.175390861059331549e+00 2.899053836839401432e-01 1.701730129718399022e-14 7.601349272141115498e-03 1.750275352067327470e-02 7.529331790840921614e-03 1.479515164946213341e+10 7.042406043053787231e+10 5.102086941448675361e+00
5.011872336272529907e+11 1.440211973001420898e+00 -3.647903062277501052e-01 -2.168083013186024033e+00 2.888855193207012784e-01 1.358914176217475723e-14 6.810704367152940752e-03 1.568222634859580897e-02 6.699707294109197991e-03 1.440320353806423187e+10 7.081600854193576050e+10 5.304544010265294318e+00
5.623413251903260498e+11 1.417303754666070947e+00 -3.487563023554002273e-01 -2.160653874420851661e+00 2.877181508726857073e-01 1.084662472728023426e-14 6.099505322980925716e-03 1.404463003133371232e-02 5.956535884610963255e-03 1.400926335045430374e+10 7.120994872954570007e+10 5.516565077877173984e+00
6.309573444801684570e+11 1.394561015765873657e+00 -3.325796817111167369e-01 -2.153156423124531038e+00 2.863951130609671547e-01 8.652768110341702921e-15 5.459527589303886548e-03 1.257102684192084804e-02 5.291144462779602195e-03 1.361352191102442169e+10 7.160569016897558594e+10 5.738743232480411294e+00
7.079457843841113281e+11 1.371984454340328119e+00 -3.162581985837636389e-01 -2.145617597101035834e+00 2.849080128654277733e-01 6.898318190924981196e-15 4.883635282605569908e-03 1.124498580134735033e-02 4.695744146697899447e-03 1.321620636084716415e+10 7.200300571915283203e+10 5.971707463074303668e+00
7.943282347242496338e+11 1.349575072830586642e+00 -2.997897820365071353e-01 -2.137927307122040155e+00 2.832482887633583357e-01 5.496641941959305426e-15 4.366137890667806838e-03 1.005340402100815891e-02 4.163284401139014101e-03 1.281754278678466225e+10 7.240166929321533203e+10 6.216147440119506484e+00
8.912509381337076416e+11 1.327334518350564485e+00 -2.831728097539316091e-01 -2.130076097392648471e+00 2.814072829394007047e-01 4.377265215734172634e-15 3.901241729983127501e-03 8.982941051625451673e-03 3.687375774323176005e-03 1.241774885407371330e+10 7.280146322592628479e+10 6.472829994309068802e+00
9.999999999999591064e+11 1.305263937488924775e+00 -2.664052712740583306e-01 -2.122143729161189096e+00 2.793761975863844338e-01 3.483365787680130086e-15 3.483365787679987627e-03 8.020746136157401798e-03 3.262283594628606273e-03 1.201707883468326378e+10 7.320213324531674194e+10 6.742579812762832248e+00
1.122018454301919434e+12 1.283364101468478680e+00 -2.494848345144264623e-01 -2.114167429106951879e+00 2.771461299637856812e-01 2.769789262385808956e-15 3.107754666924178975e-03 7.155869568742290708e-03 2.882868202006115630e-03 1.161583473846167946e+10 7.360337734153831482e+10 7.026273821230260452e+00
1.258925411794114746e+12 1.261635787112166396e+00 -2.324091227134570115e-01 -2.106070294898441553e+00 2.747081489011748423e-01 2.200701683052092329e-15 2.770519272572356546e-03 6.379356376877816370e-03 2.544487553365614406e-03 1.121433094930046463e+10 7.400488113069953918e+10 7.324869466785634664e+00
1.412537544622691895e+12 1.240080560228385531e+00 -2.151763454327386138e-01 -2.097778818425379832e+00 2.720534537914927609e-01 1.747243875058472994e-15 2.468047573132133021e-03 5.682889550694182092e-03 2.242931405176315767e-03 1.081287023164941978e+10 7.440634184835058594e+10 7.639436688189443991e+00
1.584893192461046143e+12 1.218699786314868527e+00 -1.977845415087208791e-01 -2.089389579554077336e+00 2.691733488157252996e-01 1.385960769722841415e-15 2.196599788951802794e-03 5.057857929314288521e-03 1.974412718176104999e-03 1.041178374532679939e+10 7.480742833467320251e+10 7.971144585677683914e+00
1.778279410038850098e+12 1.197494318421735926e+00 -1.802313057586808209e-01 -2.080937708464377423e+00 2.660592637465135635e-01 1.098271203766372588e-15 1.953033068296322660e-03 4.497024829183534841e-03 1.735540649213660521e-03 1.001145546380740356e+10 7.520775661619259644e+10 8.321246807266573953e+00
1.995262314968793213e+12 1.176464821446812081e+00 -1.625140277155515123e-01 -2.072402498683441507e+00 2.627028646777152532e-01 8.693819973487184419e-16 1.734645136622197216e-03 3.994168033220891513e-03 1.523260827653550751e-03 9.612295973394674301e+09 7.560691610660533142e+10 8.691109907768286291e+00
2.238721138568236816e+12 1.155612645913925318e+00 -1.446306327085349619e-01 -2.063660272901824744e+00 2.590962965415433694e-01 6.875130078354998354e-16 1.539149903681963317e-03 3.544023624101310440e-03 1.334806036220496451e-03 9.214708634414688110e+09 7.600450344558531189e+10 9.082260326785416282e+00
2.511886431509469238e+12 1.134939338857248181e+00 -1.265792035643303337e-01 -2.054781232514899525e+00 2.552322457545774803e-01 5.430679111666055186e-16 1.364124917447586197e-03 3.141013699896545459e-03 1.167680103120550660e-03 8.819109876994281769e+09 7.640010220300572205e+10 9.496393599889858095e+00
2.818382931264333984e+12 1.114445830922305536e+00 -1.083572687346324864e-01 -2.045823342253474841e+00 2.511039098657673052e-01 4.284188067303448854e-16 1.207448252321437687e-03 2.780252346357055867e-03 1.019648451964211234e-03 8.425967740705886841e+09 7.679324433929411316e+10 9.935350175243453208e+00
3.162277660168236816e+12 1.094132774643654216e+00 -8.996206285456806451e-02 -2.036813197005148623e+00 2.467051643824408891e-01 3.375009724128898216e-16 1.067271785346337936e-03 2.457484103111618867e-03 8.887050407274948863e-04 8.035791169779169083e+09 7.718342091022082520e+10 1.040113625086936544e+01
3.548133892335586426e+12 1.074001231967791403e+00 -7.139114316961966966e-02 -2.027604615284055001e+00 2.420308532100688137e-01 2.655216173350013878e-16 9.421062496140786020e-04 2.169279806377905073e-03 7.730359429902573191e-04 7.649087612717743874e+09 7.757012446728225708e+10 1.089599187953920989e+01
3.981071705534790039e+12 1.054052828086933014e+00 -5.264257038773332426e-02 -2.018209338461781410e+00 2.370770202529278170e-01 2.085905460991637341e-16 8.304139211174310338e-04 1.912098715779730288e-03 6.710014799363168796e-04 7.266360180254027367e+09 7.795285189974597168e+10 1.142243882148561340e+01
4.466835921509433594e+12 1.034288616770671743e+00 -3.371386360836061552e-02 -2.008720913128554830e+00 2.318408193542195739e-01 1.635957853731691529e-16 7.307555307124195734e-04 1.682626791641370079e-03 5.811333422507897282e-04 6.888154682979580879e+09 7.833105739702041626e+10 1.198325318991933131e+01
5.011872336272489258e+12 1.014709289450127727e+00 -1.460215713448198387e-02 -1.999188199087267970e+00 2.263207121136420474e-01 1.280745924821653981e-16 6.418935070407372386e-04 1.478014420601670180e-03 5.021173119447140416e-04 6.515063748414003372e+09 7.870414833158599854e+10 1.258147623481218602e+01
5.623413251903214844e+12 9.953156196489247876e-01 4.695386445317273685e-03 -1.989491417212964297e+00 2.205167667890881034e-01 1.000847449773243164e-16 5.628178812188392886e-04 1.295936063364992860e-03 4.327685498455477149e-04 6.147683657924721718e+09 7.907152842207527161e+10 1.322050676103168065e+01
6.309573444801632812e+12 9.761091621713945399e-01 2.418085233631199829e-02 -1.979558570845339371e+00 2.144310943339921838e-01 7.806603256334032066e-17 4.925633660026716449e-04 1.134169063912721879e-03 3.720159216636050904e-04 5.786590981926592827e+09 7.943262109807341003e+10 1.390420484852431215e+01
7.079457843841054688e+12 9.570911429475882359e-01 4.385665387430385392e-02 -1.969516194940995835e+00 2.080677440691423574e-01 6.076201861390939633e-17 4.301621492838570240e-04 9.904849525112886192e-04 3.188995712530050611e-04 5.432385495080549240e+09 7.978682658491944885e+10 1.463688592893495333e+01
7.943282347242431641e+12 9.382622965962187367e-01 6.372573516829581342e-02 -1.959411712572997288e+00 2.014328264658775125e-01 4.718407484470159105e-17 3.747964287848838411e-04 8.630006698274780407e-04 2.725624306945360897e-04 5.085706633766510963e+09 8.013350544623348999e+10 1.542332471622986567e+01
8.912509381337003906e+12 9.196231971117557746e-01 8.379126119186589006e-02 -1.949194155697850928e+00 1.945348036768987376e-01 3.655157157565524572e-17 3.257662245706383552e-04 7.501044524973025669e-04 2.322348026364167751e-04 4.747197359862415314e+09 8.047201472013758850e+10 1.626887661743194968e+01
9.999999999999509766e+12 9.011751775666071440e-01 1.040556145599228766e-01 -1.938713675582305562e+00 1.873850431704613129e-01 2.824579190562792165e-17 2.824579190562653461e-04 6.503833938170754505e-04 1.972226064785574683e-04 4.417468687161534309e+09 8.080174339283847046e+10 1.717965488809051067e+01
1.122018454301910156e+13 8.829196351651392716e-01 1.245210959231613096e-01 -1.928082679461801785e+00 1.799977873783921156e-01 2.176780905408881425e-17 2.442388346840785565e-04 5.623806998737964150e-04 1.669035041362857883e-04 4.097122457806869030e+09 8.112208962219313049e+10 1.816260682852822583e+01
1.258925411794104297e+13 8.648573336909206599e-01 1.451907178022850964e-01 -1.917368336701742004e+00 1.723900300301972610e-01 1.672550093798036923e-17 2.105615815580961462e-04 4.848359588529222212e-04 1.407230876681179240e-04 3.786778999618588448e+09 8.143243308038140869e+10 1.922552529616095640e+01
1.412537544622680273e+13 8.469887543369983840e-01 1.660678614701735223e-01 -1.906591035569184855e+00 1.645817656412953134e-01 1.281004370386609099e-17 1.809466767996823226e-04 4.166451206257600786e-04 1.181860606811509505e-04 3.487054203413780689e+09 8.173215787658621216e+10 2.037720342073241753e+01
1.584893192461033008e+13 8.293148977191393545e-01 1.871553434765911572e-01 -1.895553040075119045e+00 1.565964489688027317e-01 9.779418638070466179e-18 1.549933402570442993e-04 3.568853547892241319e-04 9.884779879577642930e-05 3.198516192173228741e+09 8.202069588782676697e+10 2.162773298352814066e+01
1.778279410038835547e+13 8.118372362318322377e-01 2.084554069031969992e-01 -1.884299753622015627e+00 1.484610771797437723e-01 7.439545433995704249e-18 1.322959046532299243e-04 3.046225779186888683e-04 8.231010047807867341e-05 2.921683885313170433e+09 8.229752819468682861e+10 2.298876404429011799e+01
1.995262314968776953e+13 7.945565944866903596e-01 2.299710627082068026e-01 -1.872946808604439184e+00 1.402056852998677106e-01 5.637626523163459229e-18 1.124854374753650070e-04 2.590072915096892805e-04 6.821935374236927797e-05 2.657060998763878822e+09 8.256215108123611450e+10 2.447357795333115504e+01
2.238721138568218750e+13 7.774734296487165741e-01 2.517058095979472498e-01 -1.861558836631590275e+00 1.318633872734892298e-01 4.254231139254898058e-18 9.524037179805095409e-05 2.192990603534026705e-04 5.626169494579202934e-05 2.405126766230698586e+09 8.281408531376930237e+10 2.609730910132812198e+01
2.511886431509448438e+13 7.605883732823642829e-01 2.736629698494043583e-01 -1.849948359728847525e+00 1.234704999878881576e-01 3.196441883257379536e-18 8.029098995662720378e-05 1.848768365758644600e-04 4.615729752256039309e-05 2.166292001386546135e+09 8.305292007861344910e+10 2.787746048625421480e+01
2.818382931264310938e+13 7.439028272280689968e-01 2.958448612435098934e-01 -1.838051122357082345e+00 1.150666365944641167e-01 2.390686910535036398e-18 6.737871182648954812e-05 1.551452174368164695e-04 3.765674617224340509e-05 1.940879938889917850e+09 8.327833214111007690e+10 2.983452100934040274e+01
3.162277660168211328e+13 7.274177296969143169e-01 3.182543726584958765e-01 -1.826037387333925288e+00 1.066937759348533521e-01 1.779015022705889289e-18 5.625739463406476593e-05 1.295374382550807616e-04 3.053967977994600413e-05 1.729156943929750204e+09 8.349005513607025146e+10 3.199227863939992389e+01
3.548133892335557031e+13 7.111335292763163451e-01 3.408950619226929768e-01 -1.813979761978739891e+00 9.839580851443691101e-02 1.316603370543370065e-18 4.671485041788161623e-05 1.075649181936608900e-04 2.461212086872748621e-05 1.531334924175078392e+09 8.368787715582492065e+10 3.437824114432842038e+01
3.981071705534757812e+13 6.950505489177521978e-01 3.637707038064486587e-01 -1.801770937089204105e+00 9.021818606746986879e-02 9.687689351654499735e-19 3.856738596988209129e-05 8.880468800999821515e-05 1.970288071363602824e-05 1.347536783518910408e+09 8.387167529648109436e+10 3.702457573703593141e+01
4.466835921509397656e+13 6.791699501141968964e-01 3.868838880229443222e-01 -1.789223965040033004e+00 8.220776737994901773e-02 7.085376525069427160e-19 3.164921437959955015e-05 7.287500923543873083e-05 1.566088828250012288e-05 1.177772148571753025e+09 8.404143993142825317e+10 3.996942214216787193e+01
5.011872336272448438e+13 6.634928091747241963e-01 4.102372629856731456e-01 -1.776520700025950861e+00 7.441157860050970352e-02 5.147820653528980736e-19 2.580021992551385601e-05 5.940720179645616147e-05 1.235383300670276531e-05 1.021956643498703480e+09 8.419725543650129700e+10 4.325796562453901117e+01
5.623413251903168750e+13 6.480195421955899926e-01 4.338344253753531055e-01 -1.763746827428858577e+00 6.687566362904147355e-02 3.713314965737023845e-19 2.088150458681593943e-05 4.808144118088917369e-05 9.666616932269142946e-06 8.799258623071470261e+08 8.433928621769285583e+10 4.694346727805266539e+01
6.309573444801581250e+13 6.327502719027989775e-01 4.576794498409959000e-01 -1.750904028663016865e+00 5.964433951212545770e-02 2.657977531390292127e-19 1.677070444893944873e-05 3.861597406313690056e-05 7.499181551168500068e-06 7.514178278068649769e+08 8.446779425219313049e+10 5.108915395421234962e+01
7.079457843840996875e+13 6.176857676431918298e-01 4.817754174341993267e-01 -1.737713851655964037e+00 5.275963244512822670e-02 1.887321302808194220e-19 1.336121160101367971e-05 3.076532665683320952e-05 5.764649033169255109e-06 6.360547884036245346e+08 8.458315729159637451e+10 5.577107848673269785e+01
7.943282347242367188e+13 6.028271698918681309e-01 5.061247404322273269e-01 -1.724282501759127006e+00 4.626005171695776047e-02 1.328455131063918407e-19 1.055229419168356868e-05 2.429755530265824111e-05 4.388076984181974772e-06 5.333537445946753025e+08 8.468585833540531921e+10 6.108134439375815106e+01
8.912509381336929688e+13 5.881748793788952323e-01 5.307309613925738079e-01 -1.710761900874457009e+00 4.017903835013465069e-02 9.262301917844333850e-20 8.255035273556265277e-06 1.900792116303068330e-05 3.305440072539756744e-06 4.427510901441821456e+08 8.477646098985581970e+10 6.713107019735225833e+01
9.999999999999428125e+13 5.737289024125872272e-01 5.555982896776500146e-01 -1.697239123690341023e+00 3.454416938611501453e-02 6.391837513493056756e-20 6.391837513492691502e-06 1.471774977540840071e-05 2.462298299078783371e-06 3.636046467843576670e+08 8.485560743321563721e+10 7.405478265189624665e+01
1.122018454301901094e+14 5.594895410702711569e-01 5.807304447556018712e-01 -1.683410212991329091e+00 2.937654704562766075e-02 4.363525245375088397e-20 4.895955851123080080e-06 1.127335495875297990e-05 1.812520680724751524e-06 2.951879915817973018e+08 8.492402408841819763e+10 8.201733932353975831e+01
1.258925411794094062e+14 5.454578552828206472e-01 6.061297355702213174e-01 -1.669235342046607284e+00 2.469015168518213024e-02 2.944498115040700969e-20 3.706903502004548386e-06 8.535460744883096817e-06 1.317300288133851808e-06 2.367019397349951267e+08 8.498251014026499939e+10 9.122315134448649587e+01
1.412537544622668750e+14 5.316342858801680338e-01 6.317994585866684165e-01 -1.654953806705779851e+00 2.049077606702152596e-02 1.961922604379085024e-20 2.771289338329344319e-06 6.381129518810481269e-06 9.443855315415138174e-07 1.873042060961851478e+08 8.503190787390380859e+10 1.019256661160840878e+02
1.584893192461020000e+14 5.180187604227242115e-01 6.577438203461887234e-01 -1.640686732752005605e+00 1.677584815141864444e-02 1.289407839176673314e-20 2.043573706616983376e-06 4.705502353290853804e-06 6.672197347389815628e-07 1.461259469230358899e+08 8.507308613307696533e+10 1.144397865065756150e+02
1.778279410038820938e+14 5.046111347601098807e-01 6.839671765102984802e-01 -1.626216701292570344e+00 1.353461574688262330e-02 8.351229657439844459e-21 1.485081974833083183e-06 3.419527617124815976e-06 4.640939854785906866e-07 1.122794614219556451e+08 8.510693261857804871e+10 1.291609864697531691e+02
1.995262314968760312e+14 4.914121943270476356e-01 7.104720037225997764e-01 -1.611303941987402899e+00 1.074868380879006810e-02 5.325357332729162464e-21 1.062548479973705226e-06 2.446608290570936000e-06 3.174405877861974801e-07 8.487320923380950093e+07 8.513433887076618958e+10 1.465927577894440503e+02
2.238721138568200312e+14 4.784224658757599280e-01 7.372611170056801999e-01 -1.596250815653814881e+00 8.392343207424204574e-03 3.338558704463973677e-21 7.474101944034362435e-07 1.720975571985134175e-06 2.132509912222961492e-07 6.303718494973722845e+07 8.515617489505026245e+10 1.673797752981379574e+02
2.511886431509428125e+14 4.656417685706854548e-01 7.643386774590531507e-01 -1.581181112892473095e+00 6.433540843178388834e-03 2.054770337287756001e-21 5.161349730101165814e-07 1.188444694825978726e-06 1.405154845520186443e-07 4.594212871099890769e+07 8.517326995128900146e+10 1.923498882008111650e+02
2.818382931264288125e+14 4.530696036196957821e-01 7.917095149275084065e-01 -1.566048468212745348e+00 4.835294001284690633e-03 1.239777133767572356e-21 3.494166712382288195e-07 8.045616184367471206e-07 9.069032672045072050e-08 3.281012662078586966e+07 8.518640195337921143e+10 2.225766890915059264e+02
3.162277660168185625e+14 4.407062865760821846e-01 8.193766422573096619e-01 -1.550435545895939793e+00 3.557314677811470368e-03 7.323961947204340227e-22 2.316040124956616887e-07 5.332879466501173150e-07 5.724408759327925784e-08 2.292520838908309117e+07 8.519628687161091614e+10 2.594715746733200490e+02
3.548133892335528125e+14 4.285523791327776610e-01 8.473423100652613948e-01 -1.534568350628639832e+00 2.557491768459148589e-03 4.228302749643244936e-22 1.500258429306470160e-07 3.454472694959740072e-07 3.527570718962707273e-08 1.564496407647797465e+07 8.520356711592352295e+10 3.049121687537675029e+02
3.981071705534725000e+14 4.166075851431913502e-01 8.756105430641952792e-01 -1.518661426522896818e+00 1.793459922691083329e-03 2.380851302659546394e-22 9.478339756103411882e-08 2.182468382873653804e-07 2.118335449504364693e-08 1.040859038237381354e+07 8.520880348961763000e+10 3.614113233846118760e+02
4.466835921509360625e+14 4.048711677329471792e-01 9.041863668446165070e-01 -1.502831321351033811e+00 1.224249484351948693e-03 1.304748862171946541e-22 5.828099086098116553e-08 1.341969407614174655e-07 1.237226001882411284e-08 6.737860311678812839e+06 8.521247421968832397e+10 4.323647908611784487e+02
5.011872336272406875e+14 3.933428477617018637e-01 9.330736612584250578e-01 -1.486558252633941812e+00 8.116926107186752098e-04 6.946140539093289380e-23 3.481316961174195775e-08 8.016028538787034868e-08 7.013329365091941312e-09 4.234888230796493590e+06 8.521497719176921082e+10 5.224265681411958440e+02
5.623413251903122500e+14 3.820230936503318797e-01 9.622742176208458620e-01 -1.469866629655211199e+00 5.214675926493046992e-04 3.583792650798780748e-23 2.015314708457488229e-08 4.640433605385854136e-08 3.849213829048732461e-09 2.578128543010993861e+06 8.521663395145698547e+10 6.380812565392674287e+02
6.309573444801530000e+14 3.709115715022713866e-01 9.917915965308931048e-01 -1.453118979493738028e+00 3.237756121651777031e-04 1.786846756595483980e-23 1.127424084534460807e-08 2.595989890531508349e-08 2.040107955069399615e-09 1.516261925326642115e+06 8.521769581807467651e+10 7.884647527692001177e+02
7.079457843840938750e+14 3.600073847386478509e-01 1.021630734579462851e+00 -1.436524089988151065e+00 1.937293804882992212e-04 8.583668715679619796e-24 6.076772081815016303e-09 1.399228480910965103e-08 1.041303362208785429e-09 8.591277273071046220e+05 8.521835295227268982e+10 9.865995425932732132e+02
7.943282347242301250e+14 3.493096609777430750e-01 1.051796469442058068e+00 -1.419639123659870883e+00 1.113575638437445736e-04 3.961523669744661346e-24 3.146750103406530919e-09 7.245659879481350582e-09 5.103547449940128082e-10 4.675974456573219504e+05 8.521874448255433655e+10 1.251341787435818560e+03
8.912509381336857500e+14 3.388185860119333204e-01 1.082290459350185419e+00 -1.402153911322771451e+00 6.128518898720345710e-05 1.750962067384837124e-24 1.560546585193233879e-09 3.593291303988703075e-09 2.393809654072625938e-10 2.436485339786192635e+05 8.521896843146601868e+10 1.610534856551625580e+03
9.999999999999345000e+14 3.285338615136210172e-01 1.113115367180661286e+00 -1.384585400650694798e+00 3.217355942031094275e-05 7.381920742092335066e-25 7.381920742091851954e-10 1.699750065840424424e-09 1.070549311615349492e-10 1.210916761909232882e+05 8.521909098832380676e+10 2.106029455968372076e+03
1.122018454301891875e+15 3.184544118092139109e-01 1.144275948251577857e+00 -1.367146843007085222e+00 1.604637485740439298e-05 2.956040145426797437e-25 3.316731594826114697e-10 7.637056727708979782e-10 4.546853769625215282e-11 5.717562808231599047e+04 8.521915490437191772e+10 2.801751873026993508e+03
1.258925411794083750e+15 3.085788344742523281e-01 1.175777927036246728e+00 -1.349659008130709825e+00 7.568949095572905527e-06 1.119426375885511256e-25 1.409274311234826027e-10 3.244974020988762107e-10 1.826346082450791183e-11 2.554038098063044163e+04 8.521918653961901855e+10 3.797277251440358214e+03
1.412537544622657250e+15 2.989067521504777947e-01 1.207623619949142135e+00 -1.331453939423273836e+00 3.360242075082095579e-06 3.991122240088961128e-26 5.637610009304140542e-11 1.298107676753773819e-10 6.905756580151621777e-12 1.074336576560055983e+04 8.521920133663423157e+10 5.251252621634704155e+03
1.584893192461007250e+15 2.894378735652836099e-01 1.239814604082414284e+00 -1.313013510781518622e+00 1.396647949933578619e-06 1.332247201800186606e-26 2.111469520808341387e-11 4.861838242924568066e-11 2.445027827536064359e-12 4.232927606142158766e+03 8.521920784707238770e+10 7.422873588149712305e+03
1.778279410038806500e+15 2.801709106800852611e-01 1.272355466742298491e+00 -1.294658655596879981e+00 5.402974469061524462e-07 4.138381278351020919e-27 7.359198218181694977e-12 1.694518011357351359e-11 8.059387639655913690e-13 1.553222400243566199e+03 8.521921052677760315e+10 1.074564902938195701e+04
1.995262314968744250e+15 2.711040793024659390e-01 1.305252475366579734e+00 -1.276531140176443424e+00 1.932778963762844725e-07 1.188425317225223696e-27 2.371220249614264244e-12 5.459936398967425150e-12 2.458108511520701624e-13 5.275406443847534774e+02 8.521921155245935059e+10 1.596367888195127125e+04
2.238721138568182000e+15 2.622363049848513983e-01 1.338509254290082273e+00 -1.257698235884421090e+00 6.348391886736686806e-08 3.134536767521044803e-28 7.017353721068541726e-13 1.615805407039872194e-12 6.891730600188846083e-14 1.647570678962855197e+02 8.521921191524293518e+10 2.439067967061024319e+04
2.511886431509407500e+15 2.535672411118307656e-01 1.372126240189464941e+00 -1.238348556894109054e+00 1.899999413206118753e-08 7.534591561276391987e-29 1.892603830973545045e-13 4.357881368143107812e-13 1.762746740553410669e-14 4.695736718554700673e+01 8.521921203304263306e+10 3.842406956462051312e+04
2.818382931264265000e+15 2.450955103410754343e-01 1.406107306277711411e+00 -1.219064463592562486e+00 5.137426185827394413e-09 1.635987793354248039e-29 4.610840072546302214e-14 1.061685161722470017e-13 4.078551080870222227e-15 1.211052114319346629e+01 8.521921206788948059e+10 6.258900267903797794e+04
3.162277660168159500e+15 2.368191016990478237e-01 1.440458713266793200e+00 -1.200212542507897995e+00 1.243130310826385240e-09 3.177782293831028448e-30 1.004902995665979088e-14 2.313874657725543751e-14 8.458695121326749717e-16 2.800654263116946208e+00 8.521921207719934082e+10 1.057382721447124204e+05
3.548133892335499000e+15 2.287361670057508345e-01 1.475186048761025104e+00 -1.180853150146676800e+00 2.663969937632253808e-10 5.467431397146621927e-31 1.939917864423515996e-15 4.466825956254432401e-15 1.557301987949311574e-16 5.751533143145155513e-01 8.521921207942485046e+10 1.858698951720335754e+05
3.981071705534692500e+15 2.208460499861123194e-01 1.510289426605040175e+00 -1.160592159376024002e+00 4.999101688869408469e-11 8.240551321515998767e-32 3.280622570409386052e-16 7.553912626364462173e-16 2.517476832265974542e-17 1.037492305935085318e-01 8.521921207989625549e+10 3.412019510106572998e+05
4.466835921509324000e+15 2.131473362781751424e-01 1.545771632784613159e+00 -1.140354580692280129e+00 8.112628109710286186e-12 1.073934951327588141e-32 4.797091217954438282e-17 1.104571072819454128e-16 3.528559074700047729e-18 1.623271667143177596e-02 8.521921207998376465e+10 6.568520138448709622e+05
5.011872336272366000e+15 2.056377935035067495e-01 1.581638941751704719e+00 -1.120562392132197216e+00 1.122657696752106899e-12 1.193057939411150585e-33 5.979454082104858488e-18 1.376820183369704269e-17 4.229263468089997648e-19 2.172760559343744208e-03 8.521921207999783325e+10 1.332227578213053290e+06
5.623413251903077000e+15 1.983149275579581261e-01 1.617898968639792878e+00 -1.100692777246160992e+00 1.304284871965077068e-13 1.112638134745641740e-34 6.256824031501363484e-19 1.440686974442194885e-18 4.270412660552043609e-20 2.451093564826760884e-04 8.521921207999975586e+10 2.860948578181046527e+06
6.309573444801478000e+15 1.911776433968352396e-01 1.654552213042248754e+00 -1.079628647861075930e+00 1.250915285139871786e-14 8.570366255913193438e-36 5.407535534053255270e-20 1.245131071054662145e-19 3.574124566829081790e-21 2.292928603155803446e-05 8.521921207999996948e+10 6.540487276115607470e+06
7.079457843840881000e+15 1.842247639751679877e-01 1.691598723506890334e+00 -1.058434841628525191e+00 9.722056368135778813e-16 5.349292782940152595e-37 3.787009275118707765e-21 8.719911103918524801e-21 2.432991115944769057e-22 1.745365101943048560e-06 8.521921208000000000e+10 1.601842549690460227e+07
7.943282347242237000e+15 1.774539933163552241e-01 1.729043896246784007e+00 -1.037633830875996255e+00 5.996353294412400291e-17 2.648826575289044809e-38 2.104037737639957984e-22 4.844725929786684351e-22 1.318951917204808956e-23 1.058514604990223939e-07 8.521921208000000000e+10 4.232435471540915966e+07
8.912509381336785000e+15 1.708624811476886218e-01 1.766896249839527311e+00 -1.017336633709896798e+00 2.867040382159328301e-18 1.016410297413046728e-39 9.058766310981090253e-24 2.085858026858172291e-23 5.562398408668884840e-25 4.996338302642029777e-09 8.521921208000000000e+10 1.215941373451415151e+08
