# [1] m:            [M_sun/h] 
# [2] sigma 
# [3] ln(1/sigma) 
# [4] n_eff 
# [5] f(sigma) 
# [6] dn/dm:        [h^4/(Mpc^3*M_sun)] 
# [7] dn/dlnm:      [h^3/Mpc^3] 
# [8] dn/dlog10m:   [h^3/Mpc^3] 
# [9] n(>m):        [h^3/Mpc^3] 
# [11] rho(>m):     [M_sun*h^2/Mpc^3] 
# [11] rho(<m):     [M_sun*h^2/Mpc^3] 
# [12] Lbox(N=1):   [Mpc/h]
1.000000000000000000e+07 5.677900747977591145e+00 -1.736581577795427656e+00 -2.516550227174258580e+00 2.306769715923049913e-01 1.583951449939345263e-05 1.583951449939345366e+02 3.647182996656641194e+02 1.655820700036245228e+02 4.511860431272650146e+10 4.010060776727349854e+10 1.821079466277811532e-01
1.122018454301963001e+07 5.625409750143520071e+00 -1.727293789907413446e+00 -2.515342399793555561e+00 2.310818649528080249e-01 1.263534648310647471e-05 1.417709193054487002e+02 3.264396054127879552e+02 1.483031223766632820e+02 4.493585692243803406e+10 4.028335515756196594e+10 1.889223047422610158e-01
1.258925411794166267e+07 5.573274554741221465e+00 -1.717982772534726088e+00 -2.514138023199294913e+00 2.314919497700054507e-01 1.007940903493385801e-05 1.268922416994594755e+02 2.921801841537728706e+02 1.328376276374993381e+02 4.475233084240251160e+10 4.046688123759748840e+10 1.959865628118311609e-01
1.412537544622752629e+07 5.521490856220000687e+00 -1.708647906471802091e+00 -2.512906992283254759e+00 2.319073038276580068e-01 8.041046732758811368e-06 1.135828040808793844e+02 2.615340714970961358e+02 1.189947712462276854e+02 4.456801590394211578e+10 4.065119617605788422e+10 2.033093602833243585e-01
1.584893192461110838e+07 5.470055909013995077e+00 -1.699288837407979980e+00 -2.511612097271144872e+00 2.323279936073472107e-01 6.415827873116136944e-06 1.016840192010401296e+02 2.341361068080353220e+02 1.066030167885994473e+02 4.438288904969783783e+10 4.083632303030216217e+10 2.109001239445779941e-01
1.778279410038919002e+07 5.418966727263430982e+00 -1.689905156550997489e+00 -2.510295397754528146e+00 2.327540882142081491e-01 5.119384716162120936e-06 9.103696432819035067e+01 2.096203569735218082e+02 9.550910519406056665e+01 4.419692797806773376e+10 4.102228410193226624e+10 2.187686438321201632e-01
1.995262314968874678e+07 5.368219294130419428e+00 -1.680496250945689773e+00 -2.508972549403060803e+00 2.331856663502815674e-01 4.085017178701234980e-06 8.150680832663047681e+01 1.876763618304223087e+02 8.557668722396201133e+01 4.401012119384230042e+10 4.120909088615769958e+10 2.269245640901923489e-01
2.238721138568333164e+07 5.317809231067753828e+00 -1.671061419869720677e+00 -2.507638659562521521e+00 2.336228113142200247e-01 3.259758715832268698e-06 7.297690743766064259e+01 1.680355391987637006e+02 7.668388969823239165e+01 4.382245912239087677e+10 4.139675295760912323e+10 2.353776858599285482e-01
2.511886431509571895e+07 5.267733408762847347e+00 -1.661600176822775499e+00 -2.506239823006903400e+00 2.340655969492073107e-01 2.601596321073202597e-06 6.534914499168996826e+01 1.504719670977718238e+02 6.872120204081903694e+01 4.363392082086326599e+10 4.158529125913673401e+10 2.441385818628536986e-01
2.818382931264443323e+07 5.217989229365102233e+00 -1.652112122581532949e+00 -2.504801537836156555e+00 2.345140931129575668e-01 2.076512253160044570e-06 5.852406690867740480e+01 1.347566440453067287e+02 6.159048676224210794e+01 4.344447974138146210e+10 4.177473233861853790e+10 2.532185132429635721e-01
3.162277660168366507e+07 5.168572945331213475e+00 -1.642596624370015412e+00 -2.503349711651649212e+00 2.349683807971057192e-01 1.657472685589157714e-06 5.241388845977860456e+01 1.206874382333388667e+02 5.520438470527599861e+01 4.325411898757146454e+10 4.196509309242853546e+10 2.626286746971113195e-01
3.548133892335738987e+07 5.119480307147827425e+00 -1.633052931389497919e+00 -2.501896268605507956e+00 2.354285470109645506e-01 1.323016259363725562e-06 4.694238829959684978e+01 1.080888435281898268e+02 4.948497766123780650e+01 4.306282876784796906e+10 4.215638331215203094e+10 2.723802037948235832e-01
3.981071705534952879e+07 5.070707733259731675e+00 -1.623480400219906583e+00 -2.500384892548342730e+00 2.358946739604269038e-01 1.056184918360408573e-06 4.204747894297366884e+01 9.681789821207220825e+01 4.436230911773127872e+01 4.287059059678117371e+10 4.234862148321882629e+10 2.824849309109958018e-01
4.466835921509607136e+07 5.022252796606326619e+00 -1.613878597303279205e+00 -2.498815086066697777e+00 2.363668336483810417e-01 8.432780410844341555e-07 3.766784645736204595e+01 8.673342173791043308e+01 3.977352611898173507e+01 4.267737485703723145e+10 4.254183722296276855e+10 2.929557107154651674e-01
5.011872336272694170e+07 4.974112111480661014e+00 -1.604246884628742542e+00 -2.497224789290392710e+00 2.368451079547691518e-01 6.733246896295693737e-07 3.374617385283836768e+01 7.770343685913107379e+01 3.566260465405571267e+01 4.248315893967675018e+10 4.273605314032324982e+10 3.038055105118349641e-01
5.623413251903456450e+07 4.926281646748222443e+00 -1.594584473611638131e+00 -2.495630999701516473e+00 2.373295863204760714e-01 5.376337605520088420e-07 3.023336813758856323e+01 6.961490278461258185e+01 3.197964616296213336e+01 4.228793067155760956e+10 4.293128140844239044e+10 3.150470726488395212e-01
6.309573444801890850e+07 4.878757460707337401e+00 -1.584890568736696315e+00 -2.493993974527421997e+00 2.378203587065871039e-01 4.293297487987738599e-07 2.708887582084210166e+01 6.237444165103786986e+01 2.867991255207088486e+01 4.209167329967643738e+10 4.312753878032356262e+10 3.266936745491472727e-01
7.079457843841329217e+07 4.831537036947662678e+00 -1.575164644152291071e+00 -2.492282848832468201e+00 2.383175013000524145e-01 3.428972762596146440e-07 2.427526812047955929e+01 5.589587050264982082e+01 2.572315474822870485e+01 4.189435615479042053e+10 4.332485592520957947e+10 3.387598432154110828e-01
7.943282347242756188e+07 4.784617424685761122e+00 -1.565406068664774386e+00 -2.490542715304446819e+00 2.388210951820148864e-01 2.738840405292011504e-07 2.175538264327122917e+01 5.009361976677773498e+01 2.307341749149302856e+01 4.169595109867260742e+10 4.352326098132739258e+10 3.512605350879076660e-01
8.912509381337386370e+07 4.737994807000228015e+00 -1.555614009703960132e+00 -2.488788457390606279e+00 2.393312314863447754e-01 2.187692564624693423e-07 1.949783050569962484e+01 4.489541386814851620e+01 2.069869165061988170e+01 4.149644145795214844e+10 4.372277062204785156e+10 3.642104213771447663e-01
9.999999999999918044e+07 4.691665098360338071e+00 -1.545787551082705047e+00 -2.487007148044447113e+00 2.398480055395744159e-01 1.747566412766747649e-07 1.747566412766733279e+01 4.023920371053759482e+01 1.857032621115273940e+01 4.129581074935607910e+10 4.392340133064392090e+10 3.776244934854305346e-01
1.122018454301956147e+08 4.645625477861874408e+00 -1.535926019360189576e+00 -2.485146141448008272e+00 2.403714995194561332e-01 1.396217923244773226e-07 1.566582276107787663e+01 3.607188995914474106e+01 1.666254886941068847e+01 4.109402942454045868e+10 4.412518265545954132e+10 3.915190106908870149e-01
1.258925411794155836e+08 4.599873394363552137e+00 -1.526028780151840403e+00 -2.483238619650345758e+00 2.409017926638231388e-01 1.115620139127116281e-07 1.404482543056458255e+01 3.233940567012169254e+01 1.495226647867903402e+01 4.089106386000009155e+10 4.432814821999990845e+10 4.059111587693400303e-01
1.412537544622738063e+08 4.554405256579073580e+00 -1.516094952830046916e+00 -2.481307318002476947e+00 2.414389765045631964e-01 8.914639107482326277e-08 1.259226243608092233e+01 2.899475577238882096e+01 1.341891244261627847e+01 4.068689115818483734e+10 4.453232092181516266e+10 4.208179214765122578e-01
1.584893192461097836e+08 4.509217050570721419e+00 -1.506123535466178609e+00 -2.479360342419893559e+00 2.419831484500154228e-01 7.123749389617551540e-08 1.129038191240375788e+01 2.599706508571049923e+01 1.204411692116380017e+01 4.048149427667489624e+10 4.473771780332510376e+10 4.362562672109485118e-01
1.778279410038908124e+08 4.464305553986038788e+00 -1.496113671210095086e+00 -2.477336878204255299e+00 2.425343971584264235e-01 5.693528026663473193e-08 1.012468366029511024e+01 2.331294566747591190e+01 1.081136665233414540e+01 4.027484551980954742e+10 4.494436656019045258e+10 4.522443341928072402e-01
1.995262314968858361e+08 4.419668448536364203e+00 -1.486064681632736306e+00 -2.475245501263973580e+00 2.430928001087089840e-01 4.551080639608405503e-08 9.080599692595018979e+00 2.090885348761560536e+01 9.705821673456862086e+00 4.006690657310736847e+10 4.515230550689263153e+10 4.688017570905138598e-01
2.238721138568310440e+08 4.375302455894805931e+00 -1.475975650195973099e+00 -2.473121908664224655e+00 2.436584463897736308e-01 3.638127163895898979e-08 8.144752186613324341e+00 1.875398497102650097e+01 8.714250711990812803e+00 3.985764759810718536e+10 4.536156448189281464e+10 4.859482059803638121e-01
2.511886431509551406e+08 4.331203758367735190e+00 -1.465845507620350707e+00 -2.470983215579895642e+00 2.442314322026876705e-01 2.908420999463829634e-08 7.305623245670641808e+00 1.682181918051199787e+01 7.824855608202353707e+00 3.964704899325752258e+10 4.557216308674247742e+10 5.037030213798923128e-01
2.818382931264426112e+08 4.287368776435584117e+00 -1.455673205944518767e+00 -2.468780066576241161e+00 2.448118510063085340e-01 2.325375351670710299e-08 6.553798199931741841e+00 1.509067803765404037e+01 7.027043177748206304e+00 3.943508447136911011e+10 4.578412760863088989e+10 5.220864950063744958e-01
3.162277660168340802e+08 4.243795206021507838e+00 -1.445457964644335069e+00 -2.466489122950556556e+00 2.453997789589710821e-01 1.859532227098745123e-08 5.880357220117443440e+00 1.354002287652233250e+01 6.311275654893799825e+00 3.922171291821129608e+10 4.599749916178870392e+10 5.411208693436191375e-01
3.548133892335702181e+08 4.200480173076392987e+00 -1.435198845677448709e+00 -2.464156857633553521e+00 2.459952987303472283e-01 1.487136210446345756e-08 5.276558390804358289e+00 1.214972469297876678e+01 5.669031965656275318e+00 3.900689751364554596e+10 4.621231456635445404e+10 5.608288736775800531e-01
3.981071705534920692e+08 4.157420088220674437e+00 -1.424894710786730023e+00 -2.461799081137826750e+00 2.465985020789010218e-01 1.189381374411237641e-08 4.735012536758813617e+00 1.090276928228076692e+01 5.092719616274789196e+00 3.879061362297712708e+10 4.642859845702287292e+10 5.812327512007411379e-01
4.466835921509580016e+08 4.114611200439085792e+00 -1.414544346175292899e+00 -2.459392892679898246e+00 2.472094826055530603e-01 9.513342681040010147e-09 4.249454082129977550e+00 9.784729622875182997e+00 4.575532143645892447e+00 3.857283490281867218e+10 4.664637717718132782e+10 6.023553838872818256e-01
5.011872336272653341e+08 4.072051015018637088e+00 -1.404146807415970866e+00 -2.456887986117341605e+00 2.478283149488529347e-01 7.610734954317370118e-09 3.814403197624654407e+00 8.782987941519351693e+00 4.111339204536030856e+00 3.835351991267958832e+10 4.686569216732041168e+10 6.242217498961539768e-01
5.623413251903399229e+08 4.029737091980389430e+00 -1.393701136108531191e+00 -2.454325158166575704e+00 2.484550707960650195e-01 6.089309664730966116e-09 3.424270466359156107e+00 7.884674130218362720e+00 3.694647652742589994e+00 3.813262492446777344e+10 4.708658715553222656e+10 6.468580554568731378e-01
6.309573444801839590e+08 3.987666081278217423e+00 -1.383206117720901851e+00 -2.451724537077194288e+00 2.490898331910873509e-01 4.872379150857058189e-09 3.074263410325383195e+00 7.078753100552265032e+00 3.320561971973325921e+00 3.791011819052686310e+10 4.730909388947313690e+10 6.702900974148524593e-01
7.079457843841286898e+08 3.945834293257818981e+00 -1.372660413119534129e+00 -2.449088544926806499e+00 2.497326886316832695e-01 3.898912238390868372e-09 2.760218482852502042e+00 6.355637932022812464e+00 2.984702196158950382e+00 3.768597223203679657e+10 4.753323984796320343e+10 6.945438417602777248e-01
7.943282347242691517e+08 3.904238939609842252e+00 -1.362062870471475007e+00 -2.446353218449344613e+00 2.503837076213861756e-01 3.120506631085797486e-09 2.478706523715757726e+00 5.707432691414996206e+00 2.683125430573006565e+00 3.746014668164613342e+10 4.775906539835386658e+10 7.196472577427367456e-01
8.912509381337294579e+08 3.862877917635320291e+00 -1.351412480191054977e+00 -2.443536538233947120e+00 2.510429464814220579e-01 2.497876377256871874e-09 2.226234664572268596e+00 5.126094752150705425e+00 2.412287244483865223e+00 3.723259138936123657e+10 4.798662069063876343e+10 7.456304920113110413e-01
9.999999999999836683e+08 3.821748210251443290e+00 -1.340707964592870338e+00 -2.440672090010719053e+00 2.517104721236928522e-01 1.999650237864093566e-09 1.999650237864060820e+00 4.604364828907784535e+00 2.169025754957404128e+00 3.700326634971812439e+10 4.821594573028187561e+10 7.725236143316169812e-01
1.122018454301946878e+09 3.780846363679300826e+00 -1.329947890303613045e+00 -2.437776290488367081e+00 2.523863549519462790e-01 1.600889262860065530e-09 1.796227296222833836e+00 4.135966195911697341e+00 1.950517479336917992e+00 3.677214146904088593e+10 4.844707061095911407e+10 8.003563306812644385e-01
1.258925411794145584e+09 3.740169322863294621e+00 -1.319130883894486406e+00 -2.434790255507943701e+00 2.530706548365713182e-01 1.281851434216405557e-09 1.613755344679804526e+00 3.715809000399186157e+00 1.754223099429146782e+00 3.653917754968694305e+10 4.868003453031305695e+10 8.291600928752130839e-01
1.412537544622726679e+09 3.699715167895430312e+00 -1.308255835037055892e+00 -2.431699739634265445e+00 2.537634072530279838e-01 1.026580749330267858e-09 1.450083851015935510e+00 3.338941458940692275e+00 1.577854337945650665e+00 3.630431988603627014e+10 4.891489219396372986e+10 8.589694089347287287e-01
1.584893192461085081e+09 3.659481341511337416e+00 -1.297321427401888494e+00 -2.428551684105720199e+00 2.544646521075096812e-01 8.222250121377172518e-10 1.303138824408301089e+00 3.000588031184339588e+00 1.419366100692525556e+00 3.606752009318488312e+10 4.915169198681511688e+10 8.898193734852523074e-01
1.778279410038893700e+09 3.619464720399292457e+00 -1.286326147611220438e+00 -2.425364292075170791e+00 2.551744327545131252e-01 6.585913642081885740e-10 1.171159462600847689e+00 2.696694320103629749e+00 1.276934041910327000e+00 3.582874290496955109e+10 4.939046917503044891e+10 9.217444082824504115e-01
1.995262314968842030e+09 3.579662160763130263e+00 -1.275268427457702858e+00 -2.422103082342701441e+00 2.558927862149526500e-01 5.275877281588582443e-10 1.052675911835395661e+00 2.423875862346096532e+00 1.148919787349084398e+00 3.558794930124678040e+10 4.963126277875321960e+10 9.547802574731849568e-01
2.238721138568292141e+09 3.540071767837225103e+00 -1.264147000340526628e+00 -2.418721628947059887e+00 2.566197189120930089e-01 4.227274525836080267e-10 9.463688839520486562e-01 2.179094884661399334e+00 1.033845518673897512e+00 3.534508295260829926e+10 4.987412912739170074e+10 9.889662027627824648e-01
2.511886431509531021e+09 3.500691551209095476e+00 -1.252960535037555001e+00 -2.415268783975238698e+00 2.573552291591119645e-01 3.387470645802517464e-10 8.508941552328171953e-01 1.959256197554846590e+00 9.303867416184918859e-01 3.510008758161513519e+10 5.011912449838486481e+10 1.024343216365345643e+00
2.818382931264402866e+09 3.461518772840360914e+00 -1.241707444446489284e+00 -2.411763404868371818e+00 2.580993188309302355e-01 2.714720744652658195e-10 7.651122609878441283e-01 1.761736086617579744e+00 8.373619345141816162e-01 3.485292068225502014e+10 5.036629139774497986e+10 1.060951656384863329e+00
3.162277660168314457e+09 3.422550468348151131e+00 -1.230386024119415111e+00 -2.408200845559352654e+00 2.588519833595688269e-01 2.175765576511156161e-10 6.880374876364462322e-01 1.584264862452756217e+00 7.537119107874236112e-01 3.460354237479903412e+10 5.061566970520096588e+10 1.098832612667486108e+00
3.548133892335673332e+09 3.383784694070141263e+00 -1.218994815036076318e+00 -2.404515159027930782e+00 2.596131862780177713e-01 1.744149556117854106e-10 6.188476153363978716e-01 1.424949293908503334e+00 6.784815568783924000e-01 3.435189746812652206e+10 5.086731461187347412e+10 1.138030716992907365e+00
3.981071705534887791e+09 3.345220031612437417e+00 -1.207532470673165381e+00 -2.400735314111417829e+00 2.603828663070119065e-01 1.398354722370723696e-10 5.566950419531181415e-01 1.281837704944944756e+00 6.108118819070564864e-01 3.409792250055600739e+10 5.112128957944399261e+10 1.178593860507025193e+00
4.466835921509543419e+09 3.306854253034638091e+00 -1.195997360767978801e+00 -2.396893609163798011e+00 2.611609624379566674e-01 1.121213853086122083e-10 5.008278314659213581e-01 1.153198698889964957e+00 5.499359718111840323e-01 3.384156657077891159e+10 5.137764550922108459e+10 1.220569810474603667e+00
5.011872336272612572e+09 3.268684820368875865e+00 -1.184387708400967743e+00 -2.393005622236410446e+00 2.619474033939253044e-01 8.990524530729207021e-11 4.505936118414202718e-01 1.037530133624399609e+00 4.951677509983251069e-01 3.358278862208888626e+10 5.163642345791111755e+10 1.264006233955635716e+00
5.623413251903352737e+09 3.230709787137514777e+00 -1.172701861433223192e+00 -2.389003256490064953e+00 2.627420875172309933e-01 7.210324420517384069e-11 4.054663389685981834e-01 9.336207478199649579e-01 4.458889789622161870e-01 3.332153602558128738e+10 5.189767605441871643e+10 1.308954108686775752e+00
6.309573444801788330e+09 3.192928239600755891e+00 -1.160938439192827243e+00 -2.384883949870414632e+00 2.635448706265152707e-01 5.783595234547839358e-11 3.649201890738521525e-01 8.402597874940206379e-01 4.015419655793667220e-01 3.305774062239504242e+10 5.216147145760495758e+10 1.355469302427963152e+00
7.079457843841228485e+09 3.155338639935296730e+00 -1.149095824602604399e+00 -2.380695752303505941e+00 2.643555984730036612e-01 4.639581789129030727e-11 3.284572368919243535e-01 7.563007373533590094e-01 3.616279524581824112e-01 3.279134362166338730e+10 5.242786845833660889e+10 1.403608541923378361e+00
7.943282347242626190e+09 3.117939049880384506e+00 -1.137172222619117656e+00 -2.376460770003620215e+00 2.651741007637629655e-01 3.722040986591939870e-11 2.956522246450928315e-01 6.807644051783175998e-01 3.257013238948906486e-01 3.252230104492230988e+10 5.269691103507769012e+10 1.453427897960591242e+00
8.912509381337221146e+09 3.080727701529692997e+00 -1.125165835809314396e+00 -2.372132164722160041e+00 2.660001768076857287e-01 2.986320563454144984e-11 2.661561003746532594e-01 6.128470691321036279e-01 2.933610370371302345e-01 3.225056331654108810e+10 5.296864876345890808e+10 1.504986217067585841e+00
9.999999999999753952e+09 3.043704088805120112e+00 -1.113075223974876904e+00 -2.367670236376776316e+00 2.668335680913126451e-01 2.396460925424422856e-11 2.396460925424363786e-01 5.518055202824856398e-01 2.642447223017656555e-01 3.197606180514634705e+10 5.324315027485365295e+10 1.558348399674931439e+00
1.122018454301937675e+10 3.006867530002778732e+00 -1.100898849162622373e+00 -2.363132621183107851e+00 2.676739867552654362e-01 1.923275218824651643e-11 2.157950288222856561e-01 4.968864165084154183e-01 2.380274238819932442e-01 3.169873149282212830e+10 5.352048058717787170e+10 1.613581853868498506e+00
1.258925411794135284e+10 2.970216785830464001e+00 -1.088634942012941087e+00 -2.358539932925511007e+00 2.685211219662280713e-01 1.543598481182019060e-11 1.943275353566875085e-01 4.474556860705820593e-01 2.144188713175184113e-01 3.141852422710702133e+10 5.380068785289297485e+10 1.670753314897698738e+00
1.412537544622714996e+10 2.933750534996565573e+00 -1.076281650542369128e+00 -2.353879430416150775e+00 2.693746265154565722e-01 1.238957807237818310e-11 1.750074418926850783e-01 4.029695268651183326e-01 1.931582409941259848e-01 3.113539349713655472e+10 5.408381858286344910e+10 1.729931550421036635e+00
1.584893192461071968e+10 2.897468600713440701e+00 -1.063837459490892146e+00 -2.349084562968152490e+00 2.702340844146656762e-01 9.946057389230613138e-12 1.576343864801874051e-01 3.629665884525417052e-01 1.740098381111845616e-01 3.084927528184528351e+10 5.436993679815471649e+10 1.791191689800542886e+00
1.778279410038879013e+10 2.861371209752959111e+00 -1.051300953904790170e+00 -2.344198131045772016e+00 2.710990236399027364e-01 7.985219664487037257e-12 1.419995171399486278e-01 3.269659713787982369e-01 1.567615241154011463e-01 3.056010024939140320e+10 5.465911183060859680e+10 1.854613887879153156e+00
1.995262314968825912e+10 2.825457906422367937e+00 -1.038670442232094704e+00 -2.339252573105730537e+00 2.719689383239136116e-01 6.411225472460533052e-12 1.279207657796870845e-01 2.945484483686903743e-01 1.412236636217139851e-01 3.026781568097918701e+10 5.495139639902081299e+10 1.920278305260507024e+00
2.238721138568273544e+10 2.789728039088204437e+00 -1.025944114052762535e+00 -2.334262196304972115e+00 2.728432736489524446e-01 5.147575612760067983e-12 1.152398633666449762e-01 2.653495915067073385e-01 1.272262126248291103e-01 2.997237939133441162e+10 5.524683268866558838e+10 1.988265913119697359e+00
2.511886431509510422e+10 2.754181720094349917e+00 -1.013120382187109092e+00 -2.329150235953750148e+00 2.737213978799929448e-01 4.133522297658422591e-12 1.038293857383020685e-01 2.390759958157429310e-01 1.146155729417679126e-01 2.967373551893298340e+10 5.554547656106701660e+10 2.058663937031786961e+00
2.818382931264379883e+10 2.718819969356173871e+00 -1.000197951378840155e+00 -2.323927944852839822e+00 2.746025932398214464e-01 3.319585687517589229e-12 9.355863640569105077e-02 2.154267215085942655e-01 1.032530050086595264e-01 2.937181383272616959e+10 5.584739824727383423e+10 2.131567549509659543e+00
3.162277660168288803e+10 2.683643184281187644e+00 -9.871752684988646109e-01 -2.318645717949016305e+00 2.754860886718992763e-01 2.665992521015311729e-12 8.430608591382457440e-02 1.941219366738477781e-01 9.301428855409851759e-02 2.906655821809357452e+10 5.615265386190642548e+10 2.207073402685913788e+00
3.548133892335644531e+10 2.648651449422512627e+00 -9.740506234608187208e-01 -2.313329578074905246e+00 2.763710473715035310e-01 2.141051674783892004e-12 7.596738012542721130e-02 1.749213570306208387e-01 8.378820621148684589e-02 2.875793025332707596e+10 5.646128182667292786e+10 2.285277983877416652e+00
3.981071705534854889e+10 2.613845143193548548e+00 -9.608223721287351138e-01 -2.307917959249551121e+00 2.772565459013208722e-01 1.719592935080772192e-12 6.845822778887697413e-02 1.576308947994588538e-01 7.547439991573488827e-02 2.844588418068258667e+10 5.677332789931741333e+10 2.366283509149411657e+00
4.466835921509506989e+10 2.579225813408797752e+00 -9.474892815806468249e-01 -2.302379321482272978e+00 2.781415454922269159e-01 1.381247397762004197e-12 6.169805492814850467e-02 1.420650215442825770e-01 6.798200200714138441e-02 2.813035392152551651e+10 5.708885815847448730e+10 2.450202714472536680e+00
5.011872336272570801e+10 2.544794670434672224e+00 -9.340499671542635829e-01 -2.296778839495748237e+00 2.790249238466475101e-01 1.109484381450527421e-12 5.560594078918382893e-02 1.280374103430842458e-01 6.122944120995724160e-02 2.781128184744289017e+10 5.740793023255711365e+10 2.537152476391888900e+00
5.623413251903306580e+10 2.510552411211538715e+00 -9.205028130767526351e-01 -2.291140540696054995e+00 2.799054732327720396e-01 8.911643278120671191e-13 5.011385290641880846e-02 1.153914106548162843e-01 5.514372068500975055e-02 2.748863166175824356e+10 5.773058041824176025e+10 2.627249459937011089e+00
6.309573444801736450e+10 2.476499651834142668e+00 -9.068461324582766103e-01 -2.285437710880715123e+00 2.807818823271736042e-01 7.158061706522546592e-13 4.516431605972685837e-02 1.039946808943986445e-01 4.965906839627939884e-02 2.716236774555723572e+10 5.805684433444276428e+10 2.720615349728777943e+00
7.079457843841171265e+10 2.442638094176127872e+00 -8.930786413820833713e-01 -2.279601117877980254e+00 2.816526985350742418e-01 5.750071048719851926e-13 4.070738558850378608e-02 9.373221923084947005e-02 4.471589589314821367e-02 2.683243390265063477e+10 5.838677817734936523e+10 2.817383852797682664e+00
7.943282347242561340e+10 2.408969557889466984e+00 -8.791990867282591937e-01 -2.273687113431928086e+00 2.825163450300991475e-01 4.619059885322635501e-13 3.669049684793954103e-02 8.448299109661061568e-02 4.026051563496173269e-02 2.649877251603202820e+10 5.872043956396797180e+10 2.917697225476768352e+00
8.912509381337149048e+10 2.375495118041100362e+00 -8.652058865137439714e-01 -2.267726202384666045e+00 2.833711345993290553e-01 3.710354175113261972e-13 3.306856639378040474e-02 7.614318802500263939e-02 3.624486115692141658e-02 2.616134773367760086e+10 5.905786434632240295e+10 3.021698900269114141e+00
9.999999999999673462e+10 2.342215557349310195e+00 -8.510973007989178774e-01 -2.261725081120246728e+00 2.842152488979431957e-01 2.980243530731487054e-13 2.980243530731389867e-02 6.862264327354040960e-02 3.262571537445785319e-02 2.582013440609431839e+10 5.939907767390568542e+10 3.129536244248509735e+00
1.122018454301928558e+11 2.309132380806746987e+00 -8.368718612567362936e-01 -2.255593631012833722e+00 2.850467032072726004e-01 2.393935068487477568e-13 2.686039325243501016e-02 6.184834109501471250e-02 2.936394076524399127e-02 2.547509034771905899e+10 5.974412173228094482e+10 3.241369591778030745e+00
1.258925411794125061e+11 2.276247679121141676e+00 -8.225283324528530615e-01 -2.249355331468927410e+00 2.858633407667529047e-01 1.922999331591770393e-13 2.420912725403996657e-02 5.574357552954830458e-02 2.642414284962992660e-02 2.512616038808160782e+10 6.009305169191839600e+10 3.357373801340286068e+00
1.412537544622703552e+11 2.243562744822543920e+00 -8.080651134252787582e-01 -2.243059948819849936e+00 2.866628572471684455e-01 1.544611182264832213e-13 2.181821286793137263e-02 5.023829170546964540e-02 2.377459616875448808e-02 2.477330919560636902e+10 6.044590288439363098e+10 3.477728040818146571e+00
1.584893192461058960e+11 2.211078448613517544e+00 -7.934803823012841484e-01 -2.236733014820138532e+00 2.874427795262096130e-01 1.240549635370938979e-13 1.966138672009450084e-02 4.527201596928069616e-02 2.138683847688574099e-02 2.441652223778041077e+10 6.080268984221958923e+10 3.602614590057671151e+00
1.778279410038864746e+11 2.178795927834801915e+00 -7.787723975311442448e-01 -2.230290746707652261e+00 2.882004370380903957e-01 9.963400928884083176e-14 1.771771072579666345e-02 4.079653659920011444e-02 1.923512466267373114e-02 2.405577486039552307e+10 6.116343721960447693e+10 3.732229416587268478e+00
1.995262314968809509e+11 2.146717261585059600e+00 -7.639398202317697617e-01 -2.223709109537081563e+00 2.889329350843165001e-01 8.002170550991678468e-14 1.596642933834688943e-02 3.676406218282033539e-02 1.729610969312322943e-02 2.369102088826100922e+10 6.152819119173899078e+10 3.866789432270590687e+00
2.238721138568255310e+11 2.114843960116497001e+00 -7.489810320538347055e-01 -2.217058612600819600e+00 2.896371785906823870e-01 6.426430623552747725e-14 1.438698608248990991e-02 3.312725968665407306e-02 1.554882664638637495e-02 2.332222927740625000e+10 6.189698280259375000e+10 4.006521332425605486e+00
2.511886431509489746e+11 2.083176989530723500e+00 -7.338941272389289949e-01 -2.210367488129703073e+00 2.903098568088078868e-01 5.160277620300152208e-14 1.296203133725403085e-02 2.984618013208280990e-02 1.397449065091795929e-02 2.294939699883245468e+10 6.226981508116754150e+10 4.151655772193639571e+00
2.818382931264356689e+11 2.051717232694418414e+00 -7.186771169819361482e-01 -2.203587700070419597e+00 2.909474181192500675e-01 4.143227021501519880e-14 1.167720031775314367e-02 2.688774737956372424e-02 1.255614246312680184e-02 2.257252154088026428e+10 6.264669053911973572e+10 4.302437680943206111e+00
3.162277660168262939e+11 2.020466613262339894e+00 -7.033284814020165365e-01 -2.196646877119079022e+00 2.915460342362899970e-01 3.326594680041807488e-14 1.051961604113079915e-02 2.422231108032881983e-02 1.127839100162949387e-02 2.219157743717606354e+10 6.302763464282393646e+10 4.459138391448613348e+00
3.548133892335615234e+11 1.989426963980474472e+00 -6.878466394698368180e-01 -2.189618851929832744e+00 2.921016115512145572e-01 2.670604316272175294e-14 9.475661687583087495e-03 2.181851734808362003e-02 1.012737029091918817e-02 2.180654570195051956e+10 6.341266637804948425e+10 4.622047845687826673e+00
3.981071705534822998e+11 1.958599407362558775e+00 -6.722296297223396833e-01 -2.182534719285749603e+00 2.926097863390169085e-01 2.143603352248072686e-14 8.533838653524397980e-03 1.964988966962166045e-02 9.090660115476561012e-03 2.141743910029087067e+10 6.380177297970912933e+10 4.791463599208587887e+00
4.466835921509470215e+11 1.927984798958317869e+00 -6.564753117995533183e-01 -2.175390861059331549e+00 2.930658984327143002e-01 1.720282193516123942e-14 7.684218297130927973e-03 1.769356650228576591e-02 8.157073711178878736e-03 2.102428440475927734e+10 6.419492767524072266e+10 4.967698210214714472e+00
5.011872336272529907e+11 1.897584814453223245e+00 -6.405819272877857351e-01 -2.168083013186024033e+00 2.934649599215097271e-01 1.380455812386078779e-14 6.918668297544409464e-03 1.593082248529625183e-02 7.316463986489331675e-03 2.062709063740890121e+10 6.459212144259109497e+10 5.151095325160286897e+00
5.623413251903260498e+11 1.867401558061633660e+00 -6.245479234154359682e-01 -2.160653874420851661e+00 2.938016513510052774e-01 1.107596530421783658e-14 6.228473006935930992e-03 1.434158909788647504e-02 6.559653696909766366e-03 2.022586081067257690e+10 6.499335126932742310e+10 5.342030491264124770e+00
6.309573444801684570e+11 1.837436332952338880e+00 -6.083713027711524779e-01 -2.153156423124531038e+00 2.940703217081055421e-01 8.884656845845511441e-15 5.605839490072233276e-03 1.290792244355766852e-02 5.878415908373665899e-03 1.982063039351298523e+10 6.539858168648701477e+10 5.540894698080791159e+00
7.079457843841113281e+11 1.807690058843532288e+00 -5.920498196437993244e-01 -2.145617597101035834e+00 2.942649628741741963e-01 7.124872782379728727e-15 5.044023650558822867e-03 1.161429366648615395e-02 5.265360505622572636e-03 1.941146442582471085e+10 6.580774765417529297e+10 5.748095339009593019e+00
7.943282347242496338e+11 1.778164056524891290e+00 -5.755814030965427097e-01 -2.137927307122040155e+00 2.943791877787730882e-01 5.712645246505154018e-15 4.537715414262314881e-03 1.044847586912970791e-02 4.713791267232178388e-03 1.899841918501289749e+10 6.622079289498710632e+10 5.964076665868679683e+00
8.912509381337076416e+11 1.748860496189701630e+00 -5.589644308139672946e-01 -2.130076097392648471e+00 2.944062219075465614e-01 4.579462553316829576e-15 4.081450296791808499e-03 9.397886611188942599e-03 4.217632205224214163e-03 1.858153431872837067e+10 6.663767776127162933e+10 6.189331798999434753e+00
9.999999999999591064e+11 1.719780888552549847e+00 -5.421968923340939606e-01 -2.122143729161189096e+00 2.943388986119981343e-01 3.669926279569541419e-15 3.669926279569391513e-03 8.450317543723580641e-03 3.771427101351402904e-03 1.816087949866788101e+10 6.705833258133212280e+10 6.424383048297783283e+00
1.122018454301919434e+12 1.690926249756006028e+00 -5.252764555744623420e-01 -2.114167429106951879e+00 2.941696391469927341e-01 2.939921650487112491e-15 3.298646346048297786e-03 7.595413903470089184e-03 3.370283815171563023e-03 1.773656669588093185e+10 6.748264538411906433e+10 6.669774869576651888e+00
1.258925411794114746e+12 1.662297603321219341e+00 -5.082007437734927802e-01 -2.106070294898441553e+00 2.938904392950362210e-01 2.354372038021253316e-15 2.963978787482455472e-03 6.824813372007669347e-03 3.009778133284620599e-03 1.730871355706774521e+10 6.791049852293225098e+10 6.926095983180665883e+00
1.412537544622691895e+12 1.633897012315497665e+00 -4.909679664927740772e-01 -2.097778818425379832e+00 2.934928773726556694e-01 1.884937041658302727e-15 2.662544340592379582e-03 6.130734908083674758e-03 2.685889426282338319e-03 1.687741795160349846e+10 6.834179412839649963e+10 7.194003147600663617e+00
1.584893192461046143e+12 1.605726275882168874e+00 -4.735761625687566201e-01 -2.089389579554077336e+00 2.929681053852503103e-01 1.508478839492978804e-15 2.390777843683960981e-03 5.504969423527138021e-03 2.394996817992069409e-03 1.644280090665721321e+10 6.877641117334278870e+10 7.474205247664594154e+00
1.778279410038850098e+12 1.577786517977278979e+00 -4.560229268187165896e-01 -2.080937708464377423e+00 2.923068321737562481e-01 1.206619051409793681e-15 2.145705814882644790e-03 4.940670223299420058e-03 2.133855826821406520e-03 1.600503388930872154e+10 6.921417819069128418e+10 7.767447185308262725e+00
1.995262314968793213e+12 1.550078614652435460e+00 -4.383056487755871422e-01 -2.072402498683441507e+00 2.914993217625161392e-01 9.646802401283092961e-16 1.924790129123061643e-03 4.431993058460846797e-03 1.899539244777401041e-03 1.556431186781783295e+10 6.965490021218215942e+10 8.074529827005278548e+00
2.238721138568236816e+12 1.522604345321749930e+00 -4.204222537685705641e-01 -2.063660272901824744e+00 2.905354351829744219e-01 7.709368817373864982e-16 1.725912693647368079e-03 3.974060840201629370e-03 1.689387897310840091e-03 1.512081679935118866e+10 7.009839528064880371e+10 8.396343685313853555e+00
2.511886431509469238e+12 1.495365748316112908e+00 -4.023708246243660747e-01 -2.054781232514899525e+00 2.894046412144757885e-01 6.157778909228892650e-16 1.546764129032723476e-03 3.561556025888667956e-03 1.500997475658583493e-03 1.467474084271603584e+10 7.054447123728396606e+10 8.733869115921189419e+00
2.818382931264333984e+12 1.468364049829201656e+00 -3.841488897946682690e-01 -2.045823342253474841e+00 2.880959902232145264e-01 4.915325309797302976e-16 1.385326895474429292e-03 3.189833058443141810e-03 1.332212748550288964e-03 1.422633096016630363e+10 7.099288111983369446e+10 9.088149688310771523e+00
3.162277660168236816e+12 1.441600109623113468e+00 -3.657536839146037777e-01 -2.036813197005148623e+00 2.865981385840142837e-01 3.920759044747159142e-16 1.239852873810649760e-03 2.854866744742229866e-03 1.181095253470655334e-03 1.377587965078744507e+10 7.144333242921255493e+10 9.460302538473726486e+00
3.548133892335586426e+12 1.415075326890178342e+00 -3.471827642296552718e-01 -2.027604615284055001e+00 2.848994285304846108e-01 3.125508836494276884e-16 1.108972383355970835e-03 2.553503278457536912e-03 1.045886002890661663e-03 1.332367832938392639e+10 7.189553375061607361e+10 9.851564755991025990e+00
3.981071705534790039e+12 1.388791842940236831e+00 -3.284341914477689195e-01 -2.018209338461781410e+00 2.829879687123763032e-01 2.489849706657879026e-16 9.912270218209778740e-04 2.282384564217867454e-03 9.249888068237771283e-04 1.287001562597787094e+10 7.234919645402212524e+10 1.026331931175212908e+01
4.466835921509433594e+12 1.362751046191948090e+00 -3.095054846683962801e-01 -2.008720913128554830e+00 2.808515948201785739e-01 1.981796706718633746e-16 8.852360718699888754e-04 2.038331382868442242e-03 8.169709081466198413e-04 1.241523491471052551e+10 7.280397716528947449e+10 1.069706092639873951e+01
5.011872336272489258e+12 1.336953847656481731e+00 -2.903937781945177821e-01 -1.999188199087267970e+00 2.784779297215289606e-01 1.575902931343421685e-16 7.898224306250819539e-04 1.818633354869637637e-03 7.205467897031682780e-04 1.195974366365976906e+10 7.325946841634022522e+10 1.115439288846256360e+01
5.623413251903214844e+12 1.311401266507896457e+00 -2.710962346147183788e-01 -1.989491417212964297e+00 2.758545017275070288e-01 1.252005816077047245e-16 7.040546097587566891e-04 1.621145649084253411e-03 6.345523146043213596e-04 1.150396541047429085e+10 7.371524666952571106e+10 1.163708453421292432e+01
6.309573444801632812e+12 1.286095351314836988e+00 -2.516107687237237323e-01 -1.979558570845339371e+00 2.729689545627759228e-01 9.937739375842273003e-17 6.270289646717395853e-04 1.443787546928637774e-03 5.579289847039993998e-04 1.104831402316524696e+10 7.417089805683474731e+10 1.214713035454280465e+01
7.079457843841054688e+12 1.261037717329982710e+00 -2.319349671857318385e-01 -1.969516194940995835e+00 2.698090284687795770e-01 7.879232450644972425e-17 5.578069397616552049e-04 1.284397944263814982e-03 4.897243474241883519e-04 1.059325090648604774e+10 7.462596117351394653e+10 1.268672232671064570e+01
7.943282347242431641e+12 1.236229332467321695e+00 -2.120658858917398026e-01 -1.959411712572997288e+00 2.663626372554218080e-01 6.239337863940930345e-17 4.956082231312329209e-04 1.141180106547243786e-03 4.290848961539121321e-04 1.013931198407373047e+10 7.507990009592626953e+10 1.325823128351519742e+01
8.912509381337003906e+12 1.211670953006630302e+00 -1.920003598681697399e-01 -1.949194155697850928e+00 2.626180464222065414e-01 4.934388160590073735e-17 4.397778077241727311e-04 1.012625824295281841e-03 3.752397478828492137e-04 9.687068160219312668e+09 7.553214391978068542e+10 1.386427151222719267e+01
9.999999999999509766e+12 1.187364335368494617e+00 -1.717360065001126979e-01 -1.938713675582305562e+00 2.585642390317788308e-01 3.897510477015454750e-17 3.897510477015263524e-04 8.974349524163458902e-04 3.274882284650587399e-04 9.237083493144844055e+09 7.598212858685516357e+10 1.450779583949800866e+01
1.122018454301910156e+13 1.163311320472056209e+00 -1.512705251368742509e-01 -1.928082679461801785e+00 2.541910106141346271e-01 3.074027443838777292e-17 3.449115521017636580e-04 7.941881982709602305e-04 2.851976496978762821e-04 8.789951301378570557e+09 7.642926077862142944e+10 1.519210730562324940e+01
1.258925411794104297e+13 1.139512914658136866e+00 -1.306009032577506446e-01 -1.917368336701742004e+00 2.494890093429323052e-01 2.420574240314280355e-17 3.047322422265856816e-04 7.016719183055869112e-04 2.478011467834627933e-04 8.346339695542066574e+09 7.687287238445793152e+10 1.592082478175827553e+01
1.412537544622680273e+13 1.115969751933838294e+00 -1.097237595898621215e-01 -1.906591035569184855e+00 2.444500157921598027e-01 1.902650256246015985e-17 2.687564921233460752e-04 6.188346924085884370e-04 2.147884815156085451e-04 7.906969734132224083e+09 7.731224234586778259e+10 1.669794414907373081e+01
1.584893192461033008e+13 1.092683150683759985e+00 -8.863627758344463925e-02 -1.895553040075119045e+00 2.390674294680087408e-01 1.492971578149136239e-17 2.366200490746371164e-04 5.448377977027789960e-04 1.856966692628244731e-04 7.472560495753037453e+09 7.774665158424696350e+10 1.752798375158255695e+01
1.778279410038835547e+13 1.069655050895538473e+00 -6.733621415683858913e-02 -1.884299753622015627e+00 2.333366013345182788e-01 1.169274991141679948e-17 2.079297641420591253e-04 4.787759753032732246e-04 1.601063249376732597e-04 7.043833701883622169e+09 7.817537837811637878e+10 1.841607904553521280e+01
1.995262314968776953e+13 1.046886539055402965e+00 -4.582055835182862608e-02 -1.872946808604439184e+00 2.272547970930042516e-01 9.137843938835337792e-18 1.823239565122400417e-04 4.198164243607786067e-04 1.376415149460720629e-04 6.621573364474855423e+09 7.859763871552514648e+10 1.936794390780556796e+01
2.238721138568218750e+13 1.024378217511746403e+00 -2.408581146208855009e-02 -1.861558836631590275e+00 2.208215612117388205e-01 7.124236540181231962e-18 1.594917893866383530e-04 3.672434166966194371e-04 1.179650189196371917e-04 6.206623491802171707e+09 7.901258858819783020e+10 2.038992301785690842e+01
2.511886431509448438e+13 1.002130918397017068e+00 -2.128651210631158416e-03 -1.849948359728847525e+00 2.140392424225083801e-01 5.541113052972965369e-18 1.391864669322268706e-04 3.204886839046543288e-04 1.007717164046054262e-04 5.799826797674383163e+09 7.941938528232562256e+10 2.148920990574170631e+01
2.818382931264310938e+13 9.801464887387175695e-01 2.005324018347429821e-02 -1.838051122357082345e+00 2.069136354104230691e-01 4.298950020850054940e-18 1.211608736112214889e-04 2.789832214313342691e-04 8.578491877120578038e-05 5.401998616188478470e+09 7.981721346381152344e+10 2.267408055354286489e+01
3.162277660168211328e+13 9.584261646987031202e-01 4.246275159846026048e-02 -1.826037387333925288e+00 1.994538673818782304e-01 3.325699398114916117e-18 1.051678491109366508e-04 2.421579216250898628e-04 7.275639019479523603e-05 5.013985582393732071e+09 8.020522649760626221e+10 2.395390294230221784e+01
3.548133892335557031e+13 9.369705373237673385e-01 6.510344086265716645e-02 -1.813979761978739891e+00 1.916726835212363422e-01 2.564711901606315903e-18 9.099941222165745770e-05 2.095338900528086645e-04 6.146409490284782096e-05 4.636679361724466324e+09 8.058253271827552795e+10 2.533919632661524091e+01
3.981071705534757812e+13 9.157800321261476695e-01 8.797908274641302873e-02 -1.801770937089204105e+00 1.835869140180734771e-01 1.971368600457030650e-18 7.848159756459139257e-05 1.807105566265859655e-04 5.170798373586300400e-05 4.270960366532762527e+09 8.094825171346723938e+10 2.684195427159525238e+01
4.466835921509397656e+13 8.948561794579537043e-01 1.110922669629087894e-01 -1.789223965040033004e+00 1.752182922201569182e-01 1.510182813652547041e-18 6.745738840069329567e-05 1.553263769437458394e-04 4.330706039660474750e-05 3.917650585540821075e+09 8.130156149445918274e+10 2.847609489040159048e+01
5.011872336272448438e+13 8.742003974352632323e-01 1.344456419256374602e-01 -1.776520700025950861e+00 1.665933027743185524e-01 1.152498657991606665e-18 5.776176141579254938e-05 1.330013707810825908e-04 3.609886670348406588e-05 3.577549752792258739e+09 8.164166232720774841e+10 3.025766967930767848e+01
5.623413251903168750e+13 8.538132342953852483e-01 1.580428043153175588e-01 -1.763746827428858577e+00 1.577430369026256440e-01 8.758785302236005095e-19 4.925426933916865040e-05 1.134121463466834334e-04 2.993852877528994238e-05 3.251462438393074036e+09 8.196774964160693359e+10 3.220499097493075169e+01
6.309573444801581250e+13 8.336948517388244051e-01 1.818878287809602423e-01 -1.750904028663016865e+00 1.487034646722562303e-01 6.626789250611018323e-19 4.181221347995185450e-05 9.627617946402183390e-05 2.469632063002233103e-05 2.940156190391609192e+09 8.227905588960839844e+10 3.433912687499864091e+01
7.079457843840996875e+13 8.138462634364216353e-01 2.059837963741636135e-01 -1.737713851655964037e+00 1.395160138411195849e-01 4.990776713220674396e-19 3.533199334926908985e-05 8.135492119179177297e-05 2.025554311362700712e-05 2.644303600321750641e+09 8.257490847967825317e+10 3.668473356228687976e+01
7.943282347242367188e+13 7.942689720476956428e-01 2.303331193721917525e-01 -1.724282501759127006e+00 1.302273457152073599e-01 3.739753398433494682e-19 2.970591715281642881e-05 6.840040200979124216e-05 1.651166003358744868e-05 2.364485490123013496e+09 8.285472658987698364e+10 3.927080048991297900e+01
8.912509381336929688e+13 7.749635055638761649e-01 2.549393403325384000e-01 -1.710761900874457009e+00 1.208883995920807114e-01 2.786788587694281629e-19 2.483727943162797902e-05 5.718994936979421545e-05 1.337190124909782681e-05 2.101228073596731901e+09 8.311798400640327454e+10 4.213104970115895753e+01
9.999999999999428125e+13 7.559298722966293349e-01 2.798066686176142182e-01 -1.697239123690341023e+00 1.115541429249767985e-01 2.064128239887674425e-19 2.064128239887556265e-05 4.752830915193125103e-05 1.075394478605470065e-05 1.854980810647792816e+09 8.336423126935220337e+10 4.530478418015570696e+01
1.122018454301901094e+14 7.371684702549698986e-01 3.049388236955660747e-01 -1.683410212991329091e+00 1.022834019936047500e-01 1.519294306743146094e-19 1.704676249681623176e-05 3.925162120897901958e-05 8.584446527031952868e-06 1.626057429373616695e+09 8.359315465062638855e+10 4.883852811050091702e+01
1.258925411794094062e+14 7.186806959754965529e-01 3.303381145101857430e-01 -1.669235342046607284e+00 9.313836015403519075e-02 1.110749457550428495e-19 1.398350718246739875e-05 3.219821518612460122e-05 6.798200617154370479e-06 1.414616942698694706e+09 8.380459513730130005e+10 5.278801617881325114e+01
1.412537544622668750e+14 7.004671302839496905e-01 3.560078375266327311e-01 -1.654953806705779851e+00 8.418262429155928817e-02 8.060201963720408356e-20 1.138533789099643779e-05 2.621570930650866878e-05 5.337852504838545506e-06 1.220702380282235146e+09 8.399850969971775818e+10 5.721955512888071382e+01
1.584893192461020000e+14 6.825276777358619817e-01 3.819521992861530379e-01 -1.640686732752005605e+00 7.548005788579364994e-02 5.801469914427021211e-20 9.194710173642802064e-06 2.117160258023061099e-05 4.153169707670068933e-06 1.044238874139098167e+09 8.417497320586090088e+10 6.221189649444178116e+01
1.778279410038820938e+14 6.648621484025454276e-01 4.081755554502629613e-01 -1.626216701292570344e+00 6.709366133158406464e-02 4.139863183538142436e-20 7.361833459663642591e-06 1.695124798132628715e-05 3.200098443631150122e-06 8.849919139827179909e+08 8.433422016601728821e+10 6.785974455121018423e+01
1.995262314968760312e+14 6.474715771518043672e-01 4.346803826625642575e-01 -1.611303941987402899e+00 5.908460378489075598e-02 2.927303785417459549e-20 5.840738927508855156e-06 1.344879838655192049e-05 2.440097284434198022e-06 7.425470743278326988e+08 8.447666500567216492e+10 7.427869860922869805e+01
2.238721138568200312e+14 6.303566580182927703e-01 4.614694959456445145e-01 -1.596250815653814881e+00 5.150973686699256149e-02 2.049109243170808203e-20 4.587384177921975033e-06 1.056284242391988641e-05 1.839806264172405306e-06 6.163442262775979042e+08 8.460286785372239685e+10 8.160986051921908313e+01
2.511886431509428125e+14 6.135171527379068568e-01 4.885470563990174653e-01 -1.581181112892473095e+00 4.441960346892921685e-02 1.418691290330699578e-20 3.563591402682287163e-06 8.205472441337977073e-06 1.370598392540960710e-06 5.056980425093088746e+08 8.471351403749069214e+10 9.002502706766125584e+01
2.818382931264288125e+14 5.969524041154653515e-01 5.159178938674726655e-01 -1.566048468212745348e+00 3.785700782489354738e-02 9.706597497834280531e-21 2.735690870854878206e-06 6.299161018270342020e-06 1.007982556050754384e-06 4.097863855475594997e+08 8.480942569445243835e+10 9.973532209145982108e+01
3.162277660168185625e+14 5.806628279155535699e-01 5.435850211972740320e-01 -1.550435545895939793e+00 3.185600410604415289e-02 6.558659634974738813e-21 2.074030284432744178e-06 4.775631215353037306e-06 7.311127502101710657e-07 3.276480860458316803e+08 8.489156399395416260e+10 1.110039792030218422e+02
3.548133892335528125e+14 5.646491642097721808e-01 5.715506890052256539e-01 -1.534568350628639832e+00 2.644011920000270688e-02 4.371346570613697984e-21 1.551012292233914255e-06 3.571337783148335752e-06 5.224385252476376604e-07 2.582144447086324692e+08 8.496099763529136658e+10 1.241618767237501402e+02
3.981071705534725000e+14 5.489110228032857419e-01 5.998189220041595382e-01 -1.518661426522896818e+00 2.162082040933827748e-02 2.870203999814033650e-21 1.142648793277224507e-06 2.631046077927772182e-06 3.673789287207355973e-07 2.003495253932242095e+08 8.501886255460678101e+10 1.396245925777499792e+02
4.466835921509360625e+14 5.334474328101050933e-01 6.283947457845807660e-01 -1.502831321351033811e+00 1.739723010824338612e-02 1.854116867420182300e-21 8.282035826068879248e-07 1.907009223274882959e-06 2.539275461906697005e-07 1.528678243982987106e+08 8.506634425560169983e+10 1.579174277558767017e+02
5.011872336272406875e+14 5.182580264423721772e-01 6.572820401983895389e-01 -1.486558252633941812e+00 1.375641133918871148e-02 1.177218631952033300e-21 5.900069495224844094e-07 1.358541206733363212e-06 1.722887854404638851e-07 1.145499934160813987e+08 8.510466208658392334e+10 1.797136218700248946e+02
5.623413251903122500e+14 5.033434208789181463e-01 6.864825965608102321e-01 -1.469866629655211199e+00 1.067384558310470639e-02 7.335613928019746109e-22 4.125118857367135643e-07 9.498437187802198102e-07 1.145791623026245583e-07 8.417449629823476076e+07 8.513503758370176697e+10 2.058881979387020635e+02
6.309573444801530000e+14 4.887031761865492374e-01 7.159999754708574748e-01 -1.453118979493738028e+00 8.114060868238025942e-03 4.477972645398888617e-22 2.825409728995648384e-07 6.505746323585727129e-07 7.456870352415491202e-08 6.055896584919285774e+07 8.515865311415080261e+10 2.375825116284282501e+02
7.079457843840938750e+14 4.743361110568987127e-01 7.458391135194271104e-01 -1.436524089988151065e+00 6.032526180923087136e-03 2.672862842238594406e-22 1.892241981399700284e-07 4.357048178708466639e-07 4.741171726841953348e-08 4.258546006252738088e+07 8.517662661993746948e+10 2.762939899187289825e+02
7.943282347242301250e+14 4.602410760631239772e-01 7.760048483820224385e-01 -1.419639123659870883e+00 4.377998868133105466e-03 1.557464580184320461e-22 1.237138090623325331e-07 2.848615725444385887e-07 2.939755750803747495e-08 2.921723558483999968e+07 8.518999484441516113e+10 3.240133595118761036e+02
8.912509381336857500e+14 4.464183160002959116e-01 8.064988382901497888e-01 -1.402153911322771451e+00 3.095123351495275132e-03 8.842990732192814548e-23 7.881323785974334349e-08 1.814741866264389796e-07 1.773916352876558471e-08 1.951691985639370233e+07 8.519969516014360046e+10 3.834325291695943179e+02
9.999999999999345000e+14 4.328674377999428002e-01 8.373237461206256560e-01 -1.384585400650694798e+00 2.126816423116863718e-03 4.879780338670799629e-23 4.879780338670479696e-08 1.123610946490808375e-07 1.039328149687762270e-08 1.266441651322036237e+07 8.520654766348678589e+10 4.582288582547475926e+02
1.122018454301891875e+15 4.195870241832806435e-01 8.684843271915422269e-01 -1.367146843007085222e+00 1.416944180914687587e-03 2.610274233173580492e-23 2.928775860409476878e-08 6.743755636899672368e-08 5.898315221425703857e-09 7.963734578017585911e+06 8.521124834542198181e+10 5.534656519734984386e+02
1.258925411794083750e+15 4.065752273533128625e-01 8.999863059762110984e-01 -1.349659008130709825e+00 9.127625678132722173e-04 1.349950277679632290e-23 1.699486709229368760e-08 3.913212762413050978e-08 3.234073121597534767e-09 4.840469261951960623e+06 8.521437161073805237e+10 6.762128017052939413e+02
1.412537544622657250e+15 3.938315501128807350e-01 9.318319988891066163e-01 -1.331453939423273836e+00 5.668446329212075731e-04 6.732688212862232074e-24 9.510174876906323285e-09 2.189798690333098625e-08 1.708320258411003901e-09 2.835565298547034152e+06 8.521637651470144653e+10 8.365211059843136354e+02
1.584893192461007250e+15 3.813556086889802743e-01 9.640229830223787655e-01 -1.313013510781518622e+00 3.382782043782563597e-04 3.226798788014950008e-24 5.114131432566323259e-09 1.177572280023950023e-08 8.664775158217452956e-10 1.595690509671596345e+06 8.521761638949032593e+10 1.048932562025409197e+03
1.778279410038806500e+15 3.691457059963877962e-01 9.965638456822628610e-01 -1.294658655596879981e+00 1.933012535487494039e-04 1.480581286009439975e-24 2.632887215799364281e-09 6.062446854634214155e-09 4.205232744499042351e-10 8.595908267101491801e+05 8.521835248917329407e+10 1.334760422855042407e+03
1.995262314968744250e+15 3.571994912308468773e-01 1.029460854306543993e+00 -1.276531140176443424e+00 1.053479765642843330e-04 6.477626506432065336e-25 1.292456405872654157e-09 2.975990853507035735e-09 1.945623317463739391e-10 4.416256563165307743e+05 8.521877045434368896e+10 1.725760055258735747e+03
2.238721138568182000e+15 3.455155487289419125e-01 1.062717633230046754e+00 -1.257698235884421090e+00 5.452291682467596303e-05 2.692084712295380204e-25 6.026826952231910537e-10 1.387728189826393532e-09 8.546935566303867791e-11 2.155101854953927104e+05 8.521899656981449890e+10 2.270195142204983313e+03
2.511886431509407500e+15 3.340934217994689370e-01 1.096334619129429422e+00 -1.238348556894109054e+00 2.667281822384768300e-05 1.057730806167675698e-25 2.656899660202091940e-10 6.117737551162283116e-10 3.548180703947334896e-11 9.942411980086023686e+04 8.521911265588020325e+10 3.043206503849680303e+03
2.818382931264265000e+15 3.229312956929770162e-01 1.130315685217675670e+00 -1.219064463592562486e+00 1.226986108847053731e-05 3.907276180875620838e-26 1.101220049591527526e-10 2.535652870295615317e-10 1.384833098582869529e-11 4.314036301197914872e+04 8.521916893963699341e+10 4.164225011692470616e+03
3.162277660168159500e+15 3.120265208044644689e-01 1.164667092206757459e+00 -1.200212542507897995e+00 5.276932825701034320e-06 1.348928873603052658e-26 4.265687642150732058e-11 9.822108776185195426e-11 5.053671616043394493e-12 1.750920229918022960e+04 8.521919457079769897e+10 5.827259079433340958e+03
3.548133892335499000e+15 3.013766620213488290e-01 1.199394427700989363e+00 -1.180853150146676800e+00 2.108301599553650568e-06 4.326998663618293424e-27 1.535277061047447881e-11 3.535106074383562980e-11 1.714367903401218947e-12 6.608386090631907791e+03 8.521920547161390686e+10 8.355363031539283838e+03
3.981071705534692500e+15 2.909808546531301165e-01 1.234497805545004434e+00 -1.160592159376024002e+00 7.771665333775455473e-07 1.281086303549613336e-27 5.100096435409393909e-12 1.174340602500574065e-11 5.370062341801896742e-13 2.303845135432671668e+03 8.521920977615486145e+10 1.230288291296604621e+04
4.466835921509324000e+15 2.808372351742841055e-01 1.269980011724577418e+00 -1.140354580692280129e+00 2.623079450190618224e-07 3.472384859225918242e-28 1.551057342249542976e-12 3.571441514642761739e-12 1.541350456889787097e-13 7.362355178843797603e+02 8.521921134376448059e+10 1.865088888946145744e+04
5.011872336272366000e+15 2.709428622626351979e-01 1.305847320691668978e+00 -1.120562392132197216e+00 8.037428449430983313e-08 8.541443978680576787e-29 4.280862678856935620e-13 9.857050589490538074e-13 4.020638134918381583e-14 2.139037387382208806e+02 8.521921186609626770e+10 2.919006110747679850e+04
5.623413251903077000e+15 2.612944497531968779e-01 1.342107347579757137e+00 -1.100692777246160992e+00 2.214654539117849967e-08 1.889241490470979933e-29 1.062398563355962954e-13 2.446263094801730854e-13 9.448097138453272885e-15 5.600717005908572332e+01 8.521921202399282837e+10 4.730262224674232857e+04
6.309573444801478000e+15 2.518905548443389764e-01 1.378760591982213235e+00 -1.079628647861075930e+00 5.431591362098865459e-09 3.721333321179827118e-30 2.348002590257112783e-14 5.406475762637434694e-14 1.980820460789619420e-15 1.308816032123720063e+01 8.521921206691183472e+10 7.962540033623522322e+04
7.079457843840881000e+15 2.427296266930583923e-01 1.415807102446854593e+00 -1.058434841628525191e+00 1.172397020783354067e-09 6.450790537043041811e-31 4.566809966644388994e-15 1.051546855173200636e-14 3.663148063369677267e-16 2.698925937756718518e+00 8.521921207730107117e+10 1.397596622079799999e+05
7.943282347242237000e+15 2.338086401819318982e-01 1.453252275186748266e+00 -1.037633830875996255e+00 2.198989700621881602e-10 9.713807829204837930e-32 7.715951825422622711e-16 1.776663565147832642e-15 5.901150341497303843e-17 4.850170214005152247e-01 8.521921207951498413e+10 2.568548517856890103e+05
8.912509381336785000e+15 2.251238398677957719e-01 1.491104628779491570e+00 -1.017336633709896798e+00 3.533252427420029712e-11 1.252592803692776285e-32 1.116374511390681520e-16 2.570547308126695086e-16 8.168546015960694500e-18 7.492844555271303830e-02 8.521921207992506409e+10 4.965371494666769868e+05
