# [1] m:            [M_sun/h] 
# [2] sigma 
# [3] ln(1/sigma) 
# [4] n_eff 
# [5] f(sigma) 
# [6] dn/dm:        [h^4/(Mpc^3*M_sun)] 
# [7] dn/dlnm:      [h^3/Mpc^3] 
# [8] dn/dlog10m:   [h^3/Mpc^3] 
# [9] n(>m):        [h^3/Mpc^3] 
# [11] rho(>m):     [M_sun*h^2/Mpc^3] 
# [11] rho(<m):     [M_sun*h^2/Mpc^3] 
# [12] Lbox(N=1):   [Mpc/h]
1.000000000000000000e+07 2.947925140859542825e+00 -1.081101580809135765e+00 -2.516550227174258580e+00 2.494755318807794497e-01 1.713032418100861651e-05 1.713032418100861776e+02 3.944402909734587865e+02 1.807331563927870377e+02 3.066556758740315628e+10 5.455364449259684753e+10 1.768699510202693947e-01
1.122018454301963001e+07 2.920672193150131157e+00 -1.071813792921121333e+00 -2.515342399793555561e+00 2.502365257583699654e-01 1.368270593770530584e-05 1.535224856689239914e+02 3.534985869406564234e+02 1.620346844449342427e+02 3.046779953013051987e+10 5.475141254986947632e+10 1.834273129621570297e-01
1.258925411794166267e+07 2.893603975498598047e+00 -1.062502775548433975e+00 -2.514138023199294913e+00 2.509996787382803851e-01 1.092879658300723988e-05 1.375853973867706657e+02 3.168020850364400758e+02 1.452771676455068928e+02 3.026893399676081085e+10 5.495027808323918915e+10 1.902249791974931215e-01
1.412537544622752629e+07 2.866718252494057317e+00 -1.053167909485509757e+00 -2.512906992283254759e+00 2.517648133920400988e-01 8.729576847024051294e-06 1.233085504509098342e+02 2.839284301069692447e+02 1.302589047669217166e+02 3.006896155604240036e+10 5.515025052395759583e+10 1.972714299266341564e-01
1.584893192461110838e+07 2.840013598658504890e+00 -1.043808840421687867e+00 -2.511612097271144872e+00 2.525317190817232826e-01 6.973761607345181389e-06 1.105266729732803270e+02 2.544970695665031712e+02 1.167982672750849673e+02 2.986785899590011597e+10 5.535135308409988403e+10 2.045759296178870923e-01
1.778279410038919002e+07 2.813488463755068114e+00 -1.034425159564705377e+00 -2.510295397754528146e+00 2.533001776298102192e-01 5.571292293546245004e-06 9.907314372921791801e+01 2.281243438669537227e+02 1.047327319392485947e+02 2.966560412172899246e+10 5.555360795827101135e+10 2.121481208550762831e-01
1.995262314968874678e+07 2.787140762270469363e+00 -1.025016253959397883e+00 -2.508972549403060803e+00 2.540699750277909952e-01 4.450874827879258611e-06 8.880662812711061349e+01 2.044848180845506533e+02 9.391750289046103717e+01 2.946218670294533920e+10 5.575702537705465698e+10 2.199975381980700806e-01
2.238721138568333164e+07 2.760968220894560510e+00 -1.015581422883428564e+00 -2.507638659562521521e+00 2.548408912699695050e-01 3.555816368250264765e-06 7.960481268469148119e+01 1.832968550183539378e+02 8.422296106288845863e+01 2.925759885407782745e+10 5.596161322592217255e+10 2.281339033719039233e-01
2.511886431509571895e+07 2.734969214910803359e+00 -1.006120179836483608e+00 -2.506239823006903400e+00 2.556126750548717852e-01 2.841088155243681336e-06 7.136490787879162667e+01 1.643237730445989371e+02 7.553244536131467157e+01 2.905182055411585999e+10 5.616739152588414001e+10 2.365677203787185379e-01
2.818382931264443323e+07 2.709142395533893133e+00 -9.966321255952407254e-01 -2.504801537836156555e+00 2.563850536297803129e-01 2.270169345997049641e-06 6.398206535837849174e+01 1.473241499131730734e+02 6.774124728737039902e+01 2.884482592277498245e+10 5.637438615722502136e+10 2.453101984016452242e-01
3.162277660168366507e+07 2.683485817066359136e+00 -9.871166273837231886e-01 -2.503349711651649212e+00 2.571577582717261001e-01 1.813997095169902806e-06 5.736362489666093722e+01 1.320846275671536034e+02 6.075602785036226550e+01 2.863659988865358353e+10 5.658261219134642029e+10 2.543725297919081640e-01
3.548133892335738987e+07 2.657997273191500032e+00 -9.775729344032060286e-01 -2.501896268605507956e+00 2.579305140298018273e-01 1.449468504053497907e-06 5.142908325105398148e+01 1.184198404402266647e+02 5.449341615017778651e+01 2.842713545955402756e+10 5.679207662044596863e+10 2.637659039704028929e-01
3.981071705534952879e+07 2.632674904391664850e+00 -9.680004032336143593e-01 -2.500384892548342730e+00 2.587030206689812095e-01 1.158306053195150915e-06 4.611299454725079272e+01 1.061790938378154010e+02 4.887844279322676044e+01 2.821641645065702057e+10 5.700279562934297943e+10 2.735022349374900408e-01
4.466835921509607136e+07 2.607517450554485805e+00 -9.583986003169869816e-01 -2.498815086066697777e+00 2.594749438209544290e-01 9.257200723064590119e-07 4.135039672240962005e+01 9.521280708241025081e+01 4.384364527022113833e+01 2.800441480739188766e+10 5.721479727260810852e+10 2.835944853927672704e-01
5.011872336272694170e+07 2.582523153845319275e+00 -9.487668876424504294e-01 -2.497224789290392710e+00 2.602459476625074708e-01 7.398507127733248147e-07 3.708037320320261188e+01 8.538071458035021521e+01 3.932880722865214551e+01 2.779111050031190872e+10 5.742810157968809509e+10 2.940557943623346993e-01
5.623413251903456450e+07 2.557689921328182514e+00 -9.391044766253460185e-01 -2.495630999701516473e+00 2.610156894822328599e-01 5.912909927290467581e-07 3.325073604243672065e+01 7.656264914239463337e+01 3.528022313558354028e+01 2.757649533600075150e+10 5.764271674399925232e+10 3.048991583898021385e-01
6.309573444801890850e+07 2.533015706499980091e+00 -9.294105717504045350e-01 -2.493993974527421997e+00 2.617838071458671867e-01 4.725902221860908455e-07 2.981842716178384123e+01 6.865946587925222389e+01 3.164967026004238093e+01 2.736055649639220428e+10 5.785865558360779572e+10 3.161381712815348188e-01
7.079457843841329217e+07 2.508499202858600174e+00 -9.196846471659989586e-01 -2.492282848832468201e+00 2.625498964155181802e-01 3.777634620706110762e-07 2.674360504672443994e+01 6.157942631350802998e+01 2.839369795522338791e+01 2.714326627257209778e+10 5.807594580742790222e+10 3.277877208921705643e-01
7.943282347242756188e+07 2.484138878378551851e+00 -9.099260716784823844e-01 -2.490542715304446819e+00 2.633135399308061952e-01 3.019723872689424105e-07 2.398651933148143556e+01 5.523100184548265901e+01 2.547343725124863312e+01 2.692460017391855621e+10 5.829461190608144379e+10 3.398632060060058913e-01
8.912509381337386370e+07 2.459932751341755708e+00 -9.001340127176681305e-01 -2.488788457390606279e+00 2.640743134365463596e-01 2.413865538674859964e-07 2.151359925872671397e+01 4.953689294979188418e+01 2.285423988136678020e+01 2.670454680763928604e+10 5.851466527236071777e+10 3.523798552583582988e-01
9.999999999999918044e+07 2.435878700570108357e+00 -8.903075540964129342e-01 -2.487007148044447113e+00 2.648317751263952746e-01 1.929601683379108268e-07 1.929601683379092592e+01 4.443072071564915149e+01 2.050504953973076283e+01 2.648309550006583405e+10 5.873611657993416595e+10 3.653533207312526510e-01
1.122018454301956147e+08 2.411975261470473253e+00 -8.804460223738973523e-01 -2.485146141448008272e+00 2.655854394118395412e-01 1.542675198186857631e-07 1.730910041359581797e+01 3.985567658548280434e+01 1.839788960720247246e+01 2.626022168668270874e+10 5.895899039331729126e+10 3.788006048474183429e-01
1.258925411794155836e+08 2.388221109508685380e+00 -8.705487831655484010e-01 -2.483238619650345758e+00 2.663347919617240489e-01 1.233400774552852709e-07 1.552759578011180785e+01 3.575361057332270320e+01 1.650765742823234206e+01 2.603589685280333328e+10 5.918331522719667053e+10 3.927397422538489447e-01
1.412537544622738063e+08 2.364614380114785419e+00 -8.606149558437549141e-01 -2.481307318002476947e+00 2.670793100103003304e-01 9.861355843563313124e-08 1.392953536991801222e+01 3.207394049510651968e+01 1.481196865152161735e+01 2.581010491763462830e+10 5.940910716236537170e+10 4.071887199850106054e-01
1.584893192461097836e+08 2.341152989281243268e+00 -8.506435384798866073e-01 -2.479360342419893559e+00 2.678184509722575934e-01 7.884315659427136425e-08 1.249579821584049988e+01 2.877263869685593178e+01 1.329080417172256290e+01 2.558283690675181961e+10 5.963637517324818420e+10 4.221656695377370427e-01
1.778279410038908124e+08 2.317835263985891903e+00 -8.406336742238029736e-01 -2.477336878204255299e+00 2.685516311895818076e-01 6.304286141257361807e-08 1.121078223999160528e+01 2.581378006660706959e+01 1.192614370263599355e+01 2.535407272478304672e+10 5.986513935521694946e+10 4.376900299206933909e-01
1.995262314968858361e+08 2.294660000589967552e+00 -8.305846846464439714e-01 -2.475245501263973580e+00 2.692782228074313000e-01 5.041313053858539453e-08 1.005874195432451401e+01 2.316110927830142074e+01 1.070177146901328591e+01 2.512378121952407074e+10 6.009543086047592926e+10 4.537828821235533328e-01
2.238721138568310440e+08 2.271625497009780670e+00 -8.204956532096812083e-01 -2.473121908664224655e+00 2.699975827843497656e-01 4.031403608897020113e-08 9.025188477338332405e+00 2.078126444938087403e+01 9.603212125821233514e+00 2.489194135821187973e+10 6.032727072178811646e+10 4.704655482592601801e-01
2.511886431509551406e+08 2.248729771126316113e+00 -8.103655106340589276e-01 -2.470983215579895642e+00 2.707090443077388997e-01 3.223728666324988391e-08 8.097640295810119682e+00 1.864550583356027857e+01 8.617542868747708695e+00 2.465854423540948105e+10 6.056066784459051514e+10 4.877592517988256771e-01
2.818382931264426112e+08 2.225970964478817038e+00 -8.001932089582266538e-01 -2.468780066576241161e+00 2.714119024483581666e-01 2.578039198303368435e-08 7.265901672628838348e+00 1.673035687855566778e+01 7.733146300944813589e+00 2.442357437197839355e+10 6.079563770802160645e+10 5.056863813788863293e-01
3.162277660168340802e+08 2.203347880807193793e+00 -7.899779676580431786e-01 -2.466489122950556556e+00 2.721053960515755210e-01 2.061895716743777426e-08 6.520286762655636892e+00 1.501351510173727632e+01 6.939549501437492829e+00 2.418700073281012726e+10 6.103221134718987274e+10 5.242714891903502705e-01
3.548133892335702181e+08 2.180859027925863725e+00 -7.797188486911568184e-01 -2.464156857633553521e+00 2.727887357919451250e-01 1.649112844399398780e-08 5.851273175499639656e+00 1.347305438894140472e+01 6.227385264170528956e+00 2.394879797201635742e+10 6.127041410798364258e+10 5.435398895333898306e-01
3.981071705534920692e+08 2.158502542254828516e+00 -7.694147138004377995e-01 -2.461799081137826750e+00 2.734611042488206412e-01 1.318943713272885533e-08 5.250809498103848227e+00 1.209043567648546968e+01 5.588298012534860248e+00 2.370895524129153061e+10 6.151025683870846558e+10 5.635167297612659887e-01
4.466835921509580016e+08 2.136276476294001192e+00 -7.590643491890006755e-01 -2.459392892679898246e+00 2.741216448157889896e-01 1.054900125972900746e-08 4.712065776300733866e+00 1.084993241371748596e+01 5.014788810279789288e+00 2.346746084321455383e+10 6.175175123678544617e+10 5.842281120235170988e-01
5.011872336272653341e+08 2.114179534806380101e+00 -7.486668104296790860e-01 -2.456887986117341605e+00 2.747694379269584042e-01 8.438088948958164614e-09 4.229062457429141553e+00 9.737776171817108306e+00 4.500096095641426430e+00 2.322428744605483246e+10 6.199492463394516754e+10 6.057025527987863756e-01
5.623413251903399229e+08 2.092210450972486591e+00 -7.382211391222391894e-01 -2.454325158166575704e+00 2.754035181402846311e-01 6.749780953712398712e-09 3.795680766255146832e+00 8.739877950143318586e+00 4.038154742592417357e+00 2.297940635481183624e+10 6.223980572518816376e+10 6.279701700370364792e-01
6.309573444801839590e+08 2.070367485472520475e+00 -7.277261207346096272e-01 -2.451724537077194288e+00 2.760228861751916618e-01 5.399209347607832350e-09 3.406670792259224534e+00 7.844149382994306308e+00 3.623554059263978111e+00 2.273280339948970413e+10 6.248640868051029968e+10 6.510611061163250612e-01
7.079457843841286898e+08 2.048648722664565103e+00 -7.171804161332421268e-01 -2.449088544926806499e+00 2.766264971869022427e-01 4.318787585456592147e-09 3.057467464774504151e+00 7.040079006704071496e+00 3.251448349521520065e+00 2.248447045151652145e+10 6.273474162848347473e+10 6.750061248093173205e-01
7.943282347242691517e+08 2.027052714878502471e+00 -7.065828734851828941e-01 -2.446353218449344613e+00 2.772132403300828218e-01 3.454880362994184454e-09 2.744309019920712966e+00 6.319005039838534010e+00 2.917471248357956348e+00 2.223438649219062042e+10 6.298482558780937958e+10 6.998384590103183811e-01
8.912509381337294579e+08 2.005578370408186206e+00 -6.959324832047627529e-01 -2.443536538233947120e+00 2.777819405510806305e-01 2.763929268104193277e-09 2.463354553133134672e+00 5.672083472803365112e+00 2.617694035541910047e+00 2.198252114632018280e+10 6.323669093367981720e+10 7.255940378724764495e-01
9.999999999999836683e+08 1.984224122805969159e+00 -6.852279676065783365e-01 -2.440672090010719053e+00 2.783313783861808832e-01 2.211133300490836787e-09 2.211133300490800480e+00 5.091322576332841798e+00 2.348608884313506007e+00 2.172885683900414276e+10 6.349035524099585724e+10 7.523093051292748523e-01
1.122018454301946878e+09 1.962988178894736313e+00 -6.744678933173210433e-01 -2.437776290488367081e+00 2.788602793421697257e-01 1.768813639398358348e-09 1.984641545625947190e+00 4.569806037894968753e+00 2.107080668957811653e+00 2.147338860691835785e+10 6.374582347308164215e+10 7.800209712676570151e-01
1.258925411794145584e+09 1.941868952511642821e+00 -6.636508869081944040e-01 -2.434790255507943701e+00 2.793672996579310563e-01 1.415048986896338971e-09 1.781441128537362140e+00 4.101919786616620378e+00 1.890287523345022924e+00 2.121610316282807159e+10 6.400310891717192841e+10 8.087681575163823133e-01
1.412537544622726679e+09 1.920865446854296943e+00 -6.527758380507637792e-01 -2.431699739634265445e+00 2.798510154584919474e-01 1.132116203278110609e-09 1.599156642006066109e+00 3.682194245245583808e+00 1.695684672548468663e+00 2.095697194596517181e+10 6.426224013403482819e+10 8.385937767327064085e-01
1.584893192461085081e+09 1.899976334209471096e+00 -6.418414304155963812e-01 -2.428551684105720199e+00 2.803099424319058230e-01 9.057361952222002795e-10 1.435495129973269668e+00 3.305349687342001186e+00 1.520996074233779805e+00 2.069597535006080246e+10 6.452323672993919373e+10 8.695421437538214393e-01
1.778279410038893700e+09 1.879199992976231748e+00 -6.308461506249285478e-01 -2.425364292075170791e+00 2.807425302081613672e-01 7.245812363142462860e-10 1.288507893438150198e+00 2.966899067635845100e+00 1.364189855359334347e+00 2.043311030651549911e+10 6.478610177348449707e+10 9.016577670284487978e-01
1.995262314968842030e+09 1.858534790918270785e+00 -6.197884304714107451e-01 -2.422103082342701441e+00 2.811471517949961085e-01 5.796559929956645383e-10 1.156565758470092575e+00 2.663091074520587132e+00 1.223440101805424174e+00 2.016837178686647034e+10 6.505084029313352966e+10 9.349874096272773327e-01
2.238721138568292141e+09 1.837979744286933670e+00 -6.086670033542344038e-01 -2.418721628947059887e+00 2.815220882115238576e-01 4.637489110353285990e-10 1.038204490122816459e+00 2.390554182436281483e+00 1.097098970381503058e+00 1.990173805078062820e+10 6.531747402921937561e+10 9.695824163507776872e-01
2.511886431509531021e+09 1.817533819674407081e+00 -5.974805380512628883e-01 -2.415268783975238698e+00 2.818655406292933097e-01 3.710090710279168096e-10 9.319326514819801233e-01 2.145854230976822929e+00 9.836887600461758918e-01 1.963318989308310699e+10 6.558602218691689301e+10 1.005496964077617461e+00
2.818382931264402866e+09 1.797195595510900246e+00 -5.862274474601971708e-01 -2.411763404868371818e+00 2.821756315075094057e-01 2.967958396630609293e-10 8.364843285766573322e-01 1.926076345503744625e+00 8.818904956341621082e-01 1.936272582250141144e+10 6.585648625749858856e+10 1.042785809695469856e+00
3.162277660168314457e+09 1.776963532710194693e+00 -5.749060271331232208e-01 -2.408200845559352654e+00 2.824503943032311559e-01 2.374120673216219311e-10 7.507628767455409857e-01 1.728695408367608932e+00 7.905212017873786134e-01 1.909034993331150436e+10 6.612886214668849182e+10 1.081505732948982779e+00
3.548133892335673332e+09 1.756836622136822124e+00 -5.635148180497843162e-01 -2.404515159027930782e+00 2.826877612777315973e-01 1.899170610018639012e-10 6.738511608734948366e-01 1.551599637924041986e+00 7.085138256300876902e-01 1.881605247996724319e+10 6.640315960003276062e+10 1.121718519827284322e+00
3.981071705534887791e+09 1.736814127370896133e+00 -5.520524736868732685e-01 -2.400735314111417829e+00 2.828855666573402705e-01 1.519202755681307421e-10 6.048055105613483473e-01 1.392616152779213801e+00 6.349084308625065898e-01 1.853981777933839035e+10 6.667939430066160583e+10 1.163490840410714489e+00
4.466835921509543419e+09 1.716894891681820523e+00 -5.405173637816869103e-01 -2.396893609163798011e+00 2.830415504118119485e-01 1.215151393065070223e-10 5.427881892615418202e-01 1.249815993246857104e+00 5.688476272118551114e-01 1.826164708592808151e+10 6.695756499407191467e+10 1.206890910179085230e+00
5.011872336272612572e+09 1.697077597374972102e+00 -5.289077114146757408e-01 -2.393005622236410446e+00 2.831533488612799077e-01 9.718352218468673322e-11 4.870714063789671755e-01 1.121523359551854782e+00 5.095641433918876029e-01 1.798155571407474136e+10 6.723765636592526245e+10 1.251988615793883763e+00
5.623413251903352737e+09 1.677361233853193356e+00 -5.172218644469311899e-01 -2.389003256490064953e+00 2.832184876254547068e-01 7.772249954183276216e-11 4.370657338945946324e-01 1.006381043524195995e+00 4.563665333149865000e-01 1.769955000415374756e+10 6.751966207584625244e+10 1.298859186570878066e+00
6.309573444801788330e+09 1.657745326709366918e+00 -5.054584422065351301e-01 -2.384883949870414632e+00 2.832343812284908724e-01 6.215689243501425593e-11 3.921834779193671405e-01 9.030358299756943152e-01 4.086311114774894282e-01 1.741562331942531204e+10 6.780358876057469177e+10 1.347585068763739180e+00
7.079457843841228485e+09 1.638229077516718979e+00 -4.936158276163123970e-01 -2.380695752303505941e+00 2.831983336420883512e-01 4.970281844103633198e-11 3.518690078734111326e-01 8.102083322159210343e-01 3.658000074226992471e-01 1.712978315379604721e+10 6.808942892620394897e+10 1.398251938243842973e+00
7.943282347242626190e+09 1.618811479944238130e+00 -4.816922256328255436e-01 -2.376460770003620215e+00 2.831075311759754243e-01 3.973758491552631096e-11 3.156468567815550186e-01 7.268037470756351093e-01 3.273747054404105294e-01 1.684205707612836838e+10 6.837715500387162781e+10 1.450947259145025869e+00
8.912509381337221146e+09 1.599491616107703518e+00 -4.696858388230224501e-01 -2.372132164722160041e+00 2.829590384013360715e-01 3.176713659119289042e-11 2.831249028872275253e-01 6.519191808435169655e-01 2.929066322424318525e-01 1.655247099639843941e+10 6.866674108360156250e+10 1.505764075421233583e+00
9.999999999999753952e+09 1.580269223255011957e+00 -4.575952269885849022e-01 -2.367670236376776316e+00 2.827498028008045838e-01 2.539406338304891939e-11 2.539406338304829314e-01 5.847199179635295119e-01 2.619906547722558043e-01 1.626103512152902412e+10 6.895817695847097778e+10 1.562804788462498928e+00
1.122018454301937675e+10 1.561143947450419622e+00 -4.454188521763303155e-01 -2.363132621183107851e+00 2.824766505834587771e-01 2.029634439077855180e-11 2.277287296132115280e-01 5.243647780538526204e-01 2.342635373718213732e-01 1.596776840259755516e+10 6.925144367740245056e+10 1.622177728047949463e+00
1.258925411794135284e+10 1.542115145262346498e+00 -4.331549450266489187e-01 -2.358539932925511007e+00 2.821362789205297261e-01 1.621865454900228484e-11 2.041807635684952660e-01 4.701435824689589871e-01 2.094008283587511787e-01 1.567271273736643982e+10 6.954649934263356018e+10 1.683993980959812342e+00
1.412537544622714996e+10 1.523182130685712732e+00 -4.208016535560770155e-01 -2.353879430416150775e+00 2.817252540434404540e-01 1.295763106972327412e-11 1.830314037535391847e-01 4.214453818326737711e-01 1.871111042512104417e-01 1.537591695536428833e+10 6.984329512463571167e+10 1.748370537468654451e+00
1.584893192461071968e+10 1.504344811933648440e+00 -4.083574625046000883e-01 -2.349084562968152490e+00 2.812400257038628615e-01 1.035113480173378923e-11 1.640544308151477004e-01 3.777492868345821431e-01 1.671312375345291312e-01 1.507741703086237335e+10 7.014179504913763428e+10 1.815435360920538255e+00
1.778279410038879013e+10 1.485603306744474272e+00 -3.958209569184982790e-01 -2.344198131045772016e+00 2.806769256957120096e-01 8.267336696166828789e-12 1.470163462265232368e-01 3.385176472476438825e-01 1.492245641824735403e-01 1.477724922206326294e+10 7.044196285793673706e+10 1.885326449172420427e+00
1.995262314968825912e+10 1.466957378525796551e+00 -3.831904452458024801e-01 -2.339252573105730537e+00 2.800321516493551877e-01 6.601302615021519184e-12 1.317133033745760129e-01 3.032810888993011100e-01 1.331795957787999807e-01 1.447547314967357063e+10 7.074373893032643127e+10 1.958186727130520666e+00
2.238721138568273544e+10 1.448406688954219979e+00 -3.704641170664705330e-01 -2.334262196304972115e+00 2.793017697653817910e-01 5.269424308751055949e-12 1.179677158808650206e-01 2.716307040418367569e-01 1.188068009552716020e-01 1.417216546803704071e+10 7.104704661196295166e+10 2.034165258171704682e+00
2.511886431509510422e+10 1.429951296357876656e+00 -3.576403852008170348e-01 -2.329150235953750148e+00 2.784817362685395592e-01 4.205409132322636820e-12 1.056351013842741493e-01 2.432338097443443592e-01 1.059351881106171261e-01 1.386739519168608475e+10 7.135181688831391907e+10 2.113423761593988370e+00
2.818382931264379883e+10 1.411591730269475375e+00 -3.447179543925479872e-01 -2.323927944852839822e+00 2.775679133093904016e-01 3.355432523287464930e-12 9.456893750642759999e-02 2.177530257625857057e-01 9.441051722294392656e-02 1.356122341233067894e+10 7.165798866766932678e+10 2.196139252653884544e+00
3.162277660168288803e+10 1.393328197020131221e+00 -3.316952715125724427e-01 -2.318645717949016305e+00 2.765560393687278573e-01 2.676346875274547843e-12 8.463351934541908650e-02 1.948758800123851775e-01 8.409479457856969264e-02 1.325373264910336876e+10 7.196547943089663696e+10 2.282497420072969074e+00
3.548133892335644531e+10 1.375160740509215440e+00 -3.185706264745266081e-01 -2.313329578074905246e+00 2.754417353821499992e-01 2.133852277415297455e-12 7.571193586734818737e-02 1.743331748898771516e-01 7.486456820601317119e-02 1.294503037703985786e+10 7.227418170296014404e+10 2.372691231632135800e+00
3.981071705534854889e+10 1.357089557206237362e+00 -3.053423751424430566e-01 -2.307917959249551121e+00 2.742205276970977601e-01 1.700763026348457520e-12 6.770859562015675570e-02 1.559048029425348925e-01 6.660861876020290895e-02 1.263522396550566864e+10 7.258398811449432373e+10 2.466928282353525237e+00
4.466835921509506989e+10 1.339115450725329781e+00 -2.920092845943547677e-01 -2.302379321482272978e+00 2.728878951147161169e-01 1.355157836420686838e-12 6.053267703039028752e-02 1.393816397691997611e-01 5.922645769240957037e-02 1.232440818673780251e+10 7.289480389326219177e+10 2.565437353180604507e+00
5.011872336272570801e+10 1.321239049480009031e+00 -2.785699701679715257e-01 -2.296778839495748237e+00 2.714392327873589306e-01 1.079321463970743008e-12 5.409421387220179206e-02 1.245565304793635752e-01 5.262800343619551680e-02 1.201269410055491066e+10 7.320651797944508362e+10 2.668462077158180179e+00
5.623413251903306580e+10 1.303460715316689944e+00 -2.650228160904605224e-01 -2.291140540696054995e+00 2.698698497129068952e-01 8.592128636803949814e-13 4.831709003826122062e-02 1.112542112589514076e-01 4.673273489273766651e-02 1.170022164172109985e+10 7.351899043827890015e+10 2.776256579614632791e+00
6.309573444801736450e+10 1.285780768107323446e+00 -2.513661354719843866e-01 -2.285437710880715123e+00 2.681749945023421677e-01 6.836670311075597982e-13 4.313647344562702296e-02 9.932540072023429700e-02 4.146824459325804818e-02 1.138713931254552078e+10 7.383207276745448303e+10 2.889092517589337383e+00
7.079457843841171265e+10 1.268200091452437839e+00 -2.375986443957912031e-01 -2.279601117877980254e+00 2.663499338560715302e-01 5.437657978993312269e-13 3.849567043150973339e-02 8.863955688040597858e-02 3.676912065324206003e-02 1.107358408329295349e+10 7.414562799670704651e+10 3.007268824508533722e+00
7.943282347242561340e+10 1.250719630102220981e+00 -2.237190897419671087e-01 -2.273687113431928086e+00 2.643899349090862438e-01 4.322698363846924397e-13 3.433641360599958003e-02 7.906251411605257073e-02 3.257656887833060982e-02 1.075970011355839157e+10 7.445951196644160461e+10 3.131109240472957467e+00
8.912509381337149048e+10 1.233339942223679042e+00 -2.097258895274517476e-01 -2.267726202384666045e+00 2.622902332845150064e-01 3.434328847695329220e-13 3.060848807368142174e-02 7.047864835754488744e-02 2.883803981649069037e-02 1.044566074171408463e+10 7.477355133828591919e+10 3.260954613698062499e+00
9.999999999999673462e+10 1.216061434198502100e+00 -1.956173038126258201e-01 -2.261725081120246728e+00 2.600460711420286009e-01 2.726808727604408593e-13 2.726808727604319513e-02 6.278709127627768449e-02 2.550639632564513995e-02 1.013165760985575104e+10 7.508755447014425659e+10 3.397167537871865317e+00
1.122018454301928558e+11 1.198884887408026012e+00 -1.813918642704443196e-01 -2.255593631012833722e+00 2.576527915601407592e-01 2.163870152748282729e-13 2.427902244096706227e-02 5.590451514503867042e-02 2.253910616511224305e-02 9.817875137486225128e+09 7.540133694251377869e+10 3.540145432342294285e+00
1.258925411794125061e+11 1.181811387332634133e+00 -1.670483354665607267e-01 -2.249355331468927410e+00 2.551058746169183600e-01 1.716094218508913326e-13 2.160434620713850770e-02 4.974584552043958413e-02 1.989784714847529778e-02 9.504494620665222168e+09 7.571471745933477783e+10 3.690325180128979810e+00
1.412537544622703552e+11 1.164841605044611983e+00 -1.525851164389867010e-01 -2.243059948819849936e+00 2.524008678420537888e-01 1.359999012868400866e-13 1.921049666326431551e-02 4.423380324584427065e-02 1.754835592931821078e-02 9.191724078457536697e+09 7.602748800154246521e+10 3.848172412590683322e+00
1.584893192461058960e+11 1.147975992606453888e+00 -1.380003853149920634e-01 -2.236733014820138532e+00 2.495334356329839964e-01 1.076939949918379276e-13 1.706834795314993158e-02 3.930132355895846891e-02 1.545997775919815201e-02 8.879798308483758926e+09 7.633941377151623535e+10 4.014181869501336486e+00
1.778279410038864746e+11 1.131215140517274120e+00 -1.232924005448522015e-01 -2.230290746707652261e+00 2.464994532518952619e-01 8.521752800724432315e-14 1.515405754296928614e-02 3.489350699681505880e-02 1.360510699530382249e-02 8.568951295484295845e+09 7.665026078451570129e+10 4.188893763381908997e+00
1.995262314968809509e+11 1.114560128230111413e+00 -1.084598232454777600e-01 -2.223709109537081563e+00 2.432951267936482309e-01 6.738204138132528082e-14 1.344448478738271939e-02 3.095707025441267468e-02 1.195884256402313627e-02 8.259406593741909981e+09 7.695980548625808716e+10 4.372907429575011662e+00
2.238721138568255310e+11 1.098011739857024827e+00 -9.350103506754264826e-02 -2.217058612600819600e+00 2.399169044824455144e-01 5.323243892845899992e-14 1.191725862866848534e-02 2.744050206772671863e-02 1.049890325596965733e-02 7.951408824510868073e+09 7.726780325548913574e+10 4.566870415463401223e+00
2.511886431509489746e+11 1.081570476991006613e+00 -7.841413025263685443e-02 -2.210367488129703073e+00 2.363615141027032018e-01 4.201342127793137794e-14 1.055329428493279216e-02 2.429985810246550540e-02 9.205394251714857715e-03 7.645233534793032646e+09 7.757397854520697021e+10 4.771473712954457547e+00
2.818382931264356689e+11 1.065236798010072317e+00 -6.319711999564385507e-02 -2.203587700070419597e+00 2.326260571177778680e-01 3.312703621795650974e-14 9.336467344006477154e-03 2.149801052753502750e-02 8.060447535964848989e-03 7.341163260337696075e+09 7.787804881966230774e+10 4.987469828714061748e+00
3.162277660168262939e+11 1.049011701661906937e+00 -4.784848441572452787e-02 -2.196646877119079022e+00 2.287082094482502936e-01 2.609603367870933982e-14 8.252290432118116262e-03 1.900160093205256751e-02 7.047957249475164145e-03 7.039468350183176041e+09 7.817974372981681824e+10 5.215695711119582079e+00
3.548133892335615234e+11 1.032896139495015131e+00 -3.236664248354464285e-02 -2.189618851929832744e+00 2.246061665913524352e-01 2.053512114413799953e-14 7.286135931473375002e-03 1.677694798133888207e-02 6.153493526640381808e-03 6.740430360489671707e+09 7.847878171951033020e+10 5.457068650801979004e+00
3.981071705534822998e+11 1.016890694310438104e+00 -1.674963273604772665e-02 -2.182534719285749603e+00 2.203186204725250952e-01 1.614012092064474695e-14 6.425497872108946323e-03 1.479525561538302253e-02 5.364188436722337749e-03 6.444360782366930962e+09 7.877485129763307190e+10 5.712576006518139238e+00
4.466835921509470215e+11 1.000995810303425770e+00 -9.953148132611096786e-04 -2.175390861059331549e+00 2.158448723348756204e-01 1.266998625309858302e-14 5.659474972037193199e-03 1.303142270478573582e-02 4.668521478718121696e-03 6.151585280985262871e+09 7.906762679901473999e+10 5.983292204993372998e+00
5.011872336272529907e+11 9.852123574777965631e-01 1.489806969850633427e-02 -2.168083013186024033e+00 2.111850680046305218e-01 9.934121426084895485e-15 4.978854836056710413e-03 1.146423692568549618e-02 4.056129987956343802e-03 5.862418983609193802e+09 7.935679309639080811e+10 6.270411536510727579e+00
5.623413251903260498e+11 9.695414283264778277e-01 3.093207357085623471e-02 -2.160653874420851661e+00 2.063402405916835158e-01 7.778776379058048426e-15 4.374327417358709127e-03 1.007226110308530841e-02 3.517717537237075639e-03 5.577174537439103127e+09 7.964203754256089783e+10 6.575261235246828484e+00
6.309573444801684570e+11 9.539836994453116947e-01 4.710869421513965566e-02 -2.153156423124531038e+00 2.013121955048368383e-01 6.082183899263367847e-15 3.837598601719251039e-03 8.836397333213542871e-03 3.045001076329606569e-03 5.296188576126403809e+09 7.992302350387359619e+10 6.899286552820539598e+00
7.079457843841113281e+11 9.385396483453547489e-01 6.343017734249280226e-02 -2.145617597101035834e+00 1.961036375408011234e-01 4.748147574189976419e-15 3.361431058781438278e-03 7.739981047077332428e-03 2.630591616822336529e-03 5.019816657385720253e+09 8.019939542261427307e+10 7.244062512764148032e+00
7.943282347242496338e+11 9.232099607710867462e-01 7.989859388974941690e-02 -2.137927307122040155e+00 1.907183850552004456e-01 3.701030918753326767e-15 2.939833356353198021e-03 6.769216462225526726e-03 2.267861679089766547e-03 4.748404989475790024e+09 8.047080709052421570e+10 7.611340410034831194e+00
8.912509381337076416e+11 9.079957634712185754e-01 9.651556617232491531e-02 -2.130076097392648471e+00 1.851615531419220084e-01 2.880171463202627909e-15 2.566955518565275460e-03 5.910633511427203744e-03 1.950865429748449478e-03 4.482284053852541924e+09 8.073692802614746094e+10 8.003087448135490334e+00
9.999999999999591064e+11 8.928978407978740428e-01 1.132831046521980689e-01 -2.122143729161189096e+00 1.794393618185774197e-01 2.237316347355323406e-15 2.237316347355231862e-03 5.151611269732045244e-03 1.674309310219469380e-03 4.221797330558646679e+09 8.099741474944136047e+10 8.421473814465771923e+00
1.122018454301919434e+12 8.779167203249508278e-01 1.302035414118297985e-01 -2.114167429106951879e+00 1.735592231559004717e-01 1.734545139591344453e-15 1.946191656441187325e-03 4.481271896230867510e-03 1.433487231070397624e-03 3.967305304657462120e+09 8.125190677534254456e+10 8.868878876945395007e+00
1.258925411794114746e+12 8.630529334572520916e-01 1.472792532127992493e-01 -2.106070294898441553e+00 1.675299034370317519e-01 1.342091022527557569e-15 1.689592493200689884e-03 3.890430488078552244e-03 1.224194671462663095e-03 3.719159515393056870e+09 8.150005256460694885e+10 9.347952674922217042e+00
1.412537544622691895e+12 8.483075513244529020e-01 1.645120304935178135e-01 -2.097778818425379832e+00 1.613618163006224349e-01 1.036334739626780591e-15 1.463861728519609334e-03 3.370666194293749519e-03 1.042667254403356397e-03 3.477685656540781021e+09 8.174152642345921326e+10 9.861691711714589914e+00
1.584893192461046143e+12 8.336815080288003665e-01 1.819038344175355759e-01 -2.089389579554077336e+00 1.550668156904043138e-01 7.984316581797757762e-16 1.265428899694511682e-03 2.913757720680440564e-03 8.855566565290024037e-04 3.243205973395340919e+09 8.197600610660466003e+10 1.041344792002594311e+01
1.778279410038850098e+12 8.191753871201720161e-01 1.994570701675756619e-01 -2.080937708464377423e+00 1.486581336591744351e-01 6.136487980327399972e-16 1.091239022536710269e-03 2.512670706186422975e-03 7.498959458573314658e-04 3.016050339470183372e+09 8.220316174052981567e+10 1.100693321630207500e+01
1.995262314968793213e+12 8.047896434382477704e-01 2.171743482107049428e-01 -2.072402498683441507e+00 1.421504905191091350e-01 4.704291196946607319e-16 9.386294943907003228e-04 2.161274281628565008e-03 6.330473211619572433e-04 2.796536846783588886e+09 8.242267523321641541e+10 1.164629915619530465e+01
2.238721138568236816e+12 7.905252008420077248e-01 2.350577432177214932e-01 -2.063660272901824744e+00 1.355603794737972878e-01 3.597099822706596309e-16 8.052903410633313955e-04 1.854249534864517782e-03 5.326592257496305747e-04 2.584950427875433922e+09 8.263426165212457275e+10 1.233626004200935355e+01
2.511886431509469238e+12 7.763831176181578142e-01 2.531091723619262046e-01 -2.054781232514899525e+00 1.289059191491160050e-01 2.742783069684534928e-16 6.889559577314474182e-04 1.586379718001866904e-03 4.466434944279713153e-04 2.381551594906629086e+09 8.283766048509336853e+10 1.308216620595764113e+01
2.818382931264333984e+12 7.623640303976164656e-01 2.713311071916239547e-01 -2.045823342253474841e+00 1.222065536812022429e-01 2.085016753849681203e-16 5.876375630450111258e-04 1.353085492750791523e-03 3.731568641591551799e-04 2.186593626252106667e+09 8.303261845374789429e+10 1.389001948806967768e+01
3.162277660168236816e+12 7.484683855626672599e-01 2.897263130716883905e-01 -2.036813197005148623e+00 1.154830874145776343e-01 1.579847523550130726e-16 4.995916530194690871e-04 1.150352292826883286e-03 3.105709195197135482e-04 2.000312465896107674e+09 8.321889961410389709e+10 1.476657370228601707e+01
3.548133892335586426e+12 7.346969095638824498e-01 3.082972327566367299e-01 -2.027604615284055001e+00 1.087578201152098606e-01 1.193135169000773142e-16 4.233403331269190847e-04 9.747771403211773341e-04 2.574426836910122577e-04 1.822903136746676207e+09 8.339630894325332642e+10 1.571953935437382910e+01
3.981071705534790039e+12 7.210507141538958775e-01 3.270458055385230822e-01 -2.018209338461781410e+00 1.020544796692106765e-01 8.979191497917335817e-17 3.574680521093725354e-04 8.231006080086600242e-04 2.124957399827665135e-04 1.654516577986694574e+09 8.356469550201330566e+10 1.675778409337108243e+01
4.466835921509433594e+12 7.075305201896675555e-01 3.459745123178958881e-01 -2.008720913128554830e+00 9.539767789697851941e-02 6.731626502099305232e-17 3.006907106976207584e-04 6.923659480541268646e-04 1.746090760811970012e-04 1.495278887262948513e+09 8.372393319273704529e+10 1.789140287675347452e+01
5.011872336272489258e+12 6.941368006616300823e-01 3.650862187917743307e-01 -1.999188199087267970e+00 8.881277591484165734e-02 5.025903275168063989e-17 2.518918558959612193e-04 5.800024324326446320e-04 1.427998665690278384e-04 1.345289306420998335e+09 8.387392277357899475e+10 1.913186904188037474e+01
5.623413251903214844e+12 6.808700847176081261e-01 3.843837623715738450e-01 -1.989491417212964297e+00 8.232579619218623190e-02 3.736476113324666103e-17 2.101174929108974630e-04 4.838134069539146154e-04 1.162044705843639711e-04 1.204599784666173697e+09 8.401461229533383179e+10 2.049237939833169264e+01
6.309573444801632812e+12 6.677314359596757676e-01 4.038692282625683805e-01 -1.979558570845339371e+00 7.596337594254515269e-02 2.765531462855538405e-17 1.744932387879671940e-04 4.017855304614236910e-04 9.406449714898060558e-05 1.073205333725723624e+09 8.414600674627427673e+10 2.198828819935674161e+01
7.079457843841054688e+12 6.547216930153807457e-01 4.235450298005604131e-01 -1.969516194940995835e+00 6.975207174786822450e-02 2.036969594140600576e-17 1.442064037090440537e-04 3.320475154947261434e-04 7.571867100007693562e-05 9.510600411856739521e+08 8.426815203881433105e+10 2.363736196786642907e+01
7.943282347242431641e+12 6.418413584186890564e-01 4.434141110945521991e-01 -1.959411712572997288e+00 6.371795666154099480e-02 1.492543637905461380e-17 1.185569553146345086e-04 2.729874779782386204e-04 6.059279616325288428e-05 8.380817161121782064e+08 8.438113036388781738e+10 2.546007440917617970e+01
8.912509381337003906e+12 6.290908248246089851e-01 4.634796371181222896e-01 -1.949194155697850928e+00 5.788635246444806537e-02 1.087639391700858488e-17 9.693596282045573436e-05 2.232033029654064489e-04 4.818802663966181041e-05 7.341387624504945278e+08 8.448507331754949951e+10 2.748022511405615376e+01
9.999999999999509766e+12 6.164710041540482077e-01 4.837439904861792206e-01 -1.938713675582305562e+00 5.228170299707209090e-02 7.880768274465619044e-18 7.880768274465232406e-05 1.814613955012405388e-04 3.807140917799568044e-05 6.390408752845722437e+08 8.458017120471542358e+10 2.972580897766852459e+01
1.122018454301910156e+13 6.039828521989552002e-01 5.042094718494178895e-01 -1.928082679461801785e+00 4.692690637305452911e-02 5.675047189776623509e-18 6.367507675963566486e-05 1.466172825419887024e-04 2.986944222691498396e-05 5.525487022263375521e+08 8.466666337777366638e+10 3.222980137552976743e+01
1.258925411794104297e+13 5.916268914442309734e-01 5.248790937285414682e-01 -1.917368336701742004e+00 4.184267484256316144e-02 4.059629766317158794e-18 5.110771075292432671e-05 1.176798529167350649e-04 2.326201384044691790e-05 4.743843387201431394e+08 8.474482774127986145e+10 3.503086786076682557e+01
1.412537544622680273e+13 5.794034510617925848e-01 5.457562373964298663e-01 -1.906591035569184855e+00 3.704722962403973058e-02 2.883531044535319581e-18 4.073095861491192856e-05 9.378649813005361679e-05 1.797535506427722492e-05 4.042275619500294924e+08 8.481498451804997253e+10 3.817457178082834446e+01
1.584893192461033008e+13 5.673132155474206462e-01 5.668437194028475012e-01 -1.895553040075119045e+00 3.255610554921140043e-02 2.033122637757738127e-18 3.222282228020658241e-05 7.419579023660009159e-05 1.377579785511090016e-05 3.417102237893698215e+08 8.487750185621063232e+10 4.171520795013110217e+01
1.778279410038835547e+13 5.553571921287124846e-01 5.881437828294535652e-01 -1.884299753622015627e+00 2.838172138221390153e-02 1.422238809855522592e-18 2.529137991724214184e-05 5.823555437869074069e-05 1.046501423972864427e-05 2.864223512546008229e+08 8.493278972874539185e+10 4.571794759277597109e+01
1.995262314968776953e+13 5.435359449014867117e-01 6.096594386344632577e-01 -1.872946808604439184e+00 2.453276843144336361e-02 9.864549051625571872e-19 1.968236297686949050e-05 4.532031558543760401e-05 7.876117490625447845e-06 2.379260999861164391e+08 8.498128598001388550e+10 5.026078545940087139e+01
2.238721138568218750e+13 5.318497866006868247e-01 6.313941855242036771e-01 -1.861558836631590275e+00 2.101405421852431052e-02 6.779641086651368352e-19 1.517772581259202733e-05 3.494800520162534276e-05 5.869409470948883494e-06 1.957599110396699905e+08 8.502345216896032715e+10 5.543727363393624330e+01
2.511886431509448438e+13 5.202991492634821968e-01 6.533513457756606746e-01 -1.849948359728847525e+00 1.782645442282453779e-02 4.614966777706794449e-19 1.159227243078857762e-05 2.669219369305963270e-05 4.328404498581765884e-06 1.594382617495478392e+08 8.505977381825045776e+10 6.136075859335768712e+01
2.818382931264310938e+13 5.088849918532379890e-01 6.755332371697663207e-01 -1.838051122357082345e+00 1.496691711816685276e-02 3.109607954525517857e-19 8.764065981958447241e-06 2.018000768407374464e-05 3.156599464153436363e-06 1.284575746559493244e+08 8.509075450534405518e+10 6.817003346265862262e+01
3.162277660168211328e+13 4.976079561762791204e-01 6.979427485847522483e-01 -1.826037387333925288e+00 1.242824990218329741e-02 2.072289886471667981e-19 6.553156013381874422e-06 1.508919934847739460e-05 2.274869288339661482e-06 1.023097678511767089e+08 8.511690231214881897e+10 7.603516933291155055e+01
3.548133892335557031e+13 4.864683490998404913e-01 7.205834378489492931e-01 -1.813979761978739891e+00 1.019931128328418167e-02 1.364737768359586064e-19 4.842272330067039690e-06 1.114974408342990912e-05 1.618895702541981387e-06 8.049051213047672808e+07 8.513872156786952209e+10 8.516484818838992510e+01
3.981071705534757812e+13 4.754663915468085311e-01 7.434590797327050860e-01 -1.801770937089204105e+00 8.265370454981527462e-03 8.875410250913487280e-20 3.533364462492483129e-06 8.135872339450111649e-06 1.136755291969982943e-06 6.250294311954849958e+07 8.515670913688044739e+10 9.581739036303075352e+01
4.466835921509397656e+13 4.646028780649674728e-01 7.665722639492007495e-01 -1.789223965040033004e+00 6.608606273664267838e-03 5.695868559285083036e-20 2.544251028481058974e-06 5.858354491015255782e-06 7.868996212083502398e-07 4.786349325659091771e+07 8.517134858674340820e+10 1.083162346920275638e+02
5.011872336272448438e+13 4.538785449299628239e-01 7.899256389119295729e-01 -1.776520700025950861e+00 5.208474363966438848e-03 3.603241915905140582e-20 1.805898847922230935e-06 4.158235766680850791e-06 5.364848647659487189e-07 3.611127948455864936e+07 8.518310080051544189e+10 1.230686703909635185e+02
5.623413251903168750e+13 4.432936767826535784e-01 8.135228013016094772e-01 -1.763746827428858577e+00 4.042278173571543266e-03 2.244501396032049737e-20 1.262175889436179040e-06 2.906267387752246984e-06 3.598722859051220792e-07 2.681535714741209149e+07 8.519239672285258484e+10 1.405887380013179779e+02
6.309573444801581250e+13 4.328483575767761993e-01 8.373678257672524383e-01 -1.750904028663016865e+00 3.085903160614162678e-03 1.375195254411567984e-20 8.676895458652383853e-07 1.997929013656071557e-06 2.372673758699146557e-07 1.957805154965638369e+07 8.519963402845034790e+10 1.615302967691296772e+02
7.079457843840996875e+13 4.225431136029245693e-01 8.614637933604557540e-01 -1.737713851655964037e+00 2.314578956121441863e-03 8.279728209749724617e-21 5.861598681938426430e-07 1.349682974614496821e-06 1.535770761631508115e-07 1.403777565703235567e+07 8.520517430434297180e+10 1.867344878858594655e+02
7.943282347242367188e+13 4.123787250310892993e-01 8.858131163584838097e-01 -1.724282501759127006e+00 1.703541101080760988e-03 4.892078224546011875e-21 3.885915860236511684e-07 8.947651932409726587e-07 9.746587196676432597e-08 9.872176585599578917e+06 8.520933990341439819e+10 2.172947044302624988e+02
8.912509381336929688e+13 4.023554659905110298e-01 9.104193373188304017e-01 -1.710761900874457009e+00 1.228662312801930131e-03 2.832382695941311305e-21 2.524363734911332356e-07 5.812562305301607681e-07 6.056533637248614118e-08 6.800220542609961703e+06 8.521241185945739746e+10 2.546392161906614717e+02
9.999999999999428125e+13 3.924733407965468324e-01 9.352866656039063864e-01 -1.697239123690341023e+00 8.670990457983979247e-04 1.604425958806228233e-21 1.604425958806136373e-07 3.694327295559688616e-07 3.679811237033300102e-08 4.581525816829951480e+06 8.521463055418316650e+10 3.006478849261531536e+02
1.122018454301901094e+14 3.827325560926082559e-01 9.604188206818582429e-01 -1.683410212991329091e+00 5.978179395510140829e-04 8.879851220489936588e-22 9.963356940844969203e-08 2.294147716816838670e-07 2.182692483939174700e-08 3.014424974149322137e+06 8.521619765502584839e+10 3.578237386278330519e+02
1.258925411794094062e+14 3.731338369504308972e-01 9.858181114964775782e-01 -1.669235342046607284e+00 4.019708506967485879e-04 4.793823979980753954e-22 6.035066828065673942e-08 1.389625491352688093e-07 1.261749181896796880e-08 1.933547244373372290e+06 8.521727853275563049e+10 4.295453177658384334e+02
1.412537544622668750e+14 3.636774849305522972e-01 1.011487834512924788e+00 -1.654953806705779851e+00 2.631118834014023857e-04 2.519207422098383868e-22 3.558475066406053990e-08 8.193691641697577863e-08 7.095005180161877097e-09 1.206841106564217713e+06 8.521800523889343262e+10 5.204141474927090485e+02
1.584893192461020000e+14 3.543634504788931716e-01 1.037432196272445095e+00 -1.640686732752005605e+00 1.673125404884541771e-04 1.285980293521754825e-22 2.038141412841653625e-08 4.692994034623014822e-08 3.873333761081742657e-09 7.315463222968953196e+05 8.521848053367770386e+10 6.367540162449203081e+02
1.778279410038820938e+14 3.451916349858475952e-01 1.063655552436555185e+00 -1.626216701292570344e+00 1.031349205171916113e-04 6.363707866174571784e-23 1.131645066992032144e-08 2.605709061816101712e-08 2.048657986971971547e-09 4.297569955240630661e+05 8.521878232300447083e+10 7.873663428179856965e+02
1.995262314968760312e+14 3.361625757473202247e-01 1.090160379648856370e+00 -1.611303941987402899e+00 6.148300392092621326e-05 3.046130778363424808e-23 6.077829948534998899e-09 1.399472063724945757e-08 1.047362705586714188e-09 2.441071794545365847e+05 8.521896797282054138e+10 9.846932589682559183e+02
2.238721138568200312e+14 3.272766331011005558e-01 1.116949492931936350e+00 -1.596250815653814881e+00 3.535672408432931151e-05 1.406526115955854439e-23 3.148819747738598854e-09 7.250425411668169536e-09 5.162340543637757431e-10 1.337201311327045260e+05 8.521907835986886597e+10 1.246573192752370687e+03
2.511886431509428125e+14 3.185336833421832381e-01 1.144027053385309856e+00 -1.581181112892473095e+00 1.955898499087242300e-05 6.246827861412353345e-24 1.569132214505674779e-09 3.613060446057502177e-09 2.446469079206350980e-10 7.045193577423275565e+04 8.521914162806422424e+10 1.598895534644509098e+03
2.818382931264288125e+14 3.099333852595675953e-01 1.171397890853764778e+00 -1.566048468212745348e+00 1.037663585714087327e-05 2.660586069367839585e-24 7.498550365065862803e-10 1.726605028966571708e-09 1.111552710450338170e-10 3.559735664085863391e+04 8.521917648264335632e+10 2.079808326951479103e+03
3.162277660168185625e+14 3.014759547152292551e-01 1.199065018183566034e+00 -1.550435545895939793e+00 5.262421512389112438e-06 1.083451378290745611e-24 3.426174089447254639e-10 7.889057384363696984e-10 4.826750185996055585e-11 1.719492380258299818e+04 8.521919488507620239e+10 2.746513423751370283e+03
3.548133892335528125e+14 2.931617759490087183e-01 1.227030685991517656e+00 -1.534568350628639832e+00 2.542161305269167288e-06 4.202956885207263889e-25 1.491265377242885636e-10 3.433765427337610976e-10 1.996044483070740615e-11 7.912211448226850734e+03 8.521920416778855896e+10 3.686463413999970726e+03
3.981071705534725000e+14 2.849906463745601193e-01 1.255298918990451540e+00 -1.518661426522896818e+00 1.165266691574611129e-06 1.546913140059645675e-25 6.158372132811330507e-11 1.418017587012131911e-10 7.830987294833101923e-12 3.455039152059072876e+03 8.521920862496084595e+10 5.035715200578150871e+03
4.466835921509360625e+14 2.769620619148759899e-01 1.283874742770872990e+00 -1.502831321351033811e+00 5.046688451989000362e-07 5.378528722807273976e-26 2.402500530390539326e-11 5.531961907187544477e-11 2.902952850505906464e-12 1.425972574571756923e+03 8.521921065402742004e+10 7.010032088527388623e+03
5.011872336272406875e+14 2.690758316171518172e-01 1.312762037184681541e+00 -1.486558252633941812e+00 2.055653661443506193e-07 1.759146140242146770e-26 8.816615875739995948e-12 2.030100828613355859e-11 1.012437166555689215e-12 5.538482659163173594e+02 8.521921152615173340e+10 9.958883227371254179e+03
5.623413251903122500e+14 2.613322759161877951e-01 1.341962593547102234e+00 -1.469866629655211199e+00 7.836291322780071034e-08 5.385501160181236759e-27 3.028489859230280726e-12 6.973355604147281208e-12 3.305780692986710479e-13 2.014479605605578740e+02 8.521921187855203247e+10 1.446245388050109977e+04
6.309573444801530000e+14 2.537311664018409019e-01 1.371479972457149366e+00 -1.453118979493738028e+00 2.780521618818675501e-08 1.534509039456346780e-27 9.682097486161668496e-13 2.229385334055098286e-12 1.005095458436125653e-13 6.824663351911152631e+01 8.521921201175337219e+10 2.150787793968589540e+04
7.079457843840938750e+14 2.462718897473222535e-01 1.401319110505719223e+00 -1.436524089988151065e+00 9.128461670061571526e-09 4.044595128632051923e-28 2.863354070855503065e-13 6.593116399515698498e-13 2.829212149344616414e-14 2.141153486167469921e+01 8.521921205858847046e+10 3.281795349115438876e+04
7.943282347242301250e+14 2.389538491785004604e-01 1.431484845368314662e+00 -1.419639123659870883e+00 2.754769799599469975e-09 9.800039969556222585e-29 7.784448449244491810e-14 1.792435495641098517e-13 7.328241755554260591e-15 6.183157151423717579e+00 8.521921207381684875e+10 5.148334274427271885e+04
8.912509381336857500e+14 2.317771717912117946e-01 1.461978835276442013e+00 -1.402153911322771451e+00 7.588304570118459539e-10 2.168033366237111296e-29 1.932261771563958280e-14 4.449197150965436688e-14 1.734853728710178398e-15 1.632364059964709124e+00 8.521921207836763000e+10 8.322344936499933829e+04
9.999999999999345000e+14 2.247416535071391219e-01 1.492803743106917658e+00 -1.384585400650694798e+00 1.893362605271543737e-10 4.344142500855104327e-30 4.344142500854819898e-15 1.000275776431018183e-14 3.724854968610701821e-16 3.909573321720595240e-01 8.521921207960903931e+10 1.389835959607162804e+05
1.122018454301891875e+15 2.178465584853537251e-01 1.523964324177834229e+00 -1.367146843007085222e+00 4.242828173471634622e-11 7.816077165331005029e-31 8.769782819749006718e-16 2.019317118954935187e-15 7.193362477944350655e-17 8.424561125044348342e-02 8.521921207991575623e+10 2.404488392715869704e+05
1.258925411794083750e+15 2.110909273629743566e-01 1.555466302962503100e+00 -1.349659008130709825e+00 8.459357548476014853e-12 1.251115292656553117e-31 1.575060835009526774e-16 3.626711599251690712e-16 1.238391780744114970e-17 1.618843595269885485e-02 8.521921207998381042e+10 4.322290772184848902e+05
1.412537544622657250e+15 2.044745019988200851e-01 1.587311995875398507e+00 -1.331453939423273836e+00 1.485575802083133422e-12 1.764490322586992630e-32 2.492408827777471058e-17 5.738983412487169375e-17 1.882392956190173640e-18 2.747405084306929566e-03 8.521921207999725342e+10 8.098972114348666510e+05
1.584893192461007250e+15 1.979970831407135701e-01 1.619502980008670878e+00 -1.313013510781518622e+00 2.272724550218962982e-13 2.167927087592687452e-33 3.435932882877468206e-18 7.911527836641714665e-18 2.498589071523452181e-19 4.072995345242633029e-04 8.521921207999958801e+10 1.587699792288631899e+06
1.778279410038806500e+15 1.916577896742396037e-01 1.652043842668554863e+00 -1.294658655596879981e+00 2.992094724047945713e-14 2.291779992660906399e-34 4.075425173287776995e-19 9.384013251625111618e-19 2.861067810724050287e-20 5.210787539554384199e-05 8.521921207999995422e+10 3.269569822430044878e+06
1.995262314968744250e+15 1.854554010787733409e-01 1.684940851292836106e+00 -1.276531140176443424e+00 3.344179726193596929e-15 2.056266094816334496e-35 4.102790248534979141e-20 9.447023665957979446e-20 2.788889061688340161e-21 5.677058945977470806e-06 8.521921208000000000e+10 7.104326628474331461e+06
2.238721138568182000e+15 1.793891823520737949e-01 1.718197630216338867e+00 -1.257698235884421090e+00 3.126732245675587004e-16 1.543833046403469879e-36 3.456211675403561295e-21 7.958221482016216216e-21 2.281776081484506434e-22 5.193304022216068027e-07 8.521921208000000000e+10 1.636473557260980271e+07
2.511886431509407500e+15 1.734588963833597897e-01 1.751814616115721535e+00 -1.238348556894109054e+00 2.406881731080025308e-17 9.544671779337298593e-38 2.397513153572811352e-22 5.520478047673900296e-22 1.542087597886138822e-23 3.925740103318705281e-08 8.521921208000000000e+10 4.017571845064861327e+07
2.818382931264265000e+15 1.676636009677975048e-01 1.785795682203968004e+00 -1.219064463592562486e+00 1.498512923210188859e-18 4.771939803862376324e-39 1.344915369222626736e-23 3.096782080510603565e-23 8.454853395490475710e-25 2.408386835304151683e-09 8.521921208000000000e+10 1.057542848781748861e+08
3.162277660168159500e+15 1.620019204495689591e-01 1.820147089193049572e+00 -1.200212542507897995e+00 7.398012656105001188e-20 1.891135098498263616e-40 5.980294274340970529e-25 1.377013644781516301e-24 3.686447830186228733e-26 1.175449087491472417e-10 8.521921208000000000e+10 3.004673609881897569e+08
3.548133892335499000e+15 1.564725905357741698e-01 1.854874424687281698e+00 -1.180853150146676800e+00 2.833765834921586734e-21 5.815914090900852652e-42 2.063564190083691655e-26 4.751532142523040108e-26 1.251254146693766623e-27 4.467653524312773932e-12 8.521921208000000000e+10 9.280075084489984512e+08
3.981071705534692500e+15 1.510751622853383769e-01 1.889977802531296325e+00 -1.160592159376024002e+00 8.226560871617359306e-23 1.356071576080899015e-43 5.398618182215503033e-28 1.243077774913603054e-27 3.229416669017161033e-29 1.291659215237266129e-13 8.521921208000000000e+10 3.140209615739345551e+09
4.466835921509324000e+15 1.458086681692420949e-01 1.925460008710869309e+00 -1.140354580692280129e+00 1.763351421738401149e-24 2.334292534636708080e-45 1.042690174502629617e-29 2.400882852421115302e-29 6.170016042263866179e-31 2.765290144405347961e-15 8.521921208000000000e+10 1.174639413470962715e+10
5.011872336272366000e+15 1.406715810742134032e-01 1.961327317677961091e+00 -1.120562392132197216e+00 2.710408879866317404e-26 2.880374705959031532e-47 1.443607030689472147e-31 3.324028029006976627e-31 8.470821048592849845e-33 4.255369196382273986e-17 8.521921208000000000e+10 4.905592821233043671e+10
5.623413251903077000e+15 1.356621948470786709e-01 1.997587344566049250e+00 -1.100692777246160992e+00 2.891912499613235315e-28 2.466985701190767752e-49 1.387288008433156719e-33 3.194348687907585079e-33 8.089225887775289606e-35 4.556030863183905195e-19 8.521921208000000000e+10 2.312229897141223145e+11
6.309573444801478000e+15 1.307797603956315224e-01 2.034240588968505126e+00 -1.079628647861075930e+00 2.068070500109552950e-30 1.416892241987961632e-51 8.939985664192472137e-36 2.058507772195006030e-35 5.189147370148610017e-37 3.277441255084677054e-21 8.521921208000000000e+10 1.244422911438598145e+12
7.079457843840881000e+15 1.260234725333635730e-01 2.071287099433146484e+00 -1.058434841628525191e+00 9.536653177120939231e-33 5.247279801933344858e-54 3.714789615262484262e-38 8.553619191712483054e-38 2.149389168183628037e-39 1.522601462492699221e-23 8.521921208000000000e+10 7.748690502558134766e+12
7.943282347242237000e+15 1.213917606411143157e-01 2.108732272173040379e+00 -1.037633830875996255e+00 2.714991872425818837e-35 1.199319364667286563e-56 9.526532338067432836e-41 2.193565134955978495e-40 5.500457418126275904e-42 4.370773689279279372e-26 8.521921208000000000e+10 5.665006306715685938e+13
8.912509381336785000e+15 1.168826749198632192e-01 2.146584625765783461e+00 -1.017336633709896798e+00 4.544328564406011209e-38 1.611034981032169453e-59 1.435836438211093996e-43 3.306135578602531359e-43 8.279241789846739659e-45 7.380394683765898601e-29 8.521921208000000000e+10 4.943142662110113125e+14
