# [1] m:            [M_sun/h] 
# [2] sigma 
# [3] ln(1/sigma) 
# [4] n_eff 
# [5] f(sigma) 
# [6] dn/dm:        [h^4/(Mpc^3*M_sun)] 
# [7] dn/dlnm:      [h^3/Mpc^3] 
# [8] dn/dlog10m:   [h^3/Mpc^3] 
# [9] n(>m):        [h^3/Mpc^3] 
# [11] rho(>m):     [M_sun*h^2/Mpc^3] 
# [11] rho(<m):     [M_sun*h^2/Mpc^3] 
# [12] Lbox(N=1):   [Mpc/h]
1.000000000000000000e+10 3.789542674363167496e+00 -1.332245345418617166e+00 -2.367670236376786086e+00 2.531490336315250778e-01 2.273558652108039303e-11 2.273558652108039202e-01 5.235062260391607492e-01 2.523564609583267560e-01 3.465374382223013306e+10 5.056546825776986694e+10 1.582444633646213683e+00
1.122018454301965332e+10 3.743679572206972228e+00 -1.320068970606367964e+00 -2.363132621183145154e+00 2.541486750863696242e-01 1.826093953379146828e-11 2.048911114980635495e-01 4.717792190224220916e-01 2.274743248317873112e-01 3.439053101819551086e+10 5.082868106180448914e+10 1.638158319558757681e+00
1.258925411794171333e+10 3.698047817267628989e+00 -1.307805063456679795e+00 -2.358539932925523885e+00 2.551500220820385190e-01 1.466734473904429965e-11 1.846509301552841653e-01 4.251744791830420755e-01 2.050504823766508000e-01 3.412437903159821320e+10 5.109483304840178680e+10 1.695819929724249331e+00
1.412537544622761154e+10 3.652645764480257906e+00 -1.295451771986109835e+00 -2.353879430416181862e+00 2.561527673462420940e-01 1.178145377144321405e-11 1.664174578240096569e-01 3.831903575995299627e-01 1.848413614570865726e-01 3.385524560081405258e+10 5.136396647918594360e+10 1.755497763219634244e+00
1.584893192461123848e+10 3.607473193736600692e+00 -1.283007580934635961e+00 -2.349084562968165812e+00 2.571565468933668663e-01 9.464734172810262872e-12 1.500059275894115307e-01 3.454014127281232471e-01 1.666265671988953201e-01 3.358307182217755127e+10 5.163614025782244873e+10 1.817266347348776678e+00
1.778279410038937378e+10 3.562530387377358387e+00 -1.270471075348526213e+00 -2.344198131045772016e+00 2.581609579336022198e-01 7.604129038222955130e-12 1.352226609995106910e-01 3.113616834524606802e-01 1.502074897943807830e-01 3.330779371756309509e+10 5.191141836243690491e+10 1.881205055514726610e+00
1.995262314968899155e+10 3.517816778045498971e+00 -1.257840563675831413e+00 -2.339252573105684796e+00 2.591655871287517621e-01 6.109407287556186450e-12 1.218987012765721939e-01 2.806821324147694141e-01 1.354063943977000806e-01 3.302936307955037689e+10 5.218984900044962311e+10 1.947393018552003863e+00
2.238721138568365097e+10 3.473331554429269552e+00 -1.245114235496501021e+00 -2.334262196304973891e+00 2.601699953273640120e-01 4.908476229624908920e-12 1.098870949342163200e-01 2.530243867079480236e-01 1.220637314196321987e-01 3.274774169845320892e+10 5.247147038154679108e+10 2.015909907869198214e+00
2.511886431509613037e+10 3.429074856401635341e+00 -1.232290503630848910e+00 -2.329150235953730608e+00 2.611736882843976315e-01 3.944036792324518794e-12 9.906972504014656400e-02 2.281164720444604221e-01 1.100352099508220410e-01 3.246287826994603348e+10 5.275633381005397034e+10 2.086841386834827894e+00
2.818382931264495468e+10 3.385047953801160414e+00 -1.219368072822581972e+00 -2.323927944852810956e+00 2.621761097509317517e-01 3.169365777904789557e-12 8.932486411380678726e-02 2.056781005421703112e-01 9.919034563615632127e-02 3.217470769023721695e+10 5.304450438976278687e+10 2.160280765365782507e+00
3.162277660168431091e+10 3.341251341417294629e+00 -1.206345389942604207e+00 -2.318645717949023854e+00 2.631766821547530943e-01 2.546869316387712163e-12 8.053907942581306489e-02 1.854480836893406259e-01 8.941219103036858462e-02 3.188317819521851730e+10 5.333603388478147888e+10 2.236322435982372347e+00
3.548133892335818481e+10 3.297685124522339528e+00 -1.193220744904558650e+00 -2.313329578074910131e+00 2.641747954462209669e-01 2.046567082931291815e-12 7.261494029887366475e-02 1.672020790608391150e-01 8.059593696161412857e-02 3.158825477127936172e+10 5.363095730872064209e+10 2.315060173829380563e+00
3.981071705535050964e+10 3.254349774257268013e+00 -1.179992493572476375e+00 -2.307917959249546680e+00 2.651697870033714599e-01 1.644628770965498184e-12 6.547385066199630510e-02 1.507591125152310252e-01 7.264690717221240768e-02 3.128989522108667755e+10 5.392931685891332245e+10 2.396593020062550927e+00
4.466835921509725952e+10 3.211247217717777325e+00 -1.166659403024384423e+00 -2.302379321482288077e+00 2.661609134213658301e-01 1.321751730395306228e-12 5.904048108647392407e-02 1.359457316329117649e-01 6.547928606850886291e-02 3.098803769243173599e+10 5.423117438756826782e+10 2.481030033064092422e+00
5.011872336272837830e+10 3.168378961862214460e+00 -1.153220088598003956e+00 -2.296778839495754010e+00 2.671473903826525054e-01 1.062255848290045197e-12 5.323890700088913797e-02 1.225871136275436812e-01 5.901596493699749757e-02 3.068262813217992783e+10 5.453658394782006836e+10 2.568483790035163139e+00
5.623413251903628540e+10 3.125745874411320457e+00 -1.139672934520492564e+00 -2.291140540696050554e+00 2.681283944740450731e-01 8.536684105139133272e-13 4.800530252415446952e-02 1.105362939767875197e-01 5.318787974688923836e-02 3.037363257619522858e+10 5.484557950380477142e+10 2.659065940573665188e+00
6.309573444802097321e+10 3.083348722429592126e+00 -1.126016253902014874e+00 -2.285437710880719120e+00 2.691030472205397928e-01 6.860329453782648874e-13 4.328575254418067647e-02 9.966912854725952509e-02 4.793274418378808133e-02 3.006101733941679382e+10 5.515819474058320618e+10 2.752892391900484625e+00
7.079457843841575623e+10 3.041189624823020576e+00 -1.112248762825821524e+00 -2.279601117877973149e+00 2.700703779046610964e-01 5.513612577416414130e-13 3.903338780909419714e-02 8.987769689827582176e-02 4.319407354764971674e-02 2.974472857615647888e+10 5.547448350384352112e+10 2.850090248292265205e+00
7.943282347243049622e+10 2.999270847136679130e+00 -1.098369208171999345e+00 -2.273687113431927198e+00 2.710293474660925295e-01 4.431250823708161379e-13 3.519867644416726365e-02 8.104794767346021334e-02 3.892093243335633529e-02 2.942471055157453156e+10 5.579450152842546844e+10 2.950794200872918882e+00
8.912509381337731934e+10 2.957593727875183820e+00 -1.084376007957479349e+00 -2.267726202384671819e+00 2.719788688892126327e-01 3.561188168132924321e-13 3.173912295719361759e-02 7.308203138593911963e-02 3.506768295687136966e-02 2.910092779598221207e+10 5.611828428401779175e+10 3.055139014049822688e+00
1.000000000000032654e+11 2.916159241556548931e+00 -1.070267422242656252e+00 -2.261725081120245839e+00 2.729177895446235347e-01 2.861779865315602717e-13 2.861779865315696239e-02 6.589491657306430217e-02 3.159325925789630007e-02 2.877335443196594620e+10 5.644585764803405762e+10 3.163262184341476324e+00
1.122018454302001953e+11 2.874969261961395794e+00 -1.056041982700470783e+00 -2.255593631012833278e+00 2.738448576988905536e-01 2.299857534902110796e-13 2.580482596425678898e-02 5.941780759260338607e-02 2.846044115375461966e-02 2.844194744895061493e+10 5.677726463104938507e+10 3.275312862968865257e+00
1.258925411794212494e+11 2.834026392110923886e+00 -1.041698453896588328e+00 -2.249355331468920749e+00 2.747587218990006352e-01 1.848298691058217632e-13 2.326870190759170592e-02 5.357816614574278241e-02 2.563554181029597742e-02 2.810665047017242813e+10 5.711256160982757568e+10 3.391453236273557437e+00
1.412537544622807312e+11 2.793332241260698012e+00 -1.027235234869015024e+00 -2.243059948819845051e+00 2.756579643763800158e-01 1.485314066652642092e-13 2.098061884703239857e-02 4.830966019896672931e-02 2.308834615167824900e-02 2.776742516097938156e+10 5.745178691902061462e+10 3.511848117519761558e+00
1.584893192461175842e+11 2.752887893472904413e+00 -1.012650503745019748e+00 -2.236733014820125653e+00 2.765410841031902822e-01 1.193499943239906061e-13 1.891569935243726797e-02 4.355500735247917754e-02 2.079172946289211191e-02 2.742425205235550308e+10 5.779496002764450073e+10 3.636663587372808593e+00
1.778279410038995667e+11 2.712694764785749335e+00 -9.979425189748789560e-01 -2.230290746707661143e+00 2.774064715039217810e-01 9.590241861759900748e-14 1.705412964006167501e-02 3.926858468319392725e-02 1.872113966200029261e-02 2.707710067672041321e+10 5.814211140327958679e+10 3.766077379165661654e+00
1.995262314968964539e+11 2.672755443766611894e+00 -9.831099416755048059e-01 -2.223709109537071349e+00 2.782523846795647016e-01 7.706366315684746434e-14 1.537622229503199725e-02 3.540506024310337285e-02 1.685429853884286983e-02 2.672591843155599976e+10 5.849329364844400024e+10 3.900285866369051835e+00
2.238721138568438416e+11 2.633071810744521013e+00 -9.681511534975673072e-01 -2.217058612600813827e+00 2.790769835464978477e-01 6.192122441318920846e-14 1.386243540198467232e-02 3.191943710920282923e-02 1.517118610503522154e-02 2.637066567893138123e+10 5.884854640106861877e+10 4.039492641817481910e+00
2.511886431509695129e+11 2.593645068557601796e+00 -9.530642486826612636e-01 -2.210367488129697744e+00 2.798783206826086500e-01 4.974856350043194168e-14 1.249627416438334540e-02 2.877373460887571940e-02 1.365385681208326416e-02 2.601132799859269714e+10 5.920788408140730286e+10 4.183902467407040859e+00
2.818382931264587402e+11 2.554476316412886305e+00 -9.378472384256687500e-01 -2.203587700070414268e+00 2.806543206537817081e-01 3.996648509721840468e-14 1.126408594206408480e-02 2.593651637640055629e-02 1.228610053745136411e-02 2.564788952709368134e+10 5.957132255290631866e+10 4.333731276986507730e+00
3.162277660168534546e+11 2.515567949343396226e+00 -9.224986028457498044e-01 -2.196646877119075469e+00 2.814027447019998296e-01 3.210857852780755071e-14 1.015362405782529141e-02 2.337958339541423153e-02 1.105319804315599980e-02 2.528031010377598953e+10 5.993890197622401428e+10 4.489217868160233493e+00
3.548133892335934448e+11 2.476922249196811698e+00 -9.070167609135698639e-01 -2.189618851929823862e+00 2.821212117405745845e-01 2.579356278745100156e-14 9.151901433024984406e-03 2.107303181223417476e-02 9.941882662964795017e-03 2.490855342211942291e+10 6.031065865788057709e+10 4.650615723604690999e+00
3.981071705535180664e+11 2.438540613551078096e+00 -8.913997511660715078e-01 -2.182534719285740721e+00 2.828072027117539688e-01 2.071791498696975859e-14 8.247950515230858398e-03 1.899160790412313463e-02 8.940266670055867226e-03 2.453261119397696304e+10 6.068660088602304077e+10 4.818181720396855106e+00
4.466835921509872437e+11 2.400424107602455059e+00 -8.756454332432846988e-01 -2.175390861059327108e+00 2.834580384546918630e-01 1.663884535083446991e-14 7.432299210555494764e-03 1.711350136889649640e-02 8.037638938230380267e-03 2.415248580515916824e+10 6.106672627484083557e+10 4.992183060190949817e+00
5.011872336273001709e+11 2.362574817651515779e+00 -8.597520487315158944e-01 -2.168083013186016483e+00 2.840708464067837058e-01 1.336266009940304693e-14 6.697194649121717379e-03 1.542086056394715611e-02 7.224279889909292207e-03 2.376815933736075592e+10 6.145105274263924408e+10 5.172912656535220144e+00
5.623413251903812256e+11 2.324995363535764081e+00 -8.437180448591653503e-01 -2.160653874420837006e+00 2.846425616184995455e-01 1.073067874905543184e-14 6.034304107936093974e-03 1.389449868552638384e-02 6.491395908672457221e-03 2.337960460611396027e+10 6.183960747388603973e+10 5.360689268961526643e+00
6.309573444802304688e+11 2.287687367756471968e+00 -8.275414242148838584e-01 -2.153156423124522600e+00 2.851699395564471495e-01 8.615752317311221251e-15 5.436172202830080388e-03 1.251724907718514829e-02 5.831102214604672040e-03 2.298682208007363129e+10 6.223238999992636871e+10 5.555840661212668508e+00
7.079457843841807861e+11 2.250651975402384153e+00 -8.112199410875287064e-01 -2.145617597101028728e+00 2.856495326292708414e-01 6.916272193776755469e-15 4.896345743237783682e-03 1.127425271852417268e-02 5.236314669711941878e-03 2.258983683202114868e+10 6.262937524797885132e+10 5.758703975464402269e+00
7.943282347243309326e+11 2.213890830913548324e+00 -7.947515245402736461e-01 -2.137927307122042375e+00 2.860776637568021585e-01 5.551548050398888709e-15 4.409751362860650330e-03 1.015382775193311195e-02 4.700612657950511628e-03 2.218866103806992340e+10 6.303055104193007660e+10 5.969645081697186662e+00
8.912509381338023682e+11 2.177406636274053842e+00 -7.781345522576957885e-01 -2.130076097392644918e+00 2.864504111749585080e-01 4.455710626148395962e-15 3.971156275607509896e-03 9.143925242163607539e-03 4.218168833098096156e-03 2.178328593746513367e+10 6.343592614253486633e+10 6.189069322638120596e+00
1.000000000000065430e+12 2.141201272388638888e+00 -7.613670137778237867e-01 -2.122143729161180659e+00 2.867636182073279860e-01 3.575474880982676542e-15 3.575474880982910681e-03 8.232835161325910076e-03 3.783749823010860297e-03 2.137372675967438126e+10 6.384548532032562256e+10 6.417401263489713514e+00
1.122018454302038818e+12 2.105276004398553447e+00 -7.444465770181910580e-01 -2.114167429106940777e+00 2.870128722133866161e-01 2.868397158303694593e-15 3.218394545884272102e-03 7.410627304726466642e-03 3.392663261359552679e-03 2.096003436579478073e+10 6.425917771420521545e+10 6.655076949256595320e+00
1.258925411794253662e+12 2.069632106631713597e+00 -7.273708652172209410e-01 -2.106070294898434003e+00 2.871934820044079739e-01 2.300722354748662616e-15 2.896437837876205020e-03 6.669294588277654978e-03 3.040665214034451308e-03 2.054225924005022430e+10 6.467695283994977570e+10 6.902564360657539311e+00
1.412537544622853760e+12 2.034272147695766808e+00 -7.101380879365012389e-01 -2.097778818425370506e+00 2.873004600128522545e-01 1.845166683469339432e-15 2.606367216487675068e-03 6.001382299552905468e-03 2.723898291838688836e-03 2.012042618370827103e+10 6.509878589629173279e+10 7.160384946917140780e+00
1.584893192461227539e+12 1.999198367601642490e+00 -6.927462840124831711e-01 -2.089389579554069343e+00 2.873285208931158352e-01 1.479440887191562953e-15 2.344755790758706795e-03 5.398999730512464568e-03 2.438888741087055605e-03 1.969457579028970337e+10 6.552463628971029663e+10 7.429096569926970872e+00
1.778279410039053711e+12 1.964412165723021575e+00 -6.751930482624424190e-01 -2.080937708464368985e+00 2.872720624283526258e-01 1.185835927562963624e-15 2.108747613669781015e-03 4.855570820122804762e-03 2.182524477321175129e-03 1.926479080197970581e+10 6.595442127802029419e+10 7.709276559205951784e+00
1.995262314969029785e+12 1.929914632781888129e+00 -6.574757702193138043e-01 -2.072402498683435734e+00 2.871251430408995331e-01 9.502044473405821823e-16 1.895907125294637573e-03 4.365487484404627014e-03 1.951998019707990159e-03 1.883116944504190063e+10 6.638804263495809937e+10 8.001539295926770379e+00
2.238721138568511719e+12 1.895707984225436959e+00 -6.395923752122953942e-01 -2.063660272901814530e+00 2.868814739535550107e-01 7.612410817242978101e-16 1.704206501202945459e-03 3.924080485053441786e-03 1.744758820471539349e-03 1.839378908015603256e+10 6.682542299984396362e+10 8.306566236601995001e+00
2.511886431509777344e+12 1.861794757863419969e+00 -6.215409460680900722e-01 -2.054781232514886202e+00 2.865344117447023442e-01 6.096707882793874360e-16 1.531423780766863561e-03 3.526233568650361753e-03 1.558500969128945052e-03 1.795272857548702240e+10 6.726648350451297760e+10 8.625103351609070046e+00
2.818382931264679688e+12 1.828176480359775535e+00 -6.033190112383937098e-01 -2.045823342253465071e+00 2.860769308367325237e-01 4.880877299267894911e-16 1.375618126985388243e-03 3.167477792848945491e-03 1.391158185091463185e-03 1.750811198543820953e+10 6.771110009456179047e+10 8.957933378826426818e+00
3.162277660168638184e+12 1.794854222155333856e+00 -5.849238053583282193e-01 -2.036813197005142406e+00 2.855016043522242697e-01 3.905758087208901388e-16 1.235109154520370100e-03 2.843943927419083622e-03 1.240872642084763031e-03 1.706009934306383514e+10 6.815911273693616486e+10 9.305883188695862174e+00
3.548133892336050781e+12 1.761829725304809191e+00 -5.663528856733784922e-01 -2.027604615284050116e+00 2.848006089747826541e-01 3.124424729739880641e-16 1.108587727764297681e-03 2.552617576226213526e-03 1.105958604493631134e-03 1.660884011094307327e+10 6.861037196905693054e+10 9.669864222265404763e+00
3.981071705535311035e+12 1.729105655831175481e+00 -5.476043128914922509e-01 -2.018209338461773861e+00 2.839657350912309641e-01 2.498452515259491892e-16 9.946518616123093195e-04 2.290270549267280163e-03 9.848864013562942579e-04 1.615447110549083328e+10 6.906474097450917053e+10 1.005089230708543013e+01
4.466835921510018555e+12 1.696683742375456827e+00 -5.286756061121193895e-01 -2.008720913128552166e+00 2.829883410328385973e-01 1.996874408555823307e-16 8.919710338881224262e-04 2.053839206013277630e-03 8.762836574742808009e-04 1.569717375488747215e+10 6.952203832511253357e+10 1.045005146396760409e+01
5.011872336273166016e+12 1.664565119185793085e+00 -5.095638996382402253e-01 -1.999188199087259310e+00 2.818593408826441937e-01 1.595038292505045892e-16 7.994128293502425573e-04 1.840716064010061628e-03 7.789197757236977207e-04 1.523718383832318878e+10 6.998202824167681885e+10 1.086848699284415076e+01
5.623413251903997070e+12 1.632751055177779298e+00 -4.902663560584389901e-01 -1.989491417212951863e+00 2.805692190714833556e-01 1.273404247129497985e-16 7.160878318338851018e-04 1.648853166855131095e-03 6.916805449520682441e-04 1.477474342159612465e+10 7.044446865840386963e+10 1.130745357175797139e+01
6.309573444802510742e+12 1.601244100907609713e+00 -4.707808901674444546e-01 -1.979558570845326271e+00 2.791080928539784178e-01 1.016124155552130969e-16 6.411309988494101478e-04 1.476258680607034530e-03 6.135527487655143908e-04 1.431007478865226746e+10 7.090913729134773254e+10 1.176836233270342014e+01
7.079457843842039062e+12 1.570046267434429543e+00 -4.511050886294518114e-01 -1.969516194940983178e+00 2.774656597979191508e-01 8.102829038101574423e-17 5.736363659109923506e-04 1.320846544945928963e-03 5.436251181266905583e-04 1.384343878860360909e+10 7.137577329139639282e+10 1.225274781482140618e+01
7.943282347243568359e+12 1.539158759852841341e+00 -4.312360073354594148e-01 -1.959411712572982633e+00 2.756311826966794665e-01 6.456446340980726514e-17 5.128537624623753181e-04 1.180889428331774850e-03 4.810817187947482340e-04 1.337516339902252579e+10 7.184404868097747803e+10 1.276224414963112608e+01
8.912509381338316406e+12 1.508582519763734808e+00 -4.111704813118875479e-01 -1.949194155697835606e+00 2.735935239123956086e-01 5.140608818011940791e-17 4.581572431632189419e-04 1.054946038354876098e-03 4.251858321275821880e-04 1.290560453367858124e+10 7.231360754632141113e+10 1.329863516577389326e+01
1.000000000000098242e+13 1.478319733986389828e+00 -3.909061279438311720e-01 -1.938713675582292906e+00 2.713412850583836744e-01 4.090107376494589472e-17 4.090107376494991160e-04 9.417820273862352641e-04 3.752676304840545964e-04 1.243510361524091339e+10 7.278410846475909424e+10 1.386392812926816553e+01
1.122018454302075391e+13 1.448372694544414863e+00 -3.704406465805920590e-01 -1.928082679461789128e+00 2.688628028402528791e-01 3.251458942475127859e-17 3.648196936862603480e-04 8.400283883126370785e-04 3.307223700915829586e-04 1.196402626993823051e+10 7.325518581006176758e+10 1.446035015509086108e+01
1.258925411794294922e+13 1.418742654375476198e+00 -3.497710247014683138e-01 -1.917368336701728904e+00 2.661461054213705157e-01 2.582183514373721371e-17 3.250776444161376983e-04 7.485189380982178045e-04 2.910086869313117356e-04 1.149281205338684845e+10 7.372640002661315918e+10 1.509030492621502795e+01
1.412537544622899805e+13 1.389430402845717394e+00 -3.288938810335779173e-01 -1.906591035569169090e+00 2.631790004124032190e-01 2.048425282160038309e-17 2.893477618405811461e-04 6.662478431053135567e-04 2.556395174012235870e-04 1.102195465218899727e+10 7.419725742781100464e+10 1.575641231714319623e+01
1.584893192461279492e+13 1.360437581400748108e+00 -3.078063990271600603e-01 -1.895553040075104390e+00 2.599492933136508532e-01 1.623378423153424632e-17 2.572881411644389101e-04 5.924278384493847621e-04 2.241726253623562673e-04 1.055194591704068375e+10 7.466726616295932007e+10 1.646161627698741370e+01
1.778279410039111719e+13 1.331766605408724047e+00 -2.865063356005541073e-01 -1.884299753621999640e+00 2.564449310904977075e-01 1.285073335319567138e-17 2.285219452589073378e-04 5.261912245751613820e-04 1.962071487867427194e-04 1.008328344989362144e+10 7.513592863010638428e+10 1.720924131160482062e+01
1.995262314969094922e+13 1.303418827591790841e+00 -2.649906797955430826e-01 -1.872946808604425417e+00 2.526539255643047710e-01 1.015913490880100484e-17 2.027013903621763767e-04 4.667371997771142854e-04 1.713839381779359416e-04 9.616538908364934921e+09 7.560267317163507080e+10 1.800293419162677466e+01
2.238721138568585156e+13 1.275394997899640392e+00 -2.432559329058016362e-01 -1.861558836631572955e+00 2.485645216498240384e-01 8.019291404392331336e-18 1.795295718335446764e-04 4.133821158555236954e-04 1.493809552871200883e-04 9.152361301669574738e+09 7.606685077833042908e+10 1.884668285753256711e+01
2.511886431509859375e+13 1.247696152373009681e+00 -2.212987726543441669e-01 -1.849948359728832203e+00 2.441654900836070230e-01 6.321030521668091851e-18 1.587771080053776733e-04 3.655978020018882434e-04 1.299064573406848806e-04 8.691414441841991425e+09 7.652779763815800476e+10 1.974496736297305333e+01
2.818382931264771875e+13 1.220324590640684104e+00 -1.991168812602381044e-01 -1.838051122357064138e+00 2.394465346324176902e-01 4.974871196904850280e-18 1.402109206659737570e-04 3.228475758004419613e-04 1.126953228956267041e-04 8.234352378023356438e+09 7.698485970197663879e+10 2.070290881275006001e+01
3.162277660168741406e+13 1.193281851777411307e+00 -1.767073698452511221e-01 -1.826037387333906858e+00 2.343982385795659318e-01 3.908362826931257014e-18 1.235932845543866393e-04 2.845840546091019606e-04 9.750953213538816704e-05 7.781891904181663513e+09 7.743732017581832886e+10 2.172622681492715557e+01
3.548133892336166406e+13 1.166568671661904810e+00 -1.540666805810531337e-01 -1.813979761978719907e+00 2.290122882341984745e-01 3.064341409834113062e-18 1.087269361392160746e-04 2.503530223610745602e-04 8.413610521113381365e-05 7.334836943676983833e+09 7.788437513632301331e+10 2.282123791935909551e+01
3.981071705535441406e+13 1.140185580075226301e+00 -1.311910386972970077e-01 -1.801770937089185454e+00 2.232818653273807852e-01 2.397615650941201041e-18 9.545079828710954122e-05 2.197835852502800483e-04 7.238269002085000062e-05 6.894021879609698296e+09 7.832519020039030457e+10 2.399505558318536202e+01
4.466835921510164844e+13 1.114134482371659907e+00 -1.080778544808009972e-01 -1.789223965040013908e+00 2.172023662859907389e-01 1.872037881966792281e-18 8.362086057597074374e-05 1.925441470255637394e-04 6.207449671395394658e-05 6.460262548361863136e+09 7.875894953163813782e+10 2.525586597977041592e+01
5.011872336273329688e+13 1.088417144166795358e+00 -8.472447951807114686e-02 -1.776520700025931987e+00 2.107715170052602283e-01 1.458125185382797958e-18 7.307937279443465464e-05 1.682714744018198589e-04 5.305410617826939389e-05 6.034407983374682426e+09 7.918480409662532043e+10 2.661298970289198351e+01
5.623413251904180469e+13 1.063034248039694152e+00 -6.112731712838982007e-02 -1.763746827428836816e+00 2.039895317160176635e-01 1.132665217613741712e-18 6.369444594700048143e-05 1.466618817440783294e-04 4.518077227462197578e-05 5.617384104152869225e+09 7.960182797584713745e+10 2.807687595848102191e+01
6.309573444802717188e+13 1.037985995314449461e+00 -3.728229266274610265e-02 -1.750904028662995549e+00 1.968596539192171424e-01 8.772811321818629755e-19 5.535269735241145388e-05 1.274542957806735978e-04 3.832786783650320877e-05 5.210153451794714928e+09 8.000905862820529175e+10 2.965936030479555541e+01
7.079457843842270312e+13 1.013273648054914489e+00 -1.318632506954259091e-02 -1.737713851655941388e+00 1.893890735009371717e-01 6.774839330221848565e-19 4.796218943711017630e-05 1.104370224252463793e-04 3.238058488135523306e-05 4.813649330609025955e+09 8.040556274939097595e+10 3.137413567749172216e+01
7.943282347243828125e+13 9.888990771369036148e-01 1.116299792848641712e-02 -1.724282501759105912e+00 1.815893668038967290e-01 5.214722360303151490e-19 4.142201207037368970e-05 9.537770751506189628e-05 2.723521663284755124e-05 4.428787754338034630e+09 8.079042432566197205e+10 3.323709476250699169e+01
8.912509381338607812e+13 9.648629399322371514e-01 3.576921888883480283e-02 -1.710761900874435693e+00 1.734764147671237211e-01 3.999077616531173361e-19 3.564181677403532118e-05 8.206831599111886501e-05 2.279906604519305017e-05 4.056526080186415195e+09 8.116268599981358337e+10 3.526638798474574799e+01
1.000000000000130938e+14 9.411652467892990259e-01 6.063654717391146753e-02 -1.697239123690314155e+00 1.650709812589183645e-01 3.054370416628362645e-19 3.054370416628762568e-05 7.032947789811402320e-05 1.898912119796224355e-05 3.697843726395731449e+09 8.152136835360426331e+10 3.748277286291477139e+01
1.122018454302112188e+14 9.178064932464538028e-01 8.576870225186290775e-02 -1.683410212991307775e+00 1.563995309646414034e-01 2.323122934321733492e-19 2.606586803921458602e-05 6.001887918304544433e-05 1.573041227093327024e-05 3.353664306525660038e+09 8.186554777347433472e+10 3.991045065085639720e+01
1.258925411794336094e+14 8.947884180519085628e-01 1.111679930664846300e-01 -1.669235342046582193e+00 1.474949478633694189e-01 1.758995252435830247e-19 2.214443822517059854e-05 5.098945335000534547e-05 1.295520395760701083e-05 3.024828785011337757e+09 8.219438329498866272e+10 4.257799910117720543e+01
1.412537544622946250e+14 8.721117443587279583e-01 1.368377160829324368e-01 -1.654953806705755426e+00 1.383959830501743093e-01 1.325094796864702192e-19 1.871746150755908088e-05 4.309854784599540238e-05 1.060300392770700264e-05 2.712153196243787766e+09 8.250705888375621033e+10 4.551875334767446191e+01
1.584893192461331250e+14 8.497763533344390163e-01 1.627820778424530213e-01 -1.640686732751980292e+00 1.291473988120534211e-01 9.926393404043390657e-20 1.573227333176143100e-05 3.622489805262164462e-05 8.619917780241585613e-06 2.416425918062782288e+09 8.280278616193722534e+10 4.877144527847636368e+01
1.778279410039170000e+14 8.277820085096445624e-01 1.890054340065636385e-01 -1.626216701292545030e+00 1.198002118626661783e-01 7.392002115059207587e-20 1.314504516017578375e-05 3.026758503255428865e-05 6.957605703112194735e-06 2.138333874122266293e+09 8.308087820587773132e+10 5.238175709452129070e+01
1.995262314969160312e+14 8.061299983393297452e-01 2.155102612188664613e-01 -1.611303941987376476e+00 1.104121865436987898e-01 5.470291597489170017e-20 1.091466667636258739e-05 2.513194878399136178e-05 5.572617357698559065e-06 1.878411240208682299e+09 8.334080083979132080e+10 5.640447901922581764e+01
2.238721138568658125e+14 7.848211869265293572e-01 2.422993745019482725e-01 -1.596250815653788013e+00 1.010465414839378240e-01 4.019733253146938396e-20 8.999061805227410763e-06 2.072110556364872440e-05 4.426290999007561823e-06 1.637077221832968235e+09 8.358213485816703796e+10 6.090505585826609547e+01
2.511886431509941875e+14 7.638552776221735341e-01 2.693769349553218340e-01 -1.581181112892443785e+00 9.177081783034291007e-02 2.931013556963674494e-20 7.362373184308746201e-06 1.695249074324842279e-05 3.484451091335137040e-06 1.414648450537677526e+09 8.380456362946232605e+10 6.596119914514564186e+01
2.818382931264864375e+14 7.432314521899575643e-01 2.967477724237774783e-01 -1.566048468212717815e+00 8.265605770602985070e-02 2.119314570821178615e-20 5.973040012383331655e-06 1.375343289237082996e-05 2.716803000444659109e-06 1.211285520566632509e+09 8.400792655943336487e+10 7.166612959981091535e+01
3.162277660168845000e+14 7.229502282746952391e-01 3.244148997535800105e-01 -1.550435545895913814e+00 7.377621263244478478e-02 1.518938364657382925e-20 4.803304857729440601e-06 1.106001816251369627e-05 2.096466724072548537e-06 1.026942298400299788e+09 8.419226978159970093e+10 7.813351136009153208e+01
3.548133892336283125e+14 7.030125272974023787e-01 3.523805675615334643e-01 -1.534568350628610522e+00 6.520595212962745912e-02 1.078050416751915397e-20 3.825067221324725767e-06 8.807542763522471273e-06 1.599777700921646297e-06 8.613793250407155752e+08 8.435783275495928955e+10 8.550275734727014765e+01
3.981071705535571875e+14 6.834178634487054760e-01 3.806488005604678482e-01 -1.518661426522867508e+00 5.701779851344376121e-02 7.569218478089160521e-21 3.013360151613778070e-06 6.938518164928163423e-06 1.206126177710382144e-06 7.141966267102278471e+08 8.450501545328977966e+10 9.394400814108092845e+01
4.466835921510310625e+14 6.641650279337342200e-01 4.092246243408891315e-01 -1.502831321351003835e+00 4.928015426141232197e-02 5.252052463329863630e-21 2.346005660485854983e-06 5.401877661914380610e-06 8.976162820393197718e-07 5.848165278887698650e+08 8.463439555211123657e+10 1.036660202131023567e+02
5.011872336273493750e+14 6.452535628407642943e-01 4.381119187546994587e-01 -1.486558252633913835e+00 4.205544745118756922e-02 3.598936895232217333e-21 1.803741226520836778e-06 4.153267659805675086e-06 6.587376489963194594e-07 4.724541567058635354e+08 8.474675792329414368e+10 1.149288792186899855e+02
5.623413251904365000e+14 6.266842365840213924e-01 4.673124751171222058e-01 -1.469866629655181223e+00 3.539770183064346737e-02 2.432711552241887283e-21 1.368014238093786717e-06 3.149969191638360940e-06 4.761567277102193740e-07 3.761310922441912889e+08 8.484308098775581360e+10 1.280609418737397220e+02
6.309573444802923750e+14 6.084565014277339978e-01 4.968298540271698926e-01 -1.453118979493705831e+00 2.934913973203837068e-02 1.619714801505317673e-21 1.021970949973219138e-06 2.353175074881298160e-06 3.385781210472285106e-07 2.947283185972096324e+08 8.492448376140278625e+10 1.434763665235504106e+02
7.079457843842502500e+14 5.905688865921085995e-01 5.266689920757402499e-01 -1.436524089988115316e+00 2.393834316472131032e-02 1.060648657473747033e-21 7.508817457713537710e-07 1.728969114414464092e-06 2.365245163148348672e-07 2.270090812915947437e+08 8.499220299870840454e+10 1.616992276996313080e+02
7.943282347244088750e+14 5.730199609912233205e-01 5.568347269383372433e-01 -1.419639123659838909e+00 1.917902487477306586e-02 6.822900787468195494e-22 5.419622738209390422e-07 1.247914252665251393e-06 1.621024321378423136e-07 1.716273332594122291e+08 8.504758474674058533e+10 1.834017560582336728e+02
8.912509381338898750e+14 5.558100294054842960e-01 5.873287168464663699e-01 -1.402153911322738811e+00 1.506946631294207167e-02 4.305455253665475261e-22 3.837241033922839388e-07 8.835574002935790225e-07 1.088156408138717703e-07 1.271592110765671283e+08 8.509205286892343140e+10 2.094608646764905586e+02
