# Matter power spectrum P(k) at redshift z=1.44499
# for k=1.03839e-05 to 103946 h/Mpc,
# number of wavenumbers equal to 162
#    1:k (h/Mpc)              2:P (Mpc/h)^3        
       1.038387980426e-05       1.402959564399e+01 
       1.307253015860e-05       1.750026399440e+01 
       1.645734041311e-05       2.182949040873e+01 
       2.071856405662e-05       2.722965455060e+01 
       2.608312678676e-05       3.396563263515e+01 
       3.283671113090e-05       4.236780111808e+01 
       4.133897008243e-05       5.284816314325e+01 
       5.204267993417e-05       6.592047773684e+01 
       6.551785226700e-05       8.222525260854e+01 
       8.248208914511e-05       1.025607645356e+02 
       1.038387980426e-04       1.279214314756e+02 
       1.307253015860e-04       1.595450298580e+02 
       1.645734041311e-04       1.989703635747e+02 
       2.071856405662e-04       2.481067881531e+02 
       2.608312678676e-04       3.093163631343e+02 
       3.283671113090e-04       3.855077806505e+02 
       4.133897008243e-04       4.802380998651e+02 
       5.204267993417e-04       5.978132019809e+02 
       6.551785226700e-04       7.433712757537e+02 
       8.248208914511e-04       9.229279906557e+02 
       1.038387980426e-03       1.143358979252e+03 
       1.307253015860e-03       1.412279583898e+03 
       1.645734041311e-03       1.737665974627e+03 
       2.071856405662e-03       2.127197425052e+03 
       2.608312678676e-03       2.586914104877e+03 
       3.283671113090e-03       3.119438628476e+03 
       4.133897008243e-03       3.721506230859e+03 
       5.204267993417e-03       4.380655256191e+03 
       6.551785226700e-03       5.071254357953e+03 
       8.248208914511e-03       5.750303047647e+03 
       1.038387980426e-02       6.352782047217e+03 
       1.307253015860e-02       6.790151292386e+03 
       1.645734041309e-02       6.954049912033e+03 
       2.071856389740e-02       6.738829948437e+03 
       2.608300445243e-02       6.096596560987e+03 
       3.281964991556e-02       5.125594363589e+03 
       4.076731882098e-02       4.157004289403e+03 
       4.748610964640e-02       3.602266052346e+03 
       5.235556489500e-02       3.330072779528e+03 
       5.636819838611e-02       3.160499210515e+03 
       5.994952259956e-02       3.032526745838e+03 
       6.328896038018e-02       2.920704645151e+03 
       6.648665992189e-02       2.812283522676e+03 
       6.960262323712e-02       2.700486841528e+03 
       7.267623995969e-02       2.582057686463e+03 
       7.573525737584e-02       2.456134565990e+03 
       7.880036892493e-02       2.323971492034e+03 
       8.188776255393e-02       2.187751160560e+03 
       8.501063007773e-02       2.050887427907e+03 
       8.818010842318e-02       1.917156487473e+03 
       9.140589175815e-02       1.790370916156e+03 
       9.469664359045e-02       1.673869024965e+03 
       9.806028224808e-02       1.570300210719e+03 
       1.015041833512e-01       1.481173388495e+03 
       1.050353261720e-01       1.406790217702e+03 
       1.086604010236e-01       1.346201351684e+03 
       1.123858889329e-01       1.297261360426e+03 
       1.162181211904e-01       1.256623055362e+03 
       1.201633240441e-01       1.220207554092e+03 
       1.242276522951e-01       1.183628093424e+03 
       1.284172145558e-01       1.142837412907e+03 
       1.327380922745e-01       1.094929954204e+03 
       1.371963541906e-01       1.038922564240e+03 
       1.417980675894e-01       9.759600403698e+02 
       1.465493075383e-01       9.091405210296e+02 
       1.514561651563e-01       8.428925764880e+02 
       1.565247558934e-01       7.817596143981e+02 
       1.617612287437e-01       7.293200588831e+02 
       1.671717772872e-01       6.872483696105e+02 
       1.727626534338e-01       6.549629662133e+02 
       1.785401847321e-01       6.296834751320e+02 
       1.845107960933e-01       6.073763418173e+02 
       1.906810367808e-01       5.835384932719e+02 
       1.970576135147e-01       5.547972377425e+02 
       2.036474305566e-01       5.205650813631e+02 
       2.104576376707e-01       4.833228191006e+02 
       2.174956869163e-01       4.470536903022e+02 
       2.247693993211e-01       4.152778380441e+02 
       2.322870426350e-01       3.897898557053e+02 
       2.400574215756e-01       3.700754648466e+02 
       2.480899822819e-01       3.533608937220e+02 
       2.563949331083e-01       3.361947493604e+02 
       2.649833844501e-01       3.165310320461e+02 
       2.738675110412e-01       2.947189340279e+02 
       2.830607411522e-01       2.730998903615e+02 
       2.925779784269e-01       2.542971730806e+02 
       3.024358638260e-01       2.390445305339e+02 
       3.126530874568e-01       2.260019509199e+02 
       3.232507631655e-01       2.130915224919e+02 
       3.342528829678e-01       1.991308256153e+02 
       3.456868741616e-01       1.848996086281e+02 
       3.575842899774e-01       1.718779417843e+02 
       3.699816759319e-01       1.607369003155e+02 
       3.829216702507e-01       1.506150107379e+02 
       3.964544203492e-01       1.404572208757e+02 
       4.106394324383e-01       1.302212177669e+02 
       4.255480244689e-01       1.206664270553e+02 
       4.412666349754e-01       1.120420664455e+02 
       4.579013710836e-01       1.038843522568e+02 
       4.755843921419e-01       9.580164668781e+01 
       4.944830838092e-01       8.809118698463e+01 
       5.148136006390e-01       8.093381218853e+01 
       5.368614811649e-01       7.397383887117e+01 
       5.610141638893e-01       6.723188319167e+01 
       5.878144430577e-01       6.078573920133e+01 
       6.180527285099e-01       5.446346223649e+01 
       6.529356760506e-01       4.827850626125e+01 
       6.944158716649e-01       4.211974942008e+01 
       7.458878060771e-01       3.591189945428e+01 
       8.137756820931e-01       2.951968543777e+01 
       9.112857638517e-01       2.282129030504e+01 
       1.065396821454e+00       1.592171629826e+01 
       1.310859802664e+00       9.797480246591e+00 
       1.647471546876e+00       5.682512896464e+00 
       2.073990047125e+00       3.253130889856e+00 
       2.610998571871e+00       1.846986279508e+00 
       3.287052452179e+00       1.040870302659e+00 
       4.138153861949e+00       5.826177430815e-01 
       5.209627054722e+00       3.241185801603e-01 
       6.558531885160e+00       1.792976333200e-01 
       8.256702454290e+00       9.867255875719e-02 
       1.039457253733e+01       5.404477776067e-02 
       1.308599151198e+01       2.947167167722e-02 
       1.647428725296e+01       1.600558842990e-02 
       2.073989886394e+01       8.659176050143e-03 
       2.610998571786e+01       4.667441567468e-03 
       3.287052452179e+01       2.506969843238e-03 
       4.138153861949e+01       1.341744367711e-03 
       5.209627054722e+01       7.154450022090e-04 
       6.558531885160e+01       3.799538955832e-04 
       8.256702454290e+01       2.008231847881e-04 
       1.039457253733e+02       1.055206409235e-04 
       1.308599151198e+02       5.501751546210e-05 
       1.647428725296e+02       2.838457432655e-05 
       2.073989886394e+02       1.443196718498e-05 
       2.610998571786e+02       7.193444401649e-06 
       3.287052452179e+02       3.494307173291e-06 
       4.138153861949e+02       1.647277783802e-06 
       5.209627054722e+02       7.550965581872e-07 
       6.558531885160e+02       3.413506114496e-07 
       8.256702454290e+02       1.565671528918e-07 
       1.039457253733e+03       7.523994408457e-08 
       1.308599151198e+03       3.786286442726e-08 
       1.647428725296e+03       1.891318985409e-08 
       2.073989886394e+03       9.085848733157e-09 
       2.610998571786e+03       4.655818752022e-09 
       3.287052452180e+03       2.373244078880e-09 
       4.138153861949e+03       1.222724611768e-09 
       5.209627054722e+03       6.156026984908e-10 
       6.558531885160e+03       3.162136472224e-10 
       8.256702454290e+03       1.661363950136e-10 
       1.039457253733e+04       8.432745067011e-11 
       1.308599151198e+04       4.425844033297e-11 
       1.647428725296e+04       2.180507660162e-11 
       2.073989886394e+04       1.118043041568e-11 
       2.610998571786e+04       2.725918693064e-12 
       3.287052452180e+04       7.706631777003e-13 
       4.138153861949e+04       1.149706133632e-09 
       5.209627054722e+04       2.542842790447e-07 
       6.558531885160e+04       3.989073137227e-05 
       8.256702454290e+04       1.401865411002e+01 
       1.039457253733e+05       4.119861600599e+05 
