#  R_hMpc M_hMsun sigma
3.669228513308751046e-03 1.000000000000000745e+08 3.348680452701333632e+00
3.766635614462331225e-03 1.081774017548857331e+08 3.328774267844151868e+00
3.866628584367533955e-03 1.170235025043790340e+08 3.371644067174918380e+00
3.969276070146820524e-03 1.265929844518007636e+08 3.362675160790100648e+00
4.074648541299516653e-03 1.369450013839244246e+08 3.353238345442937529e+00
4.182818338080509374e-03 1.481435443303210735e+08 3.343340437295757805e+00
4.293859721163257280e-03 1.602578371241385341e+08 3.332996642826345113e+00
4.407848922621159828e-03 1.733627643094695807e+08 3.322239167901679391e+00
4.524864198262377839e-03 1.875393340404298007e+08 3.311108508967476549e+00
4.644985881353983631e-03 2.028751788333527148e+08 3.299637915638569119e+00
4.768296437772284561e-03 2.194650972674986124e+08 3.287854333662546313e+00
4.894880522617272266e-03 2.374116399828118384e+08 3.275787268854079670e+00
5.024825038330008563e-03 2.568257435970689952e+08 3.263460771331131216e+00
5.158219194352818907e-03 2.778274164609737992e+08 3.250880487281754938e+00
5.295154568373331740e-03 3.005464804902068973e+08 3.238041493453017061e+00
5.435725169194333649e-03 3.251233736600590348e+08 3.224938455031373774e+00
5.580027501272667896e-03 3.517100181232799888e+08 3.211557481855810359e+00
5.728160630971392692e-03 3.804707593174015880e+08 3.197877960832065103e+00
5.880226254570784274e-03 4.115833818666482568e+08 3.183890330308060790e+00
6.036328768084833242e-03 4.452402085582291484e+08 3.169595345280451948e+00
6.196575338931108179e-03 4.816492891863260865e+08 3.155001050576253796e+00
6.361075979503294335e-03 5.210356866126413941e+08 3.140136958743080076e+00
6.529943622696860947e-03 5.636428679932836294e+08 3.125049353355536574e+00
6.703294199439663835e-03 6.097342097718542814e+08 3.109792058364756695e+00
6.881246718280797404e-03 6.595946257418738604e+08 3.094432193271362763e+00
7.063923347092308618e-03 7.135323282424209118e+08 3.079035888601001858e+00
7.251449496939781081e-03 7.718807333737927675e+08 3.063661821408152353e+00
7.443953908179492228e-03 8.350005220103229284e+08 3.048363420422280701e+00
7.641568738841202253e-03 9.032818693504991531e+08 3.033178225046457843e+00
7.844429655357171294e-03 9.771468567863305807e+08 3.018138767647938092e+00
8.052675925699831483e-03 1.057052081000982404e+09 3.003273559353830446e+00
8.266450514991986395e-03 1.143491476422811985e+09 2.988615317364513579e+00
8.485900183655107828e-03 1.236999368482778072e+09 2.974208810513681023e+00
8.711175588163252298e-03 1.338153776549009085e+09 2.960108785528065223e+00
8.942431384471682607e-03 1.447579986955595732e+09 2.946381353157283556e+00
9.179826334191154222e-03 1.565954418212275743e+09 2.933090446243408422e+00
9.423523413580872296e-03 1.694008802287870169e+09 2.920292232660600895e+00
9.673689925434903261e-03 1.832534707814075470e+09 2.908021986209551546e+00
9.930497613938743529e-03 1.982388433169751406e+09 2.896295003252483458e+00
1.019412278257508624e-02 2.144496299692420959e+09 2.885107394754441223e+00
1.046474641515959987e-02 2.319860377736922741e+09 2.874446862428687410e+00
1.074255430008983457e-02 2.509564680976878643e+09 2.864299868312490727e+00
1.102773715789256460e-02 2.714781867239066601e+09 2.854653674109091543e+00
1.132049077215717924e-02 2.936780487291986942e+09 2.845491644936936737e+00
1.162101612394490953e-02 3.176932826396940231e+09 2.836780292771088785e+00
1.192951952976623389e-02 3.436723387094255447e+09 2.828461487391578100e+00
1.224621278322121296e-02 3.717758065661060333e+09 2.820451615401537548e+00
1.257131330039990870e-02 4.021774078964829922e+09 2.812651122392209047e+00
1.290504426914274722e-02 4.350650703075627327e+09 2.804959277955001440e+00
1.324763480226335763e-02 4.706420890017870903e+09 2.797281937326199230e+00
1.359932009483896635e-02 5.091283834470494270e+09 2.789528036661878208e+00
1.396034158567638524e-02 5.507618568096693993e+09 2.781600181986074727e+00
1.433094712306446500e-02 5.957998665536620140e+09 2.773390560362034574e+00
1.471139113492682567e-02 6.445208152968273163e+09 2.764790198150945066e+00
1.510193480349149818e-02 6.972258717575133324e+09 2.755706525933754314e+00
1.550284624459766225e-02 7.542408324301277161e+09 2.746074211322466319e+00
1.591440069176240299e-02 8.159181354973313332e+09 2.735850327751809807e+00
1.633688068513387825e-02 8.826390394279205322e+09 2.725002655063588186e+00
1.677057626546059332e-02 9.548159797274032593e+09 2.713508575396077482e+00
1.721578517321009638e-02 1.032895118409559059e+10 2.701368207605769900e+00
1.767281305297356900e-02 1.117359101948510170e+10 2.688614267418945047e+00
1.814197366329678082e-02 1.208730044759619713e+10 2.675302483435500811e+00
1.862358909208149810e-02 1.307572756651620674e+10 2.661492546548518412e+00
1.911798997770506464e-02 1.414498234200456810e+10 2.647243267471618644e+00
1.962551573601007890e-02 1.530167437626788330e+10 2.632621902808042869e+00
2.014651479332003545e-02 1.655295376523967552e+10 2.617701714119216039e+00
2.068134482564075449e-02 1.790655529692378998e+10 2.602540878014650172e+00
2.123037300421189849e-02 1.937084626401396561e+10 2.551170514833680070e+00
2.179397624757725693e-02 2.095487818634360886e+10 2.538944134429219179e+00
2.237254148034662632e-02 2.266844276288782120e+10 2.530368042134379714e+00
2.296646589882706327e-02 2.452213239918540955e+10 2.517193506286177218e+00
2.357615724370597243e-02 2.652740568433173752e+10 2.504005613294372878e+00
2.420203407997298037e-02 2.869665822228790665e+10 2.507342511432242294e+00
2.484452608427293110e-02 3.104329925535075760e+10 2.477637827003177584e+00
2.550407433988735248e-02 3.358183455343215942e+10 2.464485386798598299e+00
2.618113163954667935e-02 3.632795608152730560e+10 2.451363592682285653e+00
2.687616279628126867e-02 3.929863899965219879e+10 2.444305129542532207e+00
2.758964496252460513e-02 4.251224659485578156e+10 2.425207809059397146e+00
2.832206795768785548e-02 4.598864379394482422e+10 2.412145485538326195e+00
2.907393460443025851e-02 4.974931995859896851e+10 2.399072101861699391e+00
2.984576107385679064e-02 5.381752172193701935e+10 2.385984713493356058e+00
3.063807723987968870e-02 5.821839668766256714e+10 2.372892937030301574e+00
3.145142704298720809e-02 6.297914888006577301e+10 2.359807616416978338e+00
3.228636886366929165e-02 6.812920690579617310e+10 2.346736054444268582e+00
3.314347590575678765e-02 7.370040586690028381e+10 2.333686330619250793e+00
3.402333658993697552e-02 7.972718414961801147e+10 2.320663936883272882e+00
3.492655495771579410e-02 8.624679630538966370e+10 2.307672194506759755e+00
3.585375108610420331e-02 9.329954333999908447e+10 2.294710341754863769e+00
3.680556151331308701e-02 1.009290218343844147e+11 2.281770826958154696e+00
3.778263967574909538e-02 1.091823934370580902e+11 2.269243249707025623e+00
3.878565635661156835e-02 1.181106763940060272e+11 2.256274248030115004e+00
3.981530014639821785e-02 1.277690609181567383e+11 2.243117425615971605e+00
4.087227791563587120e-02 1.382172503478787537e+11 2.223675631116774021e+00
4.195731530016098831e-02 1.495198302033806458e+11 2.215765186835553457e+00
4.307115719928272107e-02 1.617466674223338928e+11 2.200772692257064289e+00
4.421456828717076903e-02 1.749733422425965881e+11 2.188589862858921986e+00
4.538833353781920182e-02 1.892816154017243958e+11 2.177265723064371272e+00
4.659325876394636301e-02 2.047599335412608643e+11 2.163749458479524268e+00
4.783017117020092052e-02 2.215039759399662170e+11 2.151201992390170847e+00
4.909991992105414149e-02 2.396172459556224365e+11 2.138607972187383854e+00
5.040337672376766359e-02 2.592117108314057617e+11 2.125983386988926416e+00
5.174143642683767808e-02 2.804084938218017578e+11 2.113553520023147225e+00
5.311501763432580070e-02 3.033386229164340210e+11 2.100869042612941051e+00
5.452506333649859149e-02 3.281438407900479126e+11 2.088244147840356835e+00
5.597254155720886998e-02 3.549774809853618164e+11 2.075604303014506158e+00
5.745844601846290811e-02 3.840054157449074707e+11 2.062985115438006112e+00
5.898379682262986506e-02 4.154070813508869019e+11 2.050406306574191984e+00
6.054964115276208897e-02 4.493765873111926880e+11 2.037820722141051366e+00
6.215705399150663751e-02 4.861239162480231934e+11 2.025257480724957482e+00
6.380713885910170580e-02 5.258762219062070312e+11 2.012703422931450881e+00
6.550102857096497255e-02 5.688792333048914795e+11 2.000172328576415026e+00
6.723988601539324095e-02 6.153987737123446045e+11 1.987674504776748563e+00
6.902490495190811981e-02 6.657224038334412842e+11 1.975207163327690418e+00
7.085731083079511994e-02 7.201611993671839600e+11 1.962758993286380926e+00
7.273836163439902081e-02 7.790516739222401123e+11 1.950326678125429591e+00
7.466934874075351058e-02 8.427578591770219727e+11 1.937910743320268692e+00
7.665159781013723694e-02 9.116735551428001709e+11 1.925514120796304240e+00
7.868646969516533696e-02 9.862247644398743896e+11 1.913234207428135214e+00
8.077536137504147395e-02 1.066872325634295532e+12 1.900709859384621003e+00
8.291970691461118814e-02 1.154114761913103271e+12 1.888414267312072958e+00
8.512097844887524245e-02 1.248491362707177490e+12 1.876149221233200048e+00
8.738068719363922821e-02 1.350585517310787842e+12 1.863894963224200785e+00
8.970038448299252898e-02 1.461028321104591064e+12 1.851678562360330904e+00
9.208166283432929478e-02 1.580502476673971924e+12 1.839464194736611935e+00
9.452615704164295252e-02 1.709746513937519775e+12 1.827276187320553191e+00
9.703554529784380600e-02 1.849559355372339111e+12 1.815119996443485650e+00
9.961155034687149690e-02 2.000805254556205322e+12 1.802987351767072255e+00
1.022559406663920978e-01 2.164419138554128174e+12 1.790883708271302055e+00
1.049705316818924095e-01 2.341412387173329590e+12 1.778797857153771922e+00
1.077571870130052262e-01 2.532879084811146973e+12 1.766739632454568998e+00
1.106178197529203294e-01 2.740002783541624512e+12 1.754710405668399309e+00
1.135543937817601323e-01 2.964063819246867676e+12 1.742705412923973851e+00
1.165689251148219752e-01 3.206447226017886230e+12 1.730726366059437416e+00
1.196634832866117215e-01 3.468651297747753906e+12 1.718778916257015954e+00
1.228401927716193942e-01 3.752296849840636230e+12 1.706853901789804118e+00
1.261012344428126819e-01 4.059137238288022949e+12 1.694956007345599369e+00
1.294488470688482384e-01 4.391069198044995605e+12 1.683084171162511966e+00
1.328853288510305486e-01 4.750144567704163086e+12 1.671240477021625148e+00
1.364130390010715177e-01 5.138582972943206055e+12 1.659424238863847600e+00
1.400343993607353066e-01 5.558785547148910156e+12 1.647635771120554704e+00
1.437518960644801058e-01 6.013349774031784180e+12 1.635874459197705466e+00
1.475680812462377978e-01 6.505085543980868164e+12 1.624142804323213785e+00
1.514855747915034578e-01 7.037032523411161133e+12 1.612434112084461413e+00
1.555070661359380935e-01 7.612478944472446289e+12 1.600761940376587811e+00
1.596353161117185504e-01 8.234981931268036133e+12 1.589115066812183619e+00
1.638731588429022668e-01 8.908389488230044922e+12 1.577496376621981833e+00
1.682235036911092496e-01 9.636864286572599609e+12 1.565905545554492795e+00
1.726893372528552351e-01 1.042490939585873438e+13 1.554373572184524877e+00
1.772737254099080728e-01 1.127739611974090430e+13 1.542812303663845475e+00
1.819798154340760143e-01 1.219959410794200195e+13 1.531309641515685938e+00
1.868108381478703894e-01 1.319720393061375586e+13 1.519836905486890100e+00
1.917701101425288157e-01 1.427639231643157617e+13 1.508393827798983677e+00
1.968610360549195581e-01 1.544383027224980469e+13 1.496981023040442116e+00
2.020871109048906766e-01 1.670673431995429688e+13 1.485597844316025817e+00
2.074519224946698437e-01 1.807291110541828516e+13 1.474244298217136206e+00
2.129591538719603494e-01 1.955080565531167969e+13 1.462921257283282372e+00
2.186125858584246351e-01 2.114955358006338672e+13 1.451628142582273240e+00
2.244160996452927159e-01 2.287903754566992578e+13 1.440366385520418513e+00
2.303736794578753744e-01 2.474994836343048047e+13 1.429132188241728496e+00
2.364894152908120495e-01 2.677385107523489062e+13 1.417932555179884702e+00
2.427675057159326133e-01 2.896325644291160547e+13 1.406764525955363165e+00
2.492122607646579946e-01 3.133169828354623438e+13 1.395631176490181646e+00
2.558281048869213703e-01 3.389381712882035938e+13 1.384525804222777046e+00
2.626195799886391069e-01 3.666545072551025000e+13 1.373451830585571187e+00
2.695913485498169782e-01 3.966373193657477344e+13 1.362409386313126358e+00
2.767481968254348335e-01 4.290719464800930469e+13 1.351399138403524880e+00
2.840950381313029904e-01 4.641588833612780469e+13 1.340421286599085660e+00
2.916369162171492668e-01 5.021150200347200781e+13 1.329475664786566425e+00
2.993790087292519386e-01 5.431749824945825000e+13 1.318563973252526500e+00
3.073266307649948348e-01 5.875925830451942969e+13 1.307681487040200263e+00
3.154852385217843946e-01 6.356423892427087500e+13 1.296835423313192681e+00
3.238604330428366818e-01 6.876214211354381250e+13 1.286022174150352138e+00
3.324579640624020782e-01 7.438509872943368750e+13 1.275245096789218824e+00
3.412837339530695457e-01 8.046786709830765625e+13 1.264498258977019729e+00
3.503438017778615632e-01 8.704804787452368750e+13 1.253784978506411685e+00
3.596443874498975735e-01 9.416631646900854688e+13 1.243106198934381013e+00
3.691918760024868740e-01 1.018666744844564219e+14 1.232461494321960060e+00
3.789928219725768876e-01 1.101967217113916250e+14 1.221851356881088257e+00
3.890539539005727354e-01 1.192079503664453750e+14 1.211275989035544898e+00
3.993821789496089236e-01 1.289560633916742500e+14 1.200731642794497400e+00
4.099845876474524919e-01 1.395013187824960469e+14 1.190229621747171285e+00
4.208684587542896316e-01 1.509089020727044062e+14 1.179758049685267096e+00
4.320412642597342701e-01 1.632493292790764062e+14 1.169317290650068841e+00
4.435106745124953731e-01 1.765988827963820312e+14 1.158920392972047742e+00
4.552845634862225377e-01 1.910400829372817812e+14 1.148547029438699019e+00
4.673710141851393218e-01 2.066621980319300312e+14 1.138217936574744460e+00
4.797783241931847797e-01 2.235617962404776250e+14 1.127924831579378173e+00
4.925150113704677146e-01 2.418433424895002188e+14 1.117676350281203268e+00
5.055898197009410788e-01 2.616198442223105938e+14 1.107453156283269236e+00
5.190117252953185822e-01 2.830135499548740625e+14 1.097272649069307437e+00
5.327899425533508815e-01 3.061567049554479375e+14 1.087125565474858391e+00
5.469339304896884135e-01 3.311923687191748750e+14 1.077027864186993256e+00
5.614533992276794505e-01 3.582752992908627500e+14 1.066942550602604012e+00
5.763583166655621426e-01 3.875729099023955000e+14 1.056907376451392544e+00
5.916589153196164519e-01 4.192663038382152500e+14 1.046914206670737535e+00
6.073656993489887634e-01 4.535513939259255625e+14 1.036951448904337214e+00
6.234894517670004355e-01 4.906401135721309375e+14 1.027033424620047430e+00
6.400412418438993223e-01 5.307617268295510625e+14 1.017148004867545641e+00
6.570324327061255465e-01 5.741642455935720000e+14 1.007303938276434385e+00
6.744746891373212261e-01 6.211159626886648750e+14 9.974982723371441651e-01
6.923799855864334329e-01 6.719071103214423750e+14 9.877316645669642625e-01
7.107606143884033223e-01 7.268516541520693750e+14 9.780060016411897816e-01
7.296291942030951327e-01 7.862892340741135000e+14 9.683170034432744266e-01
7.489986786782544259e-01 8.505872636997665000e+14 9.586708832370387512e-01
7.688823653424355919e-01 9.201432015283848750e+14 9.490626949721935324e-01
7.892939047340159497e-01 9.953870078376245000e+14 9.394968691027320018e-01
8.102473097725593210e-01 1.076783802484442000e+15 9.299703663382931085e-01
8.317569653789531614e-01 1.164836740045129000e+15 9.204842687627633468e-01
8.538376383509398426e-01 1.260090120067128250e+15 9.110383616559711850e-01
8.765044875008132230e-01 1.363132751658637750e+15 9.016347305656382538e-01
8.997730740622341683e-01 1.474601593214191750e+15 8.922721990378196244e-01
9.236593723733225181e-01 1.595185689775255250e+15 8.829521325035997181e-01
9.481797808433549690e-01 1.725630432364621250e+15 8.736748404176294391e-01
9.733511332105866387e-01 1.866742165623646750e+15 8.644398407780126137e-01
9.991907100989431134e-01 2.019393172234538250e+15 8.552472184237263075e-01
1.025716250881509195e+00 2.184527064938886750e+15 8.460973897583966563e-01
1.052945965858947064e+00 2.363164619483149000e+15 8.369908169448847524e-01
1.080898548761227040e+00 2.556410084547592500e+15 8.279273177430470643e-01
1.109593189581239425e+00 2.765458007663460500e+15 8.189077901888756061e-01
1.139049587749092929e+00 2.991600619312758500e+15 8.099325590722024071e-01
1.169287965656160999e+00 3.236235820855609500e+15 8.010030291424889981e-01
1.200329082538145853e+00 3.500875825662480500e+15 7.921168513987242310e-01
1.232194248726703467e+00 3.787156506866572000e+15 7.832768531035961823e-01
1.264905340279392831e+00 4.096847509519342500e+15 7.744822364941000847e-01
1.298484813998021403e+00 4.431863189657752500e+15 7.657327555945779851e-01
1.332955722845679203e+00 4.794274447902956000e+15 7.570292026288298892e-01
1.368341731773040637e+00 5.186321530739806000e+15 7.483718892707630355e-01
1.404667133964817571e+00 5.610427878608516000e+15 7.397601308329735392e-01
1.441956867517508512e+00 6.069215106410440000e+15 7.311980511451677822e-01
1.480236532559879858e+00 6.565519209029829000e+15 7.226826354733401070e-01
1.519532408827956482e+00 7.102408092046368000e+15 7.142150970391603071e-01
1.559871473706577527e+00 7.683200536004505000e+15 7.057958551127979652e-01
1.601281420749887996e+00 8.311486711467117000e+15 6.974249066055276947e-01
1.643790678693507923e+00 8.991150371667689000e+15 6.891018133458332029e-01
1.687428430971417592e+00 9.726392859944846000e+15 6.808285934389147753e-01
1.732224635750944985e+00 1.052175908036104600e+16 6.726042478099628630e-01
1.778210046499635322e+00 1.138216559204329600e+16 6.644296462923362512e-01
1.825416233098111407e+00 1.231293100091103000e+16 6.563054788995442701e-01
1.873875603513401877e+00 1.331980883665738200e+16 6.482319542280917668e-01
1.923621426047646965e+00 1.440902311821357400e+16 6.402095551255573280e-01
1.974687852177441361e+00 1.558730682754424200e+16 6.322383670836607683e-01
2.027109939999478527e+00 1.686194352959925400e+16 6.243181072259581521e-01
2.080923678298620683e+00 1.824081239569646000e+16 6.164494816176799841e-01
2.136166011254910568e+00 1.973243690864754800e+16 6.086322311356993087e-01
2.192874863806454133e+00 2.134603755069698000e+16 6.008671041446738137e-01
2.251089167685642600e+00 2.309158879996622400e+16 5.931546036530775945e-01
2.310848888146537217e+00 2.497988078772555600e+16 5.854950769248882247e-01
2.372195051401806420e+00 2.702258599762936000e+16 5.778887389514095752e-01
2.435169772788006171e+00 2.923233141921498800e+16 5.703357074521225867e-01
2.499816285678585270e+00 3.162277660168378000e+16 5.628359675762236725e-01
