# Matter power spectrum P(k) at redshift z=1.96121
# for k=1.03839e-05 to 103946 h/Mpc,
# number of wavenumbers equal to 162
#    1:k (h/Mpc)              2:P (Mpc/h)^3        
       1.038387980426e-05       9.776286859942e+00 
       1.307253015860e-05       1.219476307197e+01 
       1.645734041311e-05       1.521151474565e+01 
       2.071856405662e-05       1.897452940703e+01 
       2.608312678676e-05       2.366838872837e+01 
       3.283671113090e-05       2.952331202515e+01 
       4.133897008243e-05       3.682640363235e+01 
       5.204267993417e-05       4.593568193199e+01 
       6.551785226700e-05       5.729750223751e+01 
       8.248208914511e-05       7.146818419950e+01 
       1.038387980426e-04       8.914078028229e+01 
       1.307253015860e-04       1.111780236536e+02 
       1.645734041311e-04       1.386526130556e+02 
       2.071856405662e-04       1.728958346356e+02 
       2.608312678676e-04       2.155551273261e+02 
       3.283671113090e-04       2.686600661903e+02 
       4.133897008243e-04       3.346940373582e+02 
       5.204267993417e-04       4.166650790428e+02 
       6.551785226700e-04       5.181641064519e+02 
       8.248208914511e-04       6.433936626502e+02 
       1.038387980426e-03       7.971483780186e+02 
       1.307253015860e-03       9.847245631665e+02 
       1.645734041311e-03       1.211668445750e+03 
       2.071856405662e-03       1.483340864398e+03 
       2.608312678676e-03       1.803956309712e+03 
       3.283671113090e-03       2.175341376971e+03 
       4.133897008243e-03       2.595220474354e+03 
       5.204267993417e-03       3.054903532947e+03 
       6.551785226700e-03       3.536511892986e+03 
       8.248208914511e-03       4.010108764123e+03 
       1.038387980426e-02       4.430244872566e+03 
       1.307253015860e-02       4.735252612635e+03 
       1.645734041309e-02       4.849561900687e+03 
       2.071856389740e-02       4.699462042697e+03 
       2.608300445243e-02       4.251588207678e+03 
       3.281964991556e-02       3.574442231375e+03 
       4.076731882098e-02       2.898984574753e+03 
       4.748610964640e-02       2.512116678000e+03 
       5.235556489500e-02       2.322315081687e+03 
       5.636819838611e-02       2.204053429270e+03 
       5.994952259956e-02       2.114795864428e+03 
       6.328896038018e-02       2.036813988113e+03 
       6.648665992189e-02       1.961209146278e+03 
       6.960262323712e-02       1.883242645752e+03 
       7.267623995969e-02       1.800656676384e+03 
       7.573525737584e-02       1.712846839132e+03 
       7.880036892493e-02       1.620671549594e+03 
       8.188776255393e-02       1.525678191706e+03 
       8.501063007773e-02       1.430234039921e+03 
       8.818010842318e-02       1.336982456350e+03 
       9.140589175815e-02       1.248559174584e+03 
       9.469664359045e-02       1.167328406341e+03 
       9.806028224808e-02       1.095094163945e+03 
       1.015041833512e-01       1.032931433231e+03 
       1.050353261720e-01       9.810596132373e+02 
       1.086604010236e-01       9.388173880314e+02 
       1.123858889329e-01       9.046745380681e+02 
       1.162181211904e-01       8.763325599511e+02 
       1.201633240441e-01       8.509411082439e+02 
       1.242276522951e-01       8.254291885118e+02 
       1.284172145558e-01       7.969815814537e+02 
       1.327380922745e-01       7.635798159711e+02 
       1.371963541906e-01       7.245210610947e+02 
       1.417980675894e-01       6.806067410966e+02 
       1.465493075383e-01       6.340123555070e+02 
       1.514561651563e-01       5.878113924304e+02 
       1.565247558934e-01       5.451802820724e+02 
       1.617612287437e-01       5.086107668822e+02 
       1.671717772872e-01       4.792699875863e+02 
       1.727626534338e-01       4.567548133586e+02 
       1.785401847321e-01       4.391239708526e+02 
       1.845107960933e-01       4.235675013209e+02 
       1.906810367808e-01       4.069458673541e+02 
       1.970576135147e-01       3.869002738475e+02 
       2.036474305566e-01       3.630276139935e+02 
       2.104576376707e-01       3.370555275270e+02 
       2.174956869163e-01       3.117630457018e+02 
       2.247693993211e-01       2.896032503565e+02 
       2.322870426350e-01       2.718296383688e+02 
       2.400574215756e-01       2.580799319306e+02 
       2.480899822819e-01       2.464243827697e+02 
       2.563949331083e-01       2.344529484225e+02 
       2.649833844501e-01       2.207404184465e+02 
       2.738675110412e-01       2.055288962217e+02 
       2.830607411522e-01       1.904524557460e+02 
       2.925779784269e-01       1.773395055060e+02 
       3.024358638260e-01       1.667034594966e+02 
       3.126530874568e-01       1.576072658171e+02 
       3.232507631655e-01       1.486038965326e+02 
       3.342528829678e-01       1.388684616879e+02 
       3.456868741616e-01       1.289439391125e+02 
       3.575842899774e-01       1.198633742176e+02 
       3.699816759319e-01       1.120935289308e+02 
       3.829216702507e-01       1.050348481393e+02 
       3.964544203492e-01       9.795079569558e+01 
       4.106394324383e-01       9.081273178744e+01 
       4.255480244689e-01       8.414956994374e+01 
       4.412666349754e-01       7.813497718695e+01 
       4.579013710836e-01       7.244630318606e+01 
       4.755843921419e-01       6.680963869206e+01 
       4.944830838092e-01       6.143237037876e+01 
       5.148136006390e-01       5.644101573872e+01 
       5.368614811649e-01       5.158732205459e+01 
       5.610141638893e-01       4.688558160712e+01 
       5.878144430577e-01       4.239031480267e+01 
       6.180527285099e-01       3.798126108007e+01 
       6.529356760506e-01       3.366811272264e+01 
       6.944158716649e-01       2.937311046088e+01 
       7.458878060771e-01       2.504403308032e+01 
       8.137756820931e-01       2.058625719639e+01 
       9.112857638517e-01       1.591495945897e+01 
       1.065396821454e+00       1.110337914877e+01 
       1.310859802664e+00       6.832482086339e+00 
       1.647471546876e+00       3.962825960814e+00 
       2.073990047125e+00       2.268655330888e+00 
       2.610998571871e+00       1.288039749225e+00 
       3.287052452179e+00       7.258743475719e-01 
       4.138153861949e+00       4.063033846458e-01 
       5.209627054722e+00       2.260330134387e-01 
       6.558531885160e+00       1.250387868295e-01 
       8.256702454290e+00       6.881253117988e-02 
       1.039457253733e+01       3.769018656351e-02 
       1.308599151198e+01       2.055340131182e-02 
       1.647428725296e+01       1.116244728798e-02 
       2.073989886394e+01       6.039192130534e-03 
       2.610998571786e+01       3.255385686904e-03 
       3.287052452179e+01       1.748667200751e-03 
       4.138153861949e+01       9.360127624274e-04 
       5.209627054722e+01       4.991990619941e-04 
       6.558531885160e+01       2.651937162555e-04 
       8.256702454290e+01       1.402365573897e-04 
       1.039457253733e+02       7.374193373174e-05 
       1.308599151198e+02       3.849383800755e-05 
       1.647428725296e+02       1.989541990353e-05 
       2.073989886394e+02       1.014290595378e-05 
       2.610998571786e+02       5.075122344056e-06 
       3.287052452179e+02       2.478115107900e-06 
       4.138153861949e+02       1.175503536151e-06 
       5.209627054722e+02       5.420211110821e-07 
       6.558531885160e+02       2.456398823784e-07 
       8.256702454290e+02       1.120776054562e-07 
       1.039457253733e+03       5.317116850566e-08 
       1.308599151198e+03       2.664645309108e-08 
       1.647428725296e+03       1.365491667172e-08 
       2.073989886394e+03       6.697423816380e-09 
       2.610998571786e+03       3.282266433436e-09 
       3.287052452180e+03       1.743849686467e-09 
       4.138153861949e+03       8.590434441502e-10 
       5.209627054722e+03       4.518102860343e-10 
       6.558531885160e+03       2.352773386823e-10 
       8.256702454290e+03       1.208704524159e-10 
       1.039457253733e+04       5.997792926729e-11 
       1.308599151198e+04       3.265823973803e-11 
       1.647428725296e+04       1.635183216512e-11 
       2.073989886394e+04       1.091490260004e-11 
       2.610998571786e+04       1.673119352096e-12 
       3.287052452180e+04       2.490493340194e-13 
       4.138153861949e+04       2.442443982679e-09 
       5.209627054722e+04       2.794405605475e-07 
       6.558531885160e+04       4.601992034609e-04 
       8.256702454290e+04       4.405933875057e+00 
       1.039457253733e+05       3.476535070938e+05 
