# Matter power spectrum P(k) at redshift z=1.48016
# for k=1.03839e-05 to 103946 h/Mpc,
# number of wavenumbers equal to 162
#    1:k (h/Mpc)              2:P (Mpc/h)^3        
       1.038387980426e-05       1.366281758264e+01 
       1.307253015860e-05       1.704275141705e+01 
       1.645734041311e-05       2.125879874572e+01 
       2.071856405662e-05       2.651778562791e+01 
       2.608312678676e-05       3.307766456319e+01 
       3.283671113090e-05       4.126017526313e+01 
       4.133897008243e-05       5.146655035604e+01 
       5.204267993417e-05       6.419711909465e+01 
       6.551785226700e-05       8.007564714553e+01 
       8.248208914511e-05       9.987954734110e+01 
       1.038387980426e-04       1.245772516420e+02 
       1.307253015860e-04       1.553741984103e+02 
       1.645734041311e-04       1.937690041770e+02 
       2.071856405662e-04       2.416211876640e+02 
       2.608312678676e-04       3.012312064763e+02 
       3.283671113090e-04       3.754319823639e+02 
       4.133897008243e-04       4.676880502527e+02 
       5.204267993417e-04       5.821934587065e+02 
       6.551785226700e-04       7.239530480992e+02 
       8.248208914511e-04       8.988261253981e+02 
       1.038387980426e-03       1.113508679651e+03 
       1.307253015860e-03       1.375415848894e+03 
       1.645734041311e-03       1.692314495323e+03 
       2.071856405662e-03       2.071684290070e+03 
       2.608312678676e-03       2.519407639502e+03 
       3.283671113090e-03       3.038038788598e+03 
       4.133897008243e-03       3.624398141356e+03 
       5.204267993417e-03       4.266349244750e+03 
       6.551785226700e-03       4.938918110775e+03 
       8.248208914511e-03       5.600264861714e+03 
       1.038387980426e-02       6.187021707144e+03 
       1.307253015860e-02       6.612979267624e+03 
       1.645734041309e-02       6.772601197552e+03 
       2.071856389740e-02       6.562995957559e+03 
       2.608300445243e-02       5.937520404889e+03 
       3.281964991556e-02       4.991854286486e+03 
       4.076731882098e-02       4.048537143930e+03 
       4.748610964640e-02       3.508273477680e+03 
       5.235556489500e-02       3.243184286098e+03 
       5.636819838611e-02       3.078034601048e+03 
       5.994952259956e-02       2.953400245305e+03 
       6.328896038018e-02       2.844495490415e+03 
       6.648665992189e-02       2.738904812740e+03 
       6.960262323712e-02       2.630024115461e+03 
       7.267623995969e-02       2.514686178914e+03 
       7.573525737584e-02       2.392048136573e+03 
       7.880036892493e-02       2.263333306715e+03 
       8.188776255393e-02       2.130668252888e+03 
       8.501063007773e-02       1.997374753496e+03 
       8.818010842318e-02       1.867136278162e+03 
       9.140589175815e-02       1.743656071395e+03 
       9.469664359045e-02       1.630194583714e+03 
       9.806028224808e-02       1.529328111769e+03 
       1.015041833512e-01       1.442525900518e+03 
       1.050353261720e-01       1.370083785382e+03 
       1.086604010236e-01       1.311076345420e+03 
       1.123858889329e-01       1.263412746209e+03 
       1.162181211904e-01       1.223834518461e+03 
       1.201633240441e-01       1.188370242528e+03 
       1.242276522951e-01       1.152744536499e+03 
       1.284172145558e-01       1.113017689147e+03 
       1.327380922745e-01       1.066360983156e+03 
       1.371963541906e-01       1.011814900083e+03 
       1.417980675894e-01       9.504947557837e+02 
       1.465493075383e-01       8.854188347950e+02 
       1.514561651563e-01       8.208993908242e+02 
       1.565247558934e-01       7.613619299920e+02 
       1.617612287437e-01       7.102906758807e+02 
       1.671717772872e-01       6.693167899021e+02 
       1.727626534338e-01       6.378734852266e+02 
       1.785401847321e-01       6.132533929898e+02 
       1.845107960933e-01       5.915282870701e+02 
       1.906810367808e-01       5.683126830671e+02 
       1.970576135147e-01       5.403213029545e+02 
       2.036474305566e-01       5.069823304888e+02 
       2.104576376707e-01       4.707116775091e+02 
       2.174956869163e-01       4.353891359993e+02 
       2.247693993211e-01       4.044423091295e+02 
       2.322870426350e-01       3.796193237696e+02 
       2.400574215756e-01       3.604192589737e+02 
       2.480899822819e-01       3.441410006083e+02 
       2.563949331083e-01       3.274225484325e+02 
       2.649833844501e-01       3.082720287961e+02 
       2.738675110412e-01       2.870289471925e+02 
       2.830607411522e-01       2.659740160439e+02 
       2.925779784269e-01       2.476619170375e+02 
       3.024358638260e-01       2.328072405324e+02 
       3.126530874568e-01       2.201049701911e+02 
       3.232507631655e-01       2.075314091122e+02 
       3.342528829678e-01       1.939350937254e+02 
       3.456868741616e-01       1.800750998368e+02 
       3.575842899774e-01       1.673933763395e+02 
       3.699816759319e-01       1.565428592839e+02 
       3.829216702507e-01       1.466851421150e+02 
       3.964544203492e-01       1.367923240678e+02 
       4.106394324383e-01       1.268234091228e+02 
       4.255480244689e-01       1.175179161058e+02 
       4.412666349754e-01       1.091186041537e+02 
       4.579013710836e-01       1.011737934892e+02 
       4.755843921419e-01       9.330203091853e+01 
       4.944830838092e-01       8.579265789289e+01 
       5.148136006390e-01       7.882203798330e+01 
       5.368614811649e-01       7.204366866019e+01 
       5.610141638893e-01       6.547762912731e+01 
       5.878144430577e-01       5.919968087312e+01 
       6.180527285099e-01       5.304236834042e+01 
       6.529356760506e-01       4.701879434908e+01 
       6.944158716649e-01       4.102073518572e+01 
       7.458878060771e-01       3.497489924608e+01 
       8.137756820931e-01       2.874946691554e+01 
       9.112857638517e-01       2.222584232356e+01 
       1.065396821454e+00       1.550627758542e+01 
       1.310859802664e+00       9.541838700570e+00 
       1.647471546876e+00       5.534241877133e+00 
       2.073990047125e+00       3.168252243436e+00 
       2.610998571871e+00       1.798794773598e+00 
       3.287052452179e+00       1.013711418996e+00 
       4.138153861949e+00       5.674158872477e-01 
       5.209627054722e+00       3.156616502079e-01 
       6.558531885160e+00       1.746194536923e-01 
       8.256702454290e+00       9.609805075455e-02 
       1.039457253733e+01       5.263469042455e-02 
       1.308599151198e+01       2.870275153790e-02 
       1.647428725296e+01       1.558801924074e-02 
       2.073989886394e+01       8.433286384843e-03 
       2.610998571786e+01       4.545699530436e-03 
       3.287052452179e+01       2.441593838398e-03 
       4.138153861949e+01       1.306766267626e-03 
       5.209627054722e+01       6.968037231242e-04 
       6.558531885160e+01       3.700622026363e-04 
       8.256702454290e+01       1.956018072800e-04 
       1.039457253733e+02       1.027826156486e-04 
       1.308599151198e+02       5.359443371075e-05 
       1.647428725296e+02       2.765389193552e-05 
       2.073989886394e+02       1.406311532622e-05 
       2.610998571786e+02       7.011484168908e-06 
       3.287052452179e+02       3.407139078454e-06 
       4.138153861949e+02       1.606860300484e-06 
       5.209627054722e+02       7.368468101168e-07 
       6.558531885160e+02       3.331372618407e-07 
       8.256702454290e+02       1.527348685276e-07 
       1.039457253733e+03       7.334012539738e-08 
       1.308599151198e+03       3.691212341492e-08 
       1.647428725296e+03       1.847640400191e-08 
       2.073989886394e+03       8.879501907019e-09 
       2.610998571786e+03       4.537146978161e-09 
       3.287052452180e+03       2.321695040742e-09 
       4.138153861949e+03       1.191633109031e-09 
       5.209627054722e+03       6.000334350502e-10 
       6.558531885160e+03       3.082949575068e-10 
       8.256702454290e+03       1.615175778425e-10 
       1.039457253733e+04       8.272069680756e-11 
       1.308599151198e+04       4.317838575811e-11 
       1.647428725296e+04       2.154651193121e-11 
       2.073989886394e+04       1.129847691493e-11 
       2.610998571786e+04       2.606688136161e-12 
       3.287052452180e+04       1.491806186478e-12 
       4.138153861949e+04       9.129556727322e-10 
       5.209627054722e+04       2.706855253017e-07 
       6.558531885160e+04       8.245411478627e-05 
       8.256702454290e+04       1.361137833715e+01 
       1.039457253733e+05       4.728117020788e+05 
