#  R_hMpc M_hMsun sigma
5.169531223939437953e-03 1.000000000000000000e+08 4.850456825914134740e+00
5.306766898692433926e-03 1.081774017548856288e+08 4.831261618543338798e+00
5.447645772336979185e-03 1.170235025043789893e+08 4.811671299942142710e+00
5.592264560965215688e-03 1.265929844518006444e+08 4.791663620017465597e+00
5.740722548193792629e-03 1.369450013839243054e+08 4.771208261341513435e+00
5.893121653324008904e-03 1.481435443303210139e+08 4.750292792020168520e+00
6.049566501311426543e-03 1.602578371241384745e+08 4.728918957140861856e+00
6.210164494592900278e-03 1.733627643094694912e+08 4.707100621312485522e+00
6.375025886820464595e-03 1.875393340404297113e+08 4.684884803450407809e+00
6.544263858552633317e-03 2.028751788333526552e+08 4.662341570547543057e+00
6.717994594955017246e-03 2.194650972674985826e+08 4.639552711732995327e+00
6.896337365563727506e-03 2.374116399828117192e+08 4.616619522784315421e+00
7.079414606166254363e-03 2.568257435970688760e+08 4.593639493538340446e+00
7.267352002855982304e-03 2.778274164609735608e+08 4.570699858758620060e+00
7.460278578318168402e-03 3.005464804902066588e+08 4.547878760577017232e+00
7.658326780406514607e-03 3.251233736600587964e+08 4.525230684197494746e+00
7.861632573071234906e-03 3.517100181232797503e+08 4.502804054848184023e+00
8.070335529700906063e-03 3.804707593174014091e+08 4.480640888468054861e+00
8.284578928942343962e-03 4.115833818666479588e+08 4.458791715296766434e+00
8.504509853064213393e-03 4.452402085582289100e+08 4.437324311083984618e+00
8.730279288931816484e-03 4.816492891863257289e+08 4.416322258928507161e+00
8.962042231662550179e-03 5.210356866126408577e+08 4.395884476012837716e+00
9.199957791033096591e-03 5.636428679932832718e+08 4.376106024321316568e+00
9.444189300711332974e-03 6.097342097718538046e+08 4.357068523343248678e+00
9.694904430388104344e-03 6.595946257418732643e+08 4.338822217132107362e+00
9.952275300885764231e-03 7.135323282424205542e+08 4.321387040881996988e+00
1.021647860232240655e-02 7.718807333737912178e+08 4.304755835601848268e+00
1.048769571541314019e-02 8.350005220103236437e+08 4.288909378764262925e+00
1.076611283599143362e-02 9.032818693504985571e+08 4.273827952277426512e+00
1.105192110283622665e-02 9.771468567863297462e+08 4.259492262513129290e+00
1.134531672889238681e-02 1.057052081000983238e+09 4.245876207192764262e+00
1.164650113597475063e-02 1.143491476422810793e+09 4.232927178694737336e+00
1.195568109304811881e-02 1.236999368482777357e+09 4.220554835542448480e+00
1.227306885817815163e-02 1.338153776549010038e+09 4.208631815747225779e+00
1.259888232425071183e-02 1.447579986955595016e+09 4.197008595448157742e+00
1.293334516855955060e-02 1.565954418212274551e+09 4.185535294918825144e+00
1.327668700636512079e-02 1.694008802287871599e+09 4.174072271240636844e+00
1.362914354852995044e-02 1.832534707814074516e+09 4.162483434176315278e+00
1.399095676333874001e-02 1.982388433169750214e+09 4.150622055285683842e+00
1.436237504261427857e-02 2.144496299692420244e+09 4.138326227619508302e+00
1.474365337224330282e-02 2.319860377736920834e+09 4.125434353838277168e+00
1.513505350722927668e-02 2.509564680976876736e+09 4.111811374389572116e+00
1.553684415139225741e-02 2.714781867239065647e+09 4.097363150949397514e+00
1.594930114183936570e-02 2.936780487291985989e+09 4.082027549608718608e+00
1.637270763833230391e-02 3.176932826396937847e+09 4.065757378209704953e+00
1.680735431768203350e-02 3.436723387094253540e+09 4.048520797895037937e+00
1.725353957330411081e-02 3.717758065661056995e+09 4.030321812465794018e+00
1.771156972007156480e-02 4.021774078964827061e+09 4.011213090991561536e+00
1.818175920460599060e-02 4.350650703075625420e+09 3.991279309574079281e+00
1.866443082115134752e-02 4.706420890017867088e+09 3.970609273009246820e+00
1.915991593317846811e-02 5.091283834470493317e+09 3.949291234485947211e+00
1.966855470087250715e-02 5.507618568096689224e+09 3.927426963802508109e+00
2.019069631465957027e-02 5.957998665536617279e+09 3.905125285000312196e+00
2.072669923493279318e-02 6.445208152968272209e+09 3.882469842131248683e+00
2.127693143814227486e-02 6.972258717575130463e+09 3.806165527425453998e+00
2.184177066941815973e-02 7.542408324301274300e+09 3.787944827553741511e+00
2.242160470190002891e-02 8.159181354973312378e+09 3.775012965637007056e+00
2.301683160295070821e-02 8.826390394279199600e+09 3.755347474879772385e+00
2.362786000743722845e-02 9.548159797274028778e+09 3.735663083021670161e+00
2.425510939826669432e-02 1.032895118409558296e+10 3.740222857349060792e+00
2.489901039436944255e-02 1.117359101948509407e+10 3.696311594024115355e+00
2.556000504632728945e-02 1.208730044759618568e+10 3.676684706379100387e+00
2.623854713984995202e-02 1.307572756651619720e+10 3.657104131046422957e+00
2.693510250730773298e-02 1.414498234200455475e+10 3.646718939709351126e+00
2.765014934753448270e-02 1.530167437626787376e+10 3.618071102211713352e+00
2.838417855412050592e-02 1.655295376523966408e+10 3.598574423713687853e+00
2.913769405242052843e-02 1.790655529692377853e+10 3.579060136681087467e+00
2.991121314550823293e-02 1.937084626401395416e+10 3.559525488699697426e+00
3.070526686931499341e-02 2.095487818634359741e+10 3.539985902274129348e+00
3.152040035719633898e-02 2.266844276288781357e+10 3.520456940960234871e+00
3.235717321417656833e-02 2.452213239918539429e+10 3.500949459173213540e+00
3.321615990112863903e-02 2.652740568433172226e+10 3.481475523303156905e+00
3.409795012915264878e-02 2.869665822228788757e+10 3.462042829895407792e+00
3.500314926442398694e-02 3.104329925535073471e+10 3.442656139403470039e+00
3.593237874378910762e-02 3.358183455343213272e+10 3.423313534516270629e+00
3.688627650139396363e-02 3.632795608152727509e+10 3.404002841578796179e+00
3.786549740663821412e-02 3.929863899965217590e+10 3.385305734516795617e+00
3.887071371375582646e-02 4.251224659485575867e+10 3.365949071861339625e+00
3.990261552333087408e-02 4.598864379394479370e+10 3.346305361874104545e+00
4.096191125606477024e-02 4.974931995859893799e+10 3.317601661539208546e+00
4.204932813912103801e-02 5.381752172193698120e+10 3.300944138220315072e+00
4.316561270538095407e-02 5.821839668766253662e+10 3.283218905843779289e+00
4.431153130595286149e-02 6.297914888006572723e+10 3.265006467316898586e+00
4.548787063628709215e-02 6.812920690579613495e+10 3.246535208328325428e+00
4.669543827625785570e-02 7.370040586690023804e+10 3.227903587764425986e+00
4.793506324458249312e-02 7.972718414961799622e+10 3.209169134380242205e+00
4.920759656795888060e-02 8.624679630538957214e+10 3.190367474994468822e+00
5.051391186531204586e-02 9.329954333999900818e+10 3.171522109598249983e+00
5.185490594755046145e-02 1.009290218343843842e+11 3.152964658024627109e+00
5.323149943324413658e-02 1.091823934370580444e+11 3.134031758102396203e+00
5.464463738064739839e-02 1.181106763940059662e+11 3.115192614935385684e+00
5.609528993649968293e-02 1.277690609181566772e+11 3.096331363479576826e+00
5.758445300205011080e-02 1.382172503478786926e+11 3.077500100474956923e+00
5.911314891676328065e-02 1.495198302033805542e+11 3.058728097519165967e+00
6.068242716017512028e-02 1.617466674223337708e+11 3.039945156722001052e+00
6.229336507238097953e-02 1.749733422425964355e+11 3.021194865600607571e+00
6.394706859365076324e-02 1.892816154017242432e+11 3.002459463572941800e+00
6.564467302367840706e-02 2.047599335412607727e+11 2.983760211370685145e+00
6.738734380098709842e-02 2.215039759399660339e+11 2.965111063314982864e+00
6.917627730302584876e-02 2.396172459556223450e+11 2.946506158435201694e+00
7.101270166750553448e-02 2.592117108314055176e+11 2.927928829346565731e+00
7.289787763553975952e-02 2.804084938218015747e+11 2.909375249633024296e+00
7.483309941716793923e-02 3.033386229164337769e+11 2.890846084943017313e+00
7.681969557985575403e-02 3.281438407900477905e+11 2.872347612114535931e+00
7.885902996058268000e-02 3.549774809853616333e+11 2.853781791629250275e+00
8.095250260214265081e-02 3.840054157449072266e+11 2.835337482552026778e+00
8.310155071430057327e-02 4.154070813508864746e+11 2.816984304701141806e+00
8.530764966046505693e-02 4.493765873111923828e+11 2.798680040935557223e+00
8.757231397055401101e-02 4.861239162480230103e+11 2.780423609832589182e+00
8.989709838074887160e-02 5.258762219062067871e+11 2.762164570474445302e+00
9.228359890085155448e-02 5.688792333048909912e+11 2.743937093589789544e+00
9.473345390997593707e-02 6.153987737123441162e+11 2.725749941592728209e+00
9.724834528132737799e-02 6.657224038334407959e+11 2.707610343849095713e+00
9.982999953684129624e-02 7.201611993671834717e+11 2.689504774904638573e+00
1.024801890324739673e-01 7.790516739222397461e+11 2.671442252664763206e+00
1.052007331749597735e-01 8.427578591770216064e+11 2.653406709602820435e+00
1.079934996708691586e-01 9.116735551427998047e+11 2.635413402721399123e+00
1.108604058088254879e-01 9.862247644398736572e+11 2.617462601522503096e+00
1.138034197757613469e-01 1.066872325634294800e+12 2.599547973378122823e+00
1.168245620081170832e-01 1.154114761913102783e+12 2.581672105072162715e+00
1.199259065789095857e-01 1.248491362707177002e+12 2.563844450976330958e+00
1.231095826216241917e-01 1.350585517310786865e+12 2.546048138626594071e+00
1.263777757919061773e-01 1.461028321104590576e+12 2.528293759095681548e+00
1.297327297680556935e-01 1.580502476673970459e+12 2.510578006636861037e+00
1.331767477913571862e-01 1.709746513937518555e+12 2.492904271490169243e+00
1.367121942472987739e-01 1.849559355372337891e+12 2.475271531591336505e+00
1.403414962887695461e-01 2.000805254556203369e+12 2.457680400990916780e+00
1.440671455023470604e-01 2.164419138554125977e+12 2.440129910072637909e+00
1.478916996188198718e-01 2.341412387173328125e+12 2.422844501917647442e+00
1.518177842691199875e-01 2.532879084811145508e+12 2.405156593285191047e+00
1.558480947868694788e-01 2.740002783541623535e+12 2.387733745749933689e+00
1.599853980587792601e-01 2.964063819246865723e+12 2.370354057659684877e+00
1.642325344241712948e-01 3.206447226017884277e+12 2.353016297346173236e+00
1.685924196249265761e-01 3.468651297747752441e+12 2.335720207309027963e+00
1.730680468071984501e-01 3.752296849840634277e+12 2.318468703982111911e+00
1.776624885762665418e-01 4.059137238288020996e+12 2.301259866945236432e+00
1.823788991059392683e-01 4.391069198044994141e+12 2.284095514895571721e+00
1.872205163039563913e-01 4.750144567704161133e+12 2.266976043130942919e+00
1.921906640348754192e-01 5.138582972943203125e+12 2.249900560756227463e+00
1.972927544019692225e-01 5.558785547148907227e+12 2.232870316203156236e+00
2.025302900897018032e-01 6.013349774031778320e+12 2.215883960452657231e+00
2.079068667683894311e-01 6.505085543980864258e+12 2.198942468761314384e+00
2.134261755626978008e-01 7.037032523411156250e+12 2.182046245129916517e+00
2.190920055856718229e-01 7.612478944472441406e+12 2.165194824425730857e+00
2.249082465400351893e-01 8.234981931268027344e+12 2.148390059576598787e+00
2.308788913885468919e-01 8.908389488230041016e+12 2.131626554526078632e+00
2.370080390952483962e-01 9.636864286572595703e+12 2.114914666373333585e+00
2.432998974394822711e-01 1.042490939585872852e+13 2.098249952748283409e+00
2.497587859046141445e-01 1.127739611974090039e+13 2.081636855885371951e+00
2.563891386434430930e-01 1.219959410794199219e+13 2.065065769801913032e+00
2.631955075223331164e-01 1.319720393061374023e+13 2.048541395412720068e+00
2.701825652461588012e-01 1.427639231643156836e+13 2.032064202282877208e+00
2.773551085662078752e-01 1.544383027224979688e+13 2.015635047031850924e+00
2.847180615732442521e-01 1.670673431995428711e+13 1.999254346288964701e+00
2.922764790779928679e-01 1.807291110541827344e+13 1.982921761330999288e+00
3.000355500813655651e-01 1.955080565531166797e+13 1.966639596280166602e+00
3.080006013368107309e-01 2.114955358006337109e+13 1.950401605414547213e+00
3.161771010072342292e-01 2.287903754566991016e+13 1.934217491182418591e+00
3.245706624189995670e-01 2.474994836343046484e+13 1.918082476960516702e+00
3.331870479155850107e-01 2.677385107523487109e+13 1.902001563752864222e+00
3.420321728135461425e-01 2.896325644291159375e+13 1.885966071247448639e+00
3.511121094634943596e-01 3.133169828354621875e+13 1.869979973342130508e+00
3.604330914188852986e-01 3.389381712882034375e+13 1.854045843146178374e+00
3.700015177154740709e-01 3.666545072551021094e+13 1.838162564372310293e+00
3.798239572643776762e-01 3.966373193657475000e+13 1.822330927392674216e+00
3.899071533617612939e-01 4.290719464800927344e+13 1.806551167894872689e+00
4.002580283182423093e-01 4.641588833612778125e+13 1.790817707620119048e+00
4.108836882111904787e-01 5.021150200347196094e+13 1.775147406620308566e+00
4.217914277631901188e-01 5.431749824945822656e+13 1.759516260669436338e+00
4.329887353500084246e-01 5.875925830451940625e+13 1.743943859728360968e+00
4.444832981415107187e-01 6.356423892427085156e+13 1.728430588027572323e+00
4.562830073790539176e-01 6.876214211354375781e+13 1.712952521351024826e+00
4.683959637929765440e-01 7.438509872943360938e+13 1.697540499598631625e+00
4.808304831639075849e-01 8.046786709830759375e+13 1.682181990349846057e+00
4.935951020317133064e-01 8.704804787452365625e+13 1.666890621871820022e+00
5.066985835559962847e-01 9.416631646900843750e+13 1.651636709775508027e+00
5.201499235321777048e-01 1.018666744844563125e+14 1.636446512661640984e+00
5.339583565672832988e-01 1.101967217113915625e+14 1.621306190089623733e+00
5.481333624196843557e-01 1.192079503664452500e+14 1.606239311419400462e+00
5.626846725071337207e-01 1.289560633916742031e+14 1.591191768827650677e+00
5.776222765875741461e-01 1.395013187824959375e+14 1.576218683265990128e+00
5.929564296173046589e-01 1.509089020727043438e+14 1.561302492963955624e+00
6.086976587912038550e-01 1.632493292790763125e+14 1.546447799052626415e+00
6.248567707698560181e-01 1.765988827963819062e+14 1.531645108797787813e+00
6.414448590985365461e-01 1.910400829372816250e+14 1.516895607675551760e+00
6.584733118231427262e-01 2.066621980319298750e+14 1.502207810405457256e+00
6.759538193083112212e-01 2.235617962404774688e+14 1.487577374382446971e+00
6.938983822630832021e-01 2.418433424895000312e+14 1.473005289614201185e+00
7.123193199796211683e-01 2.616198442223105000e+14 1.458494342229719631e+00
7.312292787906446989e-01 2.830135499548739375e+14 1.444038152807167963e+00
7.506412407513867180e-01 3.061567049554478125e+14 1.429644277733801871e+00
7.705685325520232887e-01 3.311923687191746875e+14 1.415310994746902695e+00
7.910248346667074770e-01 3.582752992908625000e+14 1.401038297745104133e+00
8.120241907454850416e-01 3.875729099023953125e+14 1.386824723290375649e+00
8.335810172555279118e-01 4.192663038382150000e+14 1.372671486196518131e+00
8.557101133783239222e-01 4.535513939259252500e+14 1.358578757550386040e+00
8.784266711696011587e-01 4.906401135721305000e+14 1.344547902396423966e+00
9.017462859889739946e-01 5.307617268295508125e+14 1.330579715953751130e+00
9.256849672064558776e-01 5.741642455935718750e+14 1.316674501885551019e+00
9.502591491932065315e-01 6.211159626886643750e+14 1.302833038562767998e+00
9.754857026040512080e-01 6.719071103214417500e+14 1.289054836462290465e+00
1.001381945959507913e+00 7.268516541520687500e+14 1.275339803848362319e+00
1.027965657535292010e+00 7.862892340741130000e+14 1.261688965308964683e+00
1.055255087567452232e+00 8.505872636997660000e+14 1.248102322633189765e+00
1.083268970781507301e+00 9.201432015283840000e+14 1.234580212803390475e+00
1.112026539254203250e+00 9.953870078376238750e+14 1.221123766602928873e+00
1.141547535616711739e+00 1.076783802484441625e+15 1.207733675648155147e+00
1.171852226608324665e+00 1.164836740045128500e+15 1.194410188532375017e+00
1.202961416989969168e+00 1.260090120067127250e+15 1.181154249126066258e+00
1.234896463827084956e+00 1.363132751658636750e+15 1.167965918915311319e+00
1.267679291151658783e+00 1.474601593214191250e+15 1.154845070504264548e+00
1.301332405013502447e+00 1.595185689775254250e+15 1.141792131698317947e+00
1.335878908931100062e+00 1.725630432364620000e+15 1.128807539046321251e+00
1.371342519752614564e+00 1.866742165623645000e+15 1.115892022777807968e+00
1.407747583937970504e+00 2.019393172234537000e+15 1.103046483722392113e+00
1.445119094273177307e+00 2.184527064938884250e+15 1.090271611371515181e+00
1.483482707028356051e+00 2.363164619483148000e+15 1.077567666625145915e+00
1.522864759571272542e+00 2.556410084547591500e+15 1.064935706610963262e+00
1.563292288448457690e+00 2.765458007663458500e+15 1.052375736559741926e+00
1.604793047946315943e+00 2.991600619312755500e+15 1.039887769390393624e+00
1.647395529144988435e+00 3.236235820855606000e+15 1.027472098113357157e+00
1.691128979478031757e+00 3.500875825662478500e+15 1.015129515455939435e+00
1.736023422811358685e+00 3.787156506866568500e+15 1.002860478798163424e+00
1.782109680055196099e+00 4.096847509519340500e+15 9.906660225740296921e-01
1.829419390323245853e+00 4.431863189657749500e+15 9.785467364224395004e-01
1.877985032653558317e+00 4.794274447902952000e+15 9.665033896859713813e-01
1.927839948306014239e+00 5.186321530739801000e+15 9.545357842979205198e-01
1.979018363651754653e+00 5.610427878608511000e+15 9.426449618571467459e-01
2.031555413670257604e+00 6.069215106410435000e+15 9.308303072055639227e-01
2.085487166070174148e+00 6.565519209029825000e+15 9.190923042753560424e-01
2.140850646050519668e+00 7.102408092046360000e+15 9.074312778995602402e-01
2.197683861719200937e+00 7.683200536004500000e+15 8.958481996949910764e-01
2.256025830186308756e+00 8.311486711467112000e+15 8.843415531927730777e-01
2.315916604350133134e+00 8.991150371667685000e+15 8.729180753314071950e-01
2.377397300394262558e+00 9.726392859944842000e+15 8.615720209420164588e-01
2.440510126014634462e+00 1.052175908036104000e+16 8.503055121129783345e-01
2.505298409395945392e+00 1.138216559204328400e+16 8.391185644881933303e-01
2.571806628957303609e+00 1.231293100091101800e+16 8.280108559980956517e-01
2.640080443887513617e+00 1.331980883665737400e+16 8.169826731939541231e-01
2.710166725491008677e+00 1.440902311821356200e+16 8.060340387818863972e-01
2.782113589365920348e+00 1.558730682754423400e+16 7.951656826510530296e-01
2.855970428436360731e+00 1.686194352959924200e+16 7.843777981350743556e-01
2.931787946861633465e+00 1.824081239569646000e+16 7.736706724433951576e-01
3.009618194845637085e+00 1.973243690864752800e+16 7.630441153200012705e-01
3.089514604370326989e+00 2.134603755069697600e+16 7.524988063321749188e-01
3.171532025877821681e+00 2.309158879996621200e+16 7.420335403176587796e-01
3.255726765926298061e+00 2.497988078772554800e+16 7.316478135189916632e-01
3.342156625845550177e+00 2.702258599762934800e+16 7.213418397646456093e-01
3.430880941418710695e+00 2.923233141921496400e+16 7.111160878852297307e-01
3.521960623617434116e+00 3.162277660168378000e+16 7.009697251521009864e-01
