# Matter power spectrum P(k) at redshift z=1.26963
# for k=1.03839e-05 to 103946 h/Mpc,
# number of wavenumbers equal to 162
#    1:k (h/Mpc)              2:P (Mpc/h)^3        
       1.038387980426e-05       1.608345056106e+01 
       1.307253015860e-05       2.006220490906e+01 
       1.645734041311e-05       2.502520220040e+01 
       2.071856405662e-05       3.121591943890e+01 
       2.608312678676e-05       3.893800284668e+01 
       3.283671113090e-05       4.857019227858e+01 
       4.133897008243e-05       6.058480269933e+01 
       5.204267993417e-05       7.557079492185e+01 
       6.551785226700e-05       9.426242638040e+01 
       8.248208914511e-05       1.175748031242e+02 
       1.038387980426e-04       1.466478527173e+02 
       1.307253015860e-04       1.829004252583e+02 
       1.645734041311e-04       2.280963436861e+02 
       2.071856405662e-04       2.844239995414e+02 
       2.608312678676e-04       3.545903408910e+02 
       3.283671113090e-04       4.419282401936e+02 
       4.133897008243e-04       5.505126903449e+02 
       5.204267993417e-04       6.852755748561e+02 
       6.551785226700e-04       8.521016114473e+02 
       8.248208914511e-04       1.057882156554e+03 
       1.038387980426e-03       1.310499378528e+03 
       1.307253015860e-03       1.618690180251e+03 
       1.645734041311e-03       1.991601915498e+03 
       2.071856405662e-03       2.438031073690e+03 
       2.608312678676e-03       2.964901955529e+03 
       3.283671113090e-03       3.575219368335e+03 
       4.133897008243e-03       4.265241918055e+03 
       5.204267993417e-03       5.020686996581e+03 
       6.551785226700e-03       5.812284479949e+03 
       8.248208914511e-03       6.590412645170e+03 
       1.038387980426e-02       7.280920307177e+03 
       1.307253015860e-02       7.782182290153e+03 
       1.645734041309e-02       7.970034171153e+03 
       2.071856389740e-02       7.723374615389e+03 
       2.608300445243e-02       6.987309573530e+03 
       3.281964991556e-02       5.874444506913e+03 
       4.076731882098e-02       4.764342925411e+03 
       4.748610964640e-02       4.128558564240e+03 
       5.235556489500e-02       3.816587902450e+03 
       5.636819838611e-02       3.622241573954e+03 
       5.994952259956e-02       3.475578566777e+03 
       6.328896038018e-02       3.347419377677e+03 
       6.648665992189e-02       3.223147444032e+03 
       6.960262323712e-02       3.095027683939e+03 
       7.267623995969e-02       2.959286632099e+03 
       7.573525737584e-02       2.814972136655e+03 
       7.880036892493e-02       2.663501773880e+03 
       8.188776255393e-02       2.507367432146e+03 
       8.501063007773e-02       2.350518377565e+03 
       8.818010842318e-02       2.197232074161e+03 
       9.140589175815e-02       2.051939733015e+03 
       9.469664359045e-02       1.918423491779e+03 
       9.806028224808e-02       1.799713830309e+03 
       1.015041833512e-01       1.697571681731e+03 
       1.050353261720e-01       1.612319574005e+03 
       1.086604010236e-01       1.542881708953e+03 
       1.123858889329e-01       1.486789267942e+03 
       1.162181211904e-01       1.440215427982e+03 
       1.201633240441e-01       1.398471829824e+03 
       1.242276522951e-01       1.356551171299e+03 
       1.284172145558e-01       1.309805845343e+03 
       1.327380922745e-01       1.254893755081e+03 
       1.371963541906e-01       1.190705736140e+03 
       1.417980675894e-01       1.118547216494e+03 
       1.465493075383e-01       1.041964592231e+03 
       1.514561651563e-01       9.660387410889e+02 
       1.565247558934e-01       8.959720448609e+02 
       1.617612287437e-01       8.358708052550e+02 
       1.671717772872e-01       7.876524361904e+02 
       1.727626534338e-01       7.506519140909e+02 
       1.785401847321e-01       7.216799937658e+02 
       1.845107960933e-01       6.961138361257e+02 
       1.906810367808e-01       6.687934765791e+02 
       1.970576135147e-01       6.358510846585e+02 
       2.036474305566e-01       5.966171928707e+02 
       2.104576376707e-01       5.539362276254e+02 
       2.174956869163e-01       5.123654633896e+02 
       2.247693993211e-01       4.759484761014e+02 
       2.322870426350e-01       4.467377302468e+02 
       2.400574215756e-01       4.241431832166e+02 
       2.480899822819e-01       4.049845780549e+02 
       2.563949331083e-01       3.853125233306e+02 
       2.649833844501e-01       3.627748353826e+02 
       2.738675110412e-01       3.377771268865e+02 
       2.830607411522e-01       3.129993759812e+02 
       2.925779784269e-01       2.914497743968e+02 
       3.024358638260e-01       2.739689465468e+02 
       3.126530874568e-01       2.590208174352e+02 
       3.232507631655e-01       2.442241732662e+02 
       3.342528829678e-01       2.282226626952e+02 
       3.456868741616e-01       2.119132657396e+02 
       3.575842899774e-01       1.969880117261e+02 
       3.699816759319e-01       1.842204035076e+02 
       3.829216702507e-01       1.726190955821e+02 
       3.964544203492e-01       1.609780159790e+02 
       4.106394324383e-01       1.492464329131e+02 
       4.255480244689e-01       1.382958107818e+02 
       4.412666349754e-01       1.284113780796e+02 
       4.579013710836e-01       1.190615855059e+02 
       4.755843921419e-01       1.097975065779e+02 
       4.944830838092e-01       1.009612778036e+02 
       5.148136006390e-01       9.275817196043e+01 
       5.368614811649e-01       8.478135152788e+01 
       5.610141638893e-01       7.705444859088e+01 
       5.878144430577e-01       6.966648575169e+01 
       6.180527285099e-01       6.242057289637e+01 
       6.529356760506e-01       5.533195523868e+01 
       6.944158716649e-01       4.827344451778e+01 
       7.458878060771e-01       4.115834774451e+01 
       8.137756820931e-01       3.383228556152e+01 
       9.112857638517e-01       2.615531189388e+01 
       1.065396821454e+00       1.824786001370e+01 
       1.310859802664e+00       1.122888991509e+01 
       1.647471546876e+00       6.512725151931e+00 
       2.073990047125e+00       3.728385398943e+00 
       2.610998571871e+00       2.116818068309e+00 
       3.287052452179e+00       1.192940591889e+00 
       4.138153861949e+00       6.677368221040e-01 
       5.209627054722e+00       3.714710715357e-01 
       6.558531885160e+00       2.054919368469e-01 
       8.256702454290e+00       1.130878988351e-01 
       1.039457253733e+01       6.194023504224e-02 
       1.308599151198e+01       3.377703499211e-02 
       1.647428725296e+01       1.834365486841e-02 
       2.073989886394e+01       9.923979302526e-03 
       2.610998571786e+01       5.349094448577e-03 
       3.287052452179e+01       2.873014119163e-03 
       4.138153861949e+01       1.537584739500e-03 
       5.209627054722e+01       8.198129556652e-04 
       6.558531885160e+01       4.353323175185e-04 
       8.256702454290e+01       2.300526412249e-04 
       1.039457253733e+02       1.208461948559e-04 
       1.308599151198e+02       6.298139120641e-05 
       1.647428725296e+02       3.247244428008e-05 
       2.073989886394e+02       1.649467907246e-05 
       2.610998571786e+02       8.210442622381e-06 
       3.287052452179e+02       3.981177211430e-06 
       4.138153861949e+02       1.872896309222e-06 
       5.209627054722e+02       8.569612488778e-07 
       6.558531885160e+02       3.872351007564e-07 
       8.256702454290e+02       1.780059576758e-07 
       1.039457253733e+03       8.585261559782e-08 
       1.308599151198e+03       4.312976965235e-08 
       1.647428725296e+03       2.131886632702e-08 
       2.073989886394e+03       1.024795487606e-08 
       2.610998571786e+03       5.312945334092e-09 
       3.287052452180e+03       2.660766716664e-09 
       4.138153861949e+03       1.390539747842e-09 
       5.209627054722e+03       7.049550827039e-10 
       6.558531885160e+03       3.631437227361e-10 
       8.256702454290e+03       1.896413775576e-10 
       1.039457253733e+04       9.541207494754e-11 
       1.308599151198e+04       4.961247380221e-11 
       1.647428725296e+04       2.517171893308e-11 
       2.073989886394e+04       1.119980892056e-11 
       2.610998571786e+04       3.263233517783e-12 
       3.287052452180e+04       2.591732259984e-13 
       4.138153861949e+04       1.913544790240e-09 
       5.209627054722e+04       3.156099845169e-07 
       6.558531885160e+04       8.981768433081e-07 
       8.256702454290e+04       1.404000799549e+01 
       1.039457253733e+05       1.640708570118e+06 
