#  R_hMpc M_hMsun sigma
7.293781870819839898e-03 1.000000000000000447e+08 8.283021383153069905e+00
7.487410080648185945e-03 1.081774017548856735e+08 8.241674550018363021e+00
7.686178543407766808e-03 1.170235025043789893e+08 8.200653650926772897e+00
7.890223717521783336e-03 1.265929844518007189e+08 8.160045862676096107e+00
8.099685683978586140e-03 1.369450013839243948e+08 8.119926334840233295e+00
8.314708242500027519e-03 1.481435443303210735e+08 8.080392025623533314e+00
8.535439010262801593e-03 1.602578371241384745e+08 8.041568613069927096e+00
8.762029523240460679e-03 1.733627643094695508e+08 8.003613415476385384e+00
8.994635340235835122e-03 1.875393340404297411e+08 7.966705819134570099e+00
9.233416149675214429e-03 2.028751788333525956e+08 7.931017053190238641e+00
9.478535879237512396e-03 2.194650972674985826e+08 7.896687770757313096e+00
9.730162808393831575e-03 2.374116399828116596e+08 7.863802072669271226e+00
9.988469683934637910e-03 2.568257435970689058e+08 7.832387385083904974e+00
1.025363383856373392e-02 2.778274164609736800e+08 7.802427150045156523e+00
1.052583731264065264e-02 3.005464804902063012e+08 7.773884285924646420e+00
1.080526697915491774e-02 3.251233736600589752e+08 7.746724379726567022e+00
1.109211467201797960e-02 3.517100181232798696e+08 7.720911602340796875e+00
1.138657731776092363e-02 3.804707593174009323e+08 7.696393982131710665e+00
1.168885707072839578e-02 4.115833818666480184e+08 7.673068024550810939e+00
1.199916145186149044e-02 4.452402085582289100e+08 7.650759197920415033e+00
1.231770349116489971e-02 4.816492891863251328e+08 7.629229114547376511e+00
1.264470187395619859e-02 5.210356866126410961e+08 7.608204583226958917e+00
1.298038109099755935e-02 5.636428679932836294e+08 7.587415522965207160e+00
1.332497159261301217e-02 6.097342097718529701e+08 7.566610984451151545e+00
1.367870994689713432e-02 6.595946257418735027e+08 7.545543239616392839e+00
1.404183900212361939e-02 7.135323282424206734e+08 7.523942026950433792e+00
1.441460805346534563e-02 7.718807333737915754e+08 7.501511194315773956e+00
1.479727301414040727e-02 8.350005220103240013e+08 7.477961591086748072e+00
1.519009659110147521e-02 9.032818693504990339e+08 7.453058039935650747e+00
1.559334846538929648e-02 9.771468567863302231e+08 7.426639683386127011e+00
1.600730547727392469e-02 1.057052081000983596e+09 7.398599129076211867e+00
1.643225181631101026e-02 1.143491476422811270e+09 7.368853507232128841e+00
1.686847921644345563e-02 1.236999368482778072e+09 7.337351494820255837e+00
1.731628715628240681e-02 1.338153776549010515e+09 7.304112255407566145e+00
1.777598306470523290e-02 1.447579986955595016e+09 7.269242308165838828e+00
1.824788253191140033e-02 1.565954418212275743e+09 7.232898840482806513e+00
1.873230952608125749e-02 1.694008802287871599e+09 7.195241935672775035e+00
1.922959661578658996e-02 1.832534707814074278e+09 7.156433581520285969e+00
1.974008519830536962e-02 1.982388433169751167e+09 7.116662323718192518e+00
2.026412573399761358e-02 2.144496299692420244e+09 7.076122906861779249e+00
2.080207798690332857e-02 2.319860377736921787e+09 6.931301741814615447e+00
2.135431127172748508e-02 2.509564680976876736e+09 6.897705731209751612e+00
2.192120470738173968e-02 2.714781867239065647e+09 6.864744064819300107e+00
2.250314747725701281e-02 2.936780487291985035e+09 6.840887965794955505e+00
2.310053909640544592e-02 3.176932826396939754e+09 6.805219406727208487e+00
2.371378968581522306e-02 3.436723387094255447e+09 6.769519959197286774e+00
2.434332025396670346e-02 3.717758065661058903e+09 6.776513642494744971e+00
2.498956298586291896e-02 4.021774078964828968e+09 6.698168739116176162e+00
2.565296153973293386e-02 4.350650703075626373e+09 6.662587074493872663e+00
2.633397135161197680e-02 4.706420890017868996e+09 6.627091022595203107e+00
2.703305994800709114e-02 5.091283834470494270e+09 6.608702500573129690e+00
2.775070726686317338e-02 5.507618568096692085e+09 6.556320971105717987e+00
2.848740598704974439e-02 5.957998665536620140e+09 6.520961728297320903e+00
2.924366186659467515e-02 6.445208152968272209e+09 6.485567778770380265e+00
3.001999408989678569e-02 6.972258717575131416e+09 6.450139121777654694e+00
3.081693562415612625e-02 7.542408324301274300e+09 6.414706281213413241e+00
3.163503358526637693e-02 8.159181354973315239e+09 6.379295542269421304e+00
3.247484961342052973e-02 8.826390394279199600e+09 6.343926659786496280e+00
3.333696025868780610e-02 9.548159797274030685e+09 6.308621302086215188e+00
3.422195737682656724e-02 1.032895118409558487e+10 6.273392068398149668e+00
3.513044853560481212e-02 1.117359101948509407e+10 6.238246792108611771e+00
3.606305743190722779e-02 1.208730044759619331e+10 6.203179604597417018e+00
3.702042431991535432e-02 1.307572756651620293e+10 6.168165754704581616e+00
3.800320645065451142e-02 1.414498234200456047e+10 6.134146080913714272e+00
3.901207852320937725e-02 1.530167437626787758e+10 6.099158581092005704e+00
4.004773314791817279e-02 1.655295376523966789e+10 6.063517007102874778e+00
4.111088132186310057e-02 1.790655529692378616e+10 6.012336467860319722e+00
4.220225291698361664e-02 1.937084626401396179e+10 5.981749411656395843e+00
4.332259718114790659e-02 2.095487818634360886e+10 5.949441876132240736e+00
4.447268325252603377e-02 2.266844276288781357e+10 5.916332589732941294e+00
4.565330068761825483e-02 2.452213239918539810e+10 5.882787437946018549e+00
4.686526000330107355e-02 2.652740568433172989e+10 5.848968699748636091e+00
4.810939323326277051e-02 2.869665822228789902e+10 5.814974628220074493e+00
4.938655449921071361e-02 3.104329925535075378e+10 5.780865164872714956e+00
5.069762059724267078e-02 3.358183455343214417e+10 5.746682204617281187e+00
5.204349159978437223e-02 3.632795608152729034e+10 5.713012389930243629e+00
5.342509147350668619e-02 3.929863899965218353e+10 5.678676610999420227e+00
5.484336871364679095e-02 4.251224659485576630e+10 5.644525602959322264e+00
5.629929699516883490e-02 4.598864379394482422e+10 5.610333848827940173e+00
5.779387584121040838e-02 4.974931995859894562e+10 5.576193584967767514e+00
5.932813130927491047e-02 5.381752172193701172e+10 5.542142178852071055e+00
6.090311669563997637e-02 5.821839668766254425e+10 5.508099869961143646e+00
6.251991325846591174e-02 6.297914888006575775e+10 5.474099402096738842e+00
6.417963096010033397e-02 6.812920690579614258e+10 5.440130041378423265e+00
6.588340922908920982e-02 7.370040586690028381e+10 5.406231576695934571e+00
6.763241774241660065e-02 7.972718414961802673e+10 5.372424761717203623e+00
6.942785722851062269e-02 8.624679630538961792e+10 5.338694013016995754e+00
7.127096029156715362e-02 9.329954333999903870e+10 5.305010668366224813e+00
7.316299225775646509e-02 1.009290218343843842e+11 5.271370736318278460e+00
7.510525204389426057e-02 1.091823934370580597e+11 5.237775008565600743e+00
7.709907304917351656e-02 1.181106763940059662e+11 5.204244592888110255e+00
7.914582407056899860e-02 1.277690609181567230e+11 5.170583930558122709e+00
8.124691024254285243e-02 1.382172503478787231e+11 5.137154038245139276e+00
8.340377400169710076e-02 1.495198302033806152e+11 5.103868910272786330e+00
8.561789607703430838e-02 1.617466674223338318e+11 5.070686875875564326e+00
8.789079650650681585e-02 1.749733422425965576e+11 5.037589402958151830e+00
9.022403568055262224e-02 1.892816154017243347e+11 5.004485179701528175e+00
9.261921541333376084e-02 2.047599335412607727e+11 4.971439260180702924e+00
9.507798004241274636e-02 2.215039759399660950e+11 4.938469366348272160e+00
9.760201755762271114e-02 2.396172459556223450e+11 4.905585036219124895e+00
1.001930607599049033e-01 2.592117108314055176e+11 4.872760231907348860e+00
1.028528884509107150e-01 2.804084938218016357e+11 4.840011645748904634e+00
1.055833266541834209e-01 3.033386229164339600e+11 4.807314994676590736e+00
1.083862498687588882e-01 3.281438407900477905e+11 4.774711197904905724e+00
1.112635823560459147e-01 3.549774809853616333e+11 4.742153023839665416e+00
1.142172994608691150e-01 3.840054157449074097e+11 4.709671216118409554e+00
1.172494289675813650e-01 4.154070813508866577e+11 4.677278679170466802e+00
1.203620524921776985e-01 4.493765873111924438e+11 4.644946403464325968e+00
1.235573069113650585e-01 4.861239162480230103e+11 4.612685037534983046e+00
1.268373858295696044e-01 5.258762219062068481e+11 4.580499066256252583e+00
1.302045410848893248e-01 5.688792333048912354e+11 4.548381819011285465e+00
1.336610842950242961e-01 6.153987737123441162e+11 4.516342877524722965e+00
1.372093884442477374e-01 6.657224038334411621e+11 4.484375834724003695e+00
1.408518895125056847e-01 7.201611993671835938e+11 4.452484889749444008e+00
1.445910881477646404e-01 7.790516739222401123e+11 4.420670415338483927e+00
1.484295513827553203e-01 8.427578591770216064e+11 4.388932001898192325e+00
1.523699143972907510e-01 9.116735551428002930e+11 4.357267740628318897e+00
1.564148823273679989e-01 9.862247644398741455e+11 4.325682549462444015e+00
1.605672321222974541e-01 1.066872325634295044e+12 4.294176039618302632e+00
1.648298144511323449e-01 1.154114761913103271e+12 4.262745263460090861e+00
1.692055556597082955e-01 1.248491362707177490e+12 4.231390140826309931e+00
1.736974597796372977e-01 1.350585517310787354e+12 4.200116361016489108e+00
1.783086105906337704e-01 1.461028321104590576e+12 4.168918545914202411e+00
1.830421737375890479e-01 1.580502476673970703e+12 4.137804127901632434e+00
1.879013989038490207e-01 1.709746513937519287e+12 4.106770029080012208e+00
1.928896220421842389e-01 1.849559355372338867e+12 4.075815600858691212e+00
1.980102676649872495e-01 2.000805254556204346e+12 4.044943281700671633e+00
2.032668511952668011e-01 2.164419138554127686e+12 4.014152626930362011e+00
2.086629813800538469e-01 2.341412387173329590e+12 3.983439444213965785e+00
2.142023627678774078e-01 2.532879084811145996e+12 3.952801040004558786e+00
2.198887982520090489e-01 2.740002783541623535e+12 3.922262022883412858e+00
2.257261916812227931e-01 2.964063819246867188e+12 3.891798698988420568e+00
2.317185505398640377e-01 3.206447226017884277e+12 3.861410525444163966e+00
2.378699886990655044e-01 3.468651297747753418e+12 3.831116352911878575e+00
2.441847292409993209e-01 3.752296849840634766e+12 3.800907063191121704e+00
2.506671073581062670e-01 4.059137238288019531e+12 3.770791637219305770e+00
2.573215733292888441e-01 4.391069198044994141e+12 3.740751693020548885e+00
2.641526955751152261e-01 4.750144567704160156e+12 3.710797878097671809e+00
2.711651637941288051e-01 5.138582972943203125e+12 3.680929290111039975e+00
2.783637921824171357e-01 5.558785547148908203e+12 3.651147773057126233e+00
2.857535227386521215e-01 6.013349774031782227e+12 3.621453400243908494e+00
2.933394286568680731e-01 6.505085543980866211e+12 3.591848261302941658e+00
3.011267178093079422e-01 7.037032523411157227e+12 3.562325184502898701e+00
3.091207363217298165e-01 7.612478944472444336e+12 3.532899136097792159e+00
3.173269722436259377e-01 8.234981931268028320e+12 3.503562199859052928e+00
3.257510593158754464e-01 8.908389488230042969e+12 3.474314407985950481e+00
3.343987808384179528e-01 9.636864286572599609e+12 3.445164734115304661e+00
3.432760736406012536e-01 1.042490939585872852e+13 3.416097695344769924e+00
3.523890321569300155e-01 1.127739611974090430e+13 3.387120321694649494e+00
3.617439126110146841e-01 1.219959410794199805e+13 3.358237305898170710e+00
3.713471373105898810e-01 1.319720393061374805e+13 3.329446679979698231e+00
3.812052990565548694e-01 1.427639231643157031e+13 3.300749798053601136e+00
3.913251656690593383e-01 1.544383027224980664e+13 3.272146672065781470e+00
4.017136846337431844e-01 1.670673431995428906e+13 3.243629919070826428e+00
4.123779878713221270e-01 1.807291110541827734e+13 3.215223227400197281e+00
4.233253966337895968e-01 1.955080565531167578e+13 3.186889908566579610e+00
4.345634265305981514e-01 2.114955358006337891e+13 3.158663236197234436e+00
4.460997926882732112e-01 2.287903754566991797e+13 3.130521413802297648e+00
4.579424150469971755e-01 2.474994836343047266e+13 3.102488729529908174e+00
4.700994237978018964e-01 2.677385107523487891e+13 3.074553148626603782e+00
4.825791649641049119e-01 2.896325644291159375e+13 3.046714510589679126e+00
4.953902061314153782e-01 3.133169828354621875e+13 3.018998266123814389e+00
5.085413423291500479e-01 3.389381712882035938e+13 2.991349577398961568e+00
5.220416020685915148e-01 3.666545072551023438e+13 2.963816614435969665e+00
5.359002535411366841e-01 3.966373193657475781e+13 2.936374009428335707e+00
5.501268109810922846e-01 4.290719464800930469e+13 2.909031728090951674e+00
5.647310411973809341e-01 4.641588833612779688e+13 2.881790624808832302e+00
5.797229702786454997e-01 5.021150200347196875e+13 2.854652014206608523e+00
5.951128904763558491e-01 5.431749824945825781e+13 2.827626211723167415e+00
6.109113672706387721e-01 5.875925830451941406e+13 2.800692132311526805e+00
6.271292466236858543e-01 6.356423892427084375e+13 2.773862494941734536e+00
6.437776624257192104e-01 6.876214211354377344e+13 2.747136542881853938e+00
6.608680441386231008e-01 7.438509872943367188e+13 2.720508047321106293e+00
6.784121246424914542e-01 8.046786709830762500e+13 2.693991061184767943e+00
6.964219482904812075e-01 8.704804787452365625e+13 2.667580466432224018e+00
7.149098791774923800e-01 9.416631646900850000e+13 2.641275333455586960e+00
7.338886096283629978e-01 1.018666744844563281e+14 2.615079012131162006e+00
7.533711689113945509e-01 1.101967217113915625e+14 2.588991428418969676e+00
7.733709321832025196e-01 1.192079503664453281e+14 2.563012900165487107e+00
7.939016296710177389e-01 1.289560633916742344e+14 2.537145834774815700e+00
8.149773560987564336e-01 1.395013187824959844e+14 2.511385281131085723e+00
8.366125803633261970e-01 1.509089020727044062e+14 2.485732348940856262e+00
8.588221554678001635e-01 1.632493292790763438e+14 2.460192368401632912e+00
8.816213287182956826e-01 1.765988827963819688e+14 2.434765836162962493e+00
9.050257521915497927e-01 1.910400829372817500e+14 2.409449379030580207e+00
9.290514934803696390e-01 2.066621980319299688e+14 2.384248633390487093e+00
9.537150467243505902e-01 2.235617962404775312e+14 2.359163980075286382e+00
9.790333439334273358e-01 2.418433424895001250e+14 2.334193612408558938e+00
1.005023766612023417e+00 2.616198442223105938e+14 2.309338105936423968e+00
1.031704157691794688e+00 2.830135499548738750e+14 2.284598813369235870e+00
1.059092833781153820e+00 3.061567049554479375e+14 2.259976202629337294e+00
1.087208597739971472e+00 3.311923687191746875e+14 2.235471147033654571e+00
1.116070751588110310e+00 3.582752992908625625e+14 2.211084683787970295e+00
1.145699109756640466e+00 3.875729099023953125e+14 2.186818756883443626e+00
1.176114012690826049e+00 4.192663038382150625e+14 2.162674361701475423e+00
1.207336340814241682e+00 4.535513939259254375e+14 2.138652168700094780e+00
1.239387528863587828e+00 4.906401135721308125e+14 2.114752749879365457e+00
1.272289580604060166e+00 5.307617268295510625e+14 2.090976194272531785e+00
1.306065083935356030e+00 5.741642455935718750e+14 2.067321814734071506e+00
1.340737226398710957e+00 6.211159626886646250e+14 2.043792070189375476e+00
1.376329811095601929e+00 6.719071103214418750e+14 2.020387789657386080e+00
1.412867273029032811e+00 7.268516541520691250e+14 1.997110739479592834e+00
1.450374695878642539e+00 7.862892340741131250e+14 1.973961779134909555e+00
1.488877829221146198e+00 8.505872636997661250e+14 1.950941705692450068e+00
1.528403106207911977e+00 9.201432015283846250e+14 1.928052157915790987e+00
1.568977661711837834e+00 9.953870078376241250e+14 1.905293375768647657e+00
1.610629350955977479e+00 1.076783802484441625e+15 1.882665105027564012e+00
1.653386768636682325e+00 1.164836740045128750e+15 1.860169361365535234e+00
1.697279268554423570e+00 1.260090120067127750e+15 1.837803929117340695e+00
1.742336983765752745e+00 1.363132751658637250e+15 1.815573226221245395e+00
1.788590847270223216e+00 1.474601593214191250e+15 1.793477621644829156e+00
1.836072613246500840e+00 1.595185689775255000e+15 1.771518846945600245e+00
1.884814878852232756e+00 1.725630432364621000e+15 1.749697646356596303e+00
1.934851106602620163e+00 1.866742165623646000e+15 1.728014274626674673e+00
1.986215647343092527e+00 2.019393172234537750e+15 1.706469863331678161e+00
2.038943763831838396e+00 2.184527064938884750e+15 1.685063792428453056e+00
2.093071654948364557e+00 2.363164619483149000e+15 1.663796728647160217e+00
2.148636480544737104e+00 2.556410084547592000e+15 1.642669430280303544e+00
2.205676386956551660e+00 2.765458007663459000e+15 1.621683663720487445e+00
2.264230533191123218e+00 2.991600619312756000e+15 1.600836699746547742e+00
2.324339117810914956e+00 3.236235820855606000e+15 1.580140589443316923e+00
2.386043406530632183e+00 3.500875825662479500e+15 1.559584993291944111e+00
2.449385760546947566e+00 3.787156506866568500e+15 1.539173755234379160e+00
2.514409665620275458e+00 4.096847509519342500e+15 1.518906530297355451e+00
2.581159761928598417e+00 4.431863189657752000e+15 1.498783124598620731e+00
2.649681874713829544e+00 4.794274447902953000e+15 1.478803828319201541e+00
2.720023045741718715e+00 5.186321530739803000e+15 1.458969151099610340e+00
2.792231565596946297e+00 5.610427878608514000e+15 1.439275629037472193e+00
2.866357006835561716e+00 6.069215106410437000e+15 1.419736807575253890e+00
2.942450258017492271e+00 6.565519209029828000e+15 1.400340352821056289e+00
3.020563558642538116e+00 7.102408092046365000e+15 1.381090553349863859e+00
3.100750535013816922e+00 7.683200536004503000e+15 1.361986560783007061e+00
3.183066237053247871e+00 8.311486711467115000e+15 1.343028329063329140e+00
3.267567176094405390e+00 8.991150371667688000e+15 1.324214272214595089e+00
3.354311363678658786e+00 9.726392859944846000e+15 1.305544843424485846e+00
3.443358351381208493e+00 1.052175908036104400e+16 1.287020924105254371e+00
3.534769271694412129e+00 1.138216559204329200e+16 1.268641040207670434e+00
3.628606879996441492e+00 1.231293100091102600e+16 1.250406486507766646e+00
3.724935597634052353e+00 1.331980883665738200e+16 1.232317213691973778e+00
3.823821556149104683e+00 1.440902311821356600e+16 1.214372815202864997e+00
3.925332642679166817e+00 1.558730682754423800e+16 1.196572915738253196e+00
4.029538546563334656e+00 1.686194352959924800e+16 1.178916087350088571e+00
4.136510807185332261e+00 1.824081239569646400e+16 1.161401917729444788e+00
4.246322863086706256e+00 1.973243690864753200e+16 1.144030255567817456e+00
4.359050102383792868e+00 2.134603755069698400e+16 1.126801417266613203e+00
4.474769914523138326e+00 2.309158879996621200e+16 1.109715905450732176e+00
4.593561743410863762e+00 2.497988078772555200e+16 1.092774190663309053e+00
4.715507141952463677e+00 2.702258599762936000e+16 1.075978074587285560e+00
4.840689828040442677e+00 2.923233141921497200e+16 1.059324300170769506e+00
4.969195742028294838e+00 3.162277660168377600e+16 1.042813952226868901e+00
