# Matter power spectrum P(k) at redshift z=0.671402
# for k=1.03839e-05 to 103946 h/Mpc,
# number of wavenumbers equal to 162
#    1:k (h/Mpc)              2:P (Mpc/h)^3        
       1.038387980426e-05       2.727019328121e+01 
       1.307253015860e-05       3.401634796473e+01 
       1.645734041311e-05       4.243131238586e+01 
       2.071856405662e-05       5.292792462087e+01 
       2.608312678676e-05       6.602102920500e+01 
       3.283671113090e-05       8.235276727437e+01 
       4.133897008243e-05       1.027239455409e+02 
       5.204267993417e-05       1.281331152003e+02 
       6.551785226700e-05       1.598251276638e+02 
       8.248208914511e-05       1.993513622902e+02 
       1.038387980426e-04       2.486441805506e+02 
       1.307253015860e-04       3.101084546698e+02 
       1.645734041311e-04       3.867331861450e+02 
       2.071856405662e-04       4.822257805668e+02 
       2.608312678676e-04       6.011702306884e+02 
       3.283671113090e-04       7.492073308583e+02 
       4.133897008243e-04       9.332293874731e+02 
       5.204267993417e-04       1.161573476530e+03 
       6.551785226700e-04       1.444187802803e+03 
       8.248208914511e-04       1.792737611452e+03 
       1.038387980426e-03       2.220599995951e+03 
       1.307253015860e-03       2.742624528156e+03 
       1.645734041311e-03       3.374316528101e+03 
       2.071856405662e-03       4.130558691609e+03 
       2.608312678676e-03       5.023093943765e+03 
       3.283671113090e-03       6.057004253705e+03 
       4.133897008243e-03       7.225953560141e+03 
       5.204267993417e-03       8.505743432747e+03 
       6.551785226700e-03       9.846355575770e+03 
       8.248208914511e-03       1.116484750610e+04 
       1.038387980426e-02       1.233462494418e+04 
       1.307253015860e-02       1.318380997801e+04 
       1.645734041309e-02       1.350216642620e+04 
       2.071856389740e-02       1.308434238139e+04 
       2.608300445243e-02       1.183733053235e+04 
       3.281964991556e-02       9.952000561027e+03 
       4.076731882098e-02       8.071342582900e+03 
       4.748610964640e-02       6.994244385703e+03 
       5.235556489500e-02       6.465712712680e+03 
       5.636819838611e-02       6.136421422075e+03 
       5.994952259956e-02       5.888039346769e+03 
       6.328896038018e-02       5.670818966603e+03 
       6.648665992189e-02       5.460338500627e+03 
       6.960262323712e-02       5.243274441894e+03 
       7.267623995969e-02       5.013324757100e+03 
       7.573525737584e-02       4.768855538295e+03 
       7.880036892493e-02       4.512223152353e+03 
       8.188776255393e-02       4.247696473213e+03 
       8.501063007773e-02       3.981988268837e+03 
       8.818010842318e-02       3.722374182144e+03 
       9.140589175815e-02       3.476238007026e+03 
       9.469664359045e-02       3.250054603442e+03 
       9.806028224808e-02       3.048881152557e+03 
       1.015041833512e-01       2.875875154764e+03 
       1.050353261720e-01       2.731461987212e+03 
       1.086604010236e-01       2.613832680570e+03 
       1.123858889329e-01       2.518794229762e+03 
       1.162181211904e-01       2.439883685137e+03 
       1.201633240441e-01       2.369142856276e+03 
       1.242276522951e-01       2.298121352526e+03 
       1.284172145558e-01       2.218924743574e+03 
       1.327380922745e-01       2.125922166768e+03 
       1.371963541906e-01       2.017171659720e+03 
       1.417980675894e-01       1.894951788002e+03 
       1.465493075383e-01       1.765194334166e+03 
       1.514561651563e-01       1.636571998226e+03 
       1.565247558934e-01       1.517880022842e+03 
       1.617612287437e-01       1.416055786076e+03 
       1.671717772872e-01       1.334364708046e+03 
       1.727626534338e-01       1.271693926036e+03 
       1.785401847321e-01       1.222591785356e+03 
       1.845107960933e-01       1.179275320178e+03 
       1.906810367808e-01       1.133015249283e+03 
       1.970576135147e-01       1.077193436772e+03 
       2.036474305566e-01       1.010720780685e+03 
       2.104576376707e-01       9.384330697248e+02 
       2.174956869163e-01       8.679993379251e+02 
       2.247693993211e-01       8.063017412427e+02 
       2.322870426350e-01       7.568275927550e+02 
       2.400574215756e-01       7.185491510457e+02 
       2.480899822819e-01       6.860830097087e+02 
       2.563949331083e-01       6.527516632057e+02 
       2.649833844501e-01       6.145734210025e+02 
       2.738675110412e-01       5.722246093455e+02 
       2.830607411522e-01       5.302514821857e+02 
       2.925779784269e-01       4.937510655018e+02 
       3.024358638260e-01       4.641303333024e+02 
       3.126530874568e-01       4.388127857984e+02 
       3.232507631655e-01       4.137455241990e+02 
       3.342528829678e-01       3.866310603565e+02 
       3.456868741616e-01       3.590009542349e+02 
       3.575842899774e-01       3.337184563828e+02 
       3.699816759319e-01       3.120865441482e+02 
       3.829216702507e-01       2.924337712006e+02 
       3.964544203492e-01       2.727160199666e+02 
       4.106394324383e-01       2.528373853546e+02 
       4.255480244689e-01       2.342862008964e+02 
       4.412666349754e-01       2.175440085704e+02 
       4.579013710836e-01       2.017041260104e+02 
       4.755843921419e-01       1.860083785210e+02 
       4.944830838092e-01       1.710377045906e+02 
       5.148136006390e-01       1.571408716227e+02 
       5.368614811649e-01       1.436274216674e+02 
       5.610141638893e-01       1.305395985424e+02 
       5.878144430577e-01       1.180212996117e+02 
       6.180527285099e-01       1.057480454022e+02 
       6.529356760506e-01       9.373731537272e+01 
       6.944158716649e-01       8.178108847029e+01 
       7.458878060771e-01       6.972641731796e+01 
       8.137756820931e-01       5.731525789933e+01 
       9.112857638517e-01       4.430963194701e+01 
       1.065396821454e+00       3.091353239411e+01 
       1.310859802664e+00       1.902306184496e+01 
       1.647471546876e+00       1.103331638146e+01 
       2.073990047125e+00       6.316235050218e+00 
       2.610998571871e+00       3.586077177437e+00 
       3.287052452179e+00       2.020978464884e+00 
       4.138153861949e+00       1.131186457231e+00 
       5.209627054722e+00       6.292927957984e-01 
       6.558531885160e+00       3.481166654680e-01 
       8.256702454290e+00       1.915796636819e-01 
       1.039457253733e+01       1.049319234740e-01 
       1.308599151198e+01       5.722020062858e-02 
       1.647428725296e+01       3.107433214436e-02 
       2.073989886394e+01       1.681063322795e-02 
       2.610998571786e+01       9.060467328082e-03 
       3.287052452179e+01       4.865913055207e-03 
       4.138153861949e+01       2.603732447291e-03 
       5.209627054722e+01       1.387915241461e-03 
       6.558531885160e+01       7.367094170499e-04 
       8.256702454290e+01       3.890755534225e-04 
       1.039457253733e+02       2.041838052974e-04 
       1.308599151198e+02       1.062559629631e-04 
       1.647428725296e+02       5.466103637269e-05 
       2.073989886394e+02       2.767343555423e-05 
       2.610998571786e+02       1.371051063374e-05 
       3.287052452179e+02       6.607880934390e-06 
       4.138153861949e+02       3.087590031504e-06 
       5.209627054722e+02       1.405197011167e-06 
       6.558531885160e+02       6.348257225070e-07 
       8.256702454290e+02       2.939745231445e-07 
       1.039457253733e+03       1.426680144754e-07 
       1.308599151198e+03       7.047129600473e-08 
       1.647428725296e+03       3.381353740479e-08 
       2.073989886394e+03       1.670704687354e-08 
       2.610998571786e+03       8.609418024185e-09 
       3.287052452180e+03       4.296041005850e-09 
       4.138153861949e+03       2.190108238807e-09 
       5.209627054722e+03       1.129815241376e-09 
       6.558531885160e+03       5.771606281092e-10 
       8.256702454290e+03       3.036150180953e-10 
       1.039457253733e+04       1.545870908241e-10 
       1.308599151198e+04       8.224898158067e-11 
       1.647428725296e+04       4.352153257060e-11 
       2.073989886394e+04       1.905455407553e-11 
       2.610998571786e+04       1.670160006335e-11 
       3.287052452180e+04       4.679563289646e-11 
       4.138153861949e+04       1.043836930691e-09 
       5.209627054722e+04       2.484760825980e-09 
       6.558531885160e+04       7.813466295013e-05 
       8.256702454290e+04       2.685973883878e-02 
       1.039457253733e+05       3.303168168437e+06 
