#  R_hMpc M_hMsun sigma
4.642122017105015583e-03 1.000000000000001192e+08 4.309321128292921799e+00
4.765356546447440354e-03 1.081774017548857480e+08 4.293942261611049638e+00
4.891862585923866143e-03 1.170235025043791085e+08 4.278192282497340848e+00
5.021726984395688022e-03 1.265929844518008083e+08 4.262103026806451034e+00
5.155038896303185125e-03 1.369450013839244545e+08 4.245682426987929858e+00
5.291889842871791601e-03 1.481435443303211629e+08 4.228924137326184329e+00
5.432373774943220594e-03 1.602578371241386235e+08 4.211821268313078903e+00
5.576587137474512713e-03 1.733627643094696999e+08 4.194356057454445619e+00
5.724628935749397941e-03 1.875393340404299200e+08 4.176501512887269563e+00
5.876600803347367848e-03 2.028751788333528936e+08 4.158244689156610718e+00
6.032607071917072718e-03 2.194650972674987316e+08 4.139586410814214190e+00
6.192754842802059012e-03 2.374116399828126132e+08 4.120536758384470311e+00
6.357154060567911207e-03 2.568257435970691144e+08 4.101133527769452058e+00
6.525917588481367805e-03 2.778274164609739780e+08 4.081436897350179116e+00
6.699161285993105418e-03 3.005464804902060032e+08 4.061516816217395132e+00
6.877004088277567477e-03 3.251233736600591540e+08 4.041460627424407370e+00
7.059568087884224644e-03 3.517100181232801080e+08 4.021354979299689880e+00
7.246978618556523984e-03 3.804707593174018264e+08 4.001276591951406836e+00
7.439364341275925448e-03 4.115833818666484356e+08 3.981295603395609728e+00
7.636857332590207478e-03 4.452402085582293868e+08 3.961461445806502280e+00
7.839593175286542828e-03 4.816492891863263249e+08 3.941816628697306868e+00
8.047711051471749533e-03 5.210356866126415133e+08 3.922398534253877411e+00
8.261353838123541848e-03 5.636428679932841063e+08 3.903249483823518329e+00
8.480668205178310340e-03 6.097342097718546391e+08 3.884427696031105715e+00
8.705804716222915324e-03 6.595946257418738604e+08 3.866004213115955324e+00
8.936917931859557351e-03 7.135323282424212694e+08 3.848065275722203360e+00
9.174166515814577774e-03 7.718807333737931252e+08 3.830694462193463767e+00
9.417713343864235129e-03 8.350005220103235245e+08 3.813965634438055030e+00
9.667725615652118104e-03 9.032818693504995108e+08 3.797925459134834369e+00
9.924374969474918443e-03 9.771468567863310575e+08 3.782594618826805366e+00
1.018783760011547981e-02 1.057052081000984311e+09 3.767968392303485459e+00
1.045829437980397118e-02 1.143491476422811985e+09 3.754030943967185951e+00
1.073593098239017905e-02 1.236999368482778788e+09 3.740764474898008896e+00
1.102093801081220972e-02 1.338153776549011707e+09 3.728152418503749121e+00
1.131351112794915480e-02 1.447579986955596685e+09 3.716173333560949477e+00
1.161385119094745025e-02 1.565954418212276220e+09 3.704784128673030086e+00
1.192216438911321112e-02 1.694008802287873268e+09 3.693909771607601034e+00
1.223866238546523523e-02 1.832534707814075708e+09 3.683441716662518406e+00
1.256356246204577871e-02 1.982388433169752359e+09 3.673250219213821666e+00
1.289708766908888998e-02 2.144496299692421675e+09 3.663203634358221716e+00
1.323946697814878254e-02 2.319860377736923695e+09 3.653178793866691532e+00
1.359093543929324778e-02 2.509564680976878643e+09 3.643056806615339482e+00
1.395173434247008910e-02 2.714781867239068508e+09 3.632710817558290284e+00
1.432211138315740880e-02 2.936780487291987896e+09 3.622000294042468926e+00
1.470232083241137036e-02 3.176932826396940708e+09 3.610782699808119389e+00
1.509262371142820226e-02 3.436723387094257355e+09 3.598936404410077117e+00
1.549328797074038186e-02 3.717758065661062241e+09 3.586375251405119702e+00
1.590458867416987693e-02 4.021774078964830875e+09 3.573042684885950226e+00
1.632680818766479858e-02 4.350650703075629234e+09 3.558896405650252337e+00
1.676023637314917256e-02 4.706420890017873764e+09 3.543906429029199945e+00
1.720517078751876774e-02 5.091283834470498085e+09 3.528071986071180444e+00
1.766191688691970060e-02 5.507618568096695900e+09 3.511434835896613205e+00
1.813078823645003154e-02 5.957998665536623955e+09 3.494067349171025683e+00
1.861210672542837688e-02 6.445208152968277931e+09 3.476047538772276901e+00
1.910620278837709199e-02 6.972258717575135231e+09 3.457452107823384857e+00
1.961341563187208106e-02 7.542408324301280022e+09 3.438368540930942796e+00
2.013409346741472025e-02 8.159181354973319054e+09 3.418892597911733944e+00
2.066859375048582526e-02 8.826390394279207230e+09 3.399101016088444283e+00
2.121728342594577862e-02 9.548159797274038315e+09 3.331927168624885915e+00
2.178053917994937985e-02 1.032895118409559059e+10 3.315953993932510446e+00
2.235874769854821059e-02 1.117359101948510361e+10 3.304786667285820823e+00
2.295230593315810211e-02 1.208730044759620476e+10 3.287582691370701138e+00
2.356162137307408685e-02 1.307572756651621246e+10 3.270361028975075079e+00
2.418711232521971594e-02 1.414498234200457191e+10 3.274821834454751723e+00
2.482920820132286308e-02 1.530167437626789093e+10 3.235926842786637003e+00
2.548834981271532948e-02 1.655295376523968315e+10 3.218750336507540943e+00
2.616498967295836225e-02 1.790655529692379379e+10 3.201613707246566243e+00
2.685959230850201718e-02 1.937084626401398087e+10 3.192359015988913029e+00
2.757263457759166758e-02 2.095487818634361649e+10 3.167455774313039818e+00
2.830460599764047375e-02 2.266844276288782883e+10 3.150397974103627430e+00
2.905600908129255325e-02 2.452213239918542099e+10 3.133326023328696142e+00
2.982735968140782026e-02 2.652740568433175278e+10 3.116235673921659899e+00
3.061918734520495400e-02 2.869665822228791809e+10 3.099139196903248461e+00
3.143203567780586405e-02 3.104329925535076904e+10 3.082050900197401688e+00
3.226646271543127248e-02 3.358183455343216324e+10 3.064980340613649989e+00
3.312304130850343004e-02 3.632795608152732849e+10 3.047938058997390787e+00
3.400235951491901998e-02 3.929863899965221405e+10 3.030931354650436393e+00
3.490502100376242922e-02 4.251224659485579681e+10 3.013964606364221588e+00
3.583164546973643949e-02 4.598864379394484711e+10 2.997037009597696144e+00
3.678286905859448619e-02 4.974931995859897614e+10 2.980138924970378689e+00
3.775934480386727854e-02 5.381752172193704987e+10 2.963779102081035788e+00
3.876174307518302081e-02 5.821839668766259003e+10 2.946843013048480842e+00
3.979075203848923131e-02 6.297914888006576538e+10 2.929663376949572129e+00
4.084707812849198982e-02 6.812920690579619598e+10 2.904194197307268688e+00
4.193144653363724966e-02 7.370040586690032959e+10 2.893940747460326257e+00
4.304460169396679553e-02 7.972718414961805725e+10 2.874337032754020083e+00
4.418730781219075421e-02 8.624679630538970947e+10 2.858435035188093831e+00
4.536034937832778002e-02 9.329954333999908447e+10 2.843661592104099078e+00
4.656453170827271060e-02 1.009290218343844452e+11 2.826003213752792398e+00
4.780068149666150124e-02 1.091823934370581512e+11 2.809619358653999033e+00
4.906964738441335627e-02 1.181106763940060577e+11 2.793174131632603086e+00
5.037230054133922524e-02 1.277690609181567993e+11 2.776688520077617017e+00
5.170953526421673274e-02 1.382172503478788452e+11 2.760457818762686255e+00
5.308226959074251183e-02 1.495198302033807068e+11 2.743893553725345491e+00
5.449144592978290291e-02 1.617466674223339539e+11 2.727405914716818813e+00
5.593803170835593558e-02 1.749733422425966492e+11 2.710898652759651917e+00
5.742302003578894642e-02 1.892816154017244873e+11 2.694418557463096331e+00
5.894743038550746134e-02 2.047599335412609558e+11 2.677991448297387667e+00
6.051230929492344701e-02 2.215039759399663391e+11 2.661555689642789879e+00
6.211873108390383869e-02 2.396172459556225281e+11 2.645149298160105467e+00
6.376779859231186676e-02 2.592117108314058533e+11 2.628754630824169158e+00
6.546064393712826279e-02 2.804084938218018188e+11 2.612389480006241271e+00
6.719842928967161011e-02 3.033386229164342651e+11 2.596067645318500539e+00
6.898234767345143292e-02 3.281438407900480347e+11 2.579785907420543811e+00
7.081362378320234241e-02 3.549774809853619385e+11 2.563529480390076998e+00
7.269351482566070721e-02 3.840054157449076538e+11 2.547293742449786347e+00
7.462331138266146968e-02 4.154070813508869019e+11 2.531079402764087494e+00
7.660433829714795306e-02 4.493765873111928101e+11 2.514889915448380364e+00
7.863795558270224306e-02 4.861239162480233765e+11 2.498852752191274451e+00
8.072555935722090792e-02 5.258762219062070923e+11 2.482495289756966095e+00
8.286858280137741894e-02 5.688792333048918457e+11 2.466439152824813519e+00
8.506849714252823214e-02 6.153987737123448486e+11 2.450422389833412318e+00
8.732681266473944770e-02 6.657224038334417725e+11 2.434417811528412745e+00
8.964507974562599402e-02 7.201611993671842041e+11 2.418463560827676773e+00
9.202488992071607143e-02 7.790516739222407227e+11 2.402512747063494380e+00
9.446787697607142431e-02 8.427578591770223389e+11 2.386595617607110142e+00
9.697571806991334142e-02 9.116735551428007812e+11 2.370719953305373107e+00
9.955013488402415789e-02 9.862247644398745117e+11 2.354875411265574314e+00
1.021928948057157782e-01 1.066872325634295898e+12 2.339068748147095977e+00
1.049058121411752531e-01 1.154114761913103760e+12 2.323285238155872179e+00
1.076907493610212430e-01 1.248491362707178223e+12 2.307537573960843691e+00
1.105496183789266840e-01 1.350585517310788330e+12 2.291834191011349109e+00
1.134843818641846219e-01 1.461028321104592041e+12 2.276149915882858199e+00
1.164970545891187564e-01 1.580502476673972412e+12 2.260505796886993934e+00
1.195897048122643302e-01 1.709746513937520264e+12 2.244903068694683146e+00
1.227644556982674245e-01 1.849559355372339844e+12 2.229329368624928698e+00
1.260234867754792820e-01 2.000805254556205811e+12 2.213791171085533804e+00
1.293690354322448444e-01 2.164419138554128906e+12 2.198286487293288349e+00
1.328033984529131961e-01 2.341412387173330566e+12 2.182819637970119686e+00
1.363289335946252512e-01 2.532879084811148926e+12 2.167388089582784172e+00
1.399480612059596785e-01 2.740002783541625488e+12 2.151992796845952682e+00
1.436632658885493297e-01 2.964063819246870605e+12 2.136632925490195234e+00
1.474770982028088262e-01 3.206447226017887207e+12 2.121311838110718995e+00
1.513921764189440911e-01 3.468651297747755859e+12 2.106020829817247808e+00
1.554111883144453921e-01 3.752296849840638184e+12 2.090777546987746316e+00
1.595368930192996304e-01 4.059137238288023926e+12 2.078870441181232209e+00
1.637721229101861964e-01 4.391069198044998535e+12 2.060393248982854253e+00
1.681197855549592668e-01 4.750144567704165039e+12 2.045256025721473581e+00
1.725828657087496443e-01 5.138582972943208008e+12 2.030195024524664493e+00
1.771644273630570143e-01 5.558785547148912109e+12 2.015097010778954978e+00
1.818676158492402717e-01 6.013349774031786133e+12 2.000074849066463489e+00
1.866956599978486508e-01 6.505085543980871094e+12 1.985091823585948489e+00
1.916518743552765025e-01 7.037032523411164062e+12 1.970147504285675755e+00
1.967396614592644977e-01 7.612478944472450195e+12 1.955242717523938856e+00
2.019625141748078168e-01 8.234981931268038086e+12 1.940376624097063463e+00
2.073240180920758735e-01 8.908389488230052734e+12 1.925549226655005830e+00
2.128278539879902009e-01 9.636864286572607422e+12 1.910761649997059886e+00
2.184778003531494539e-01 1.042490939585874023e+13 1.896013132953382474e+00
2.242777359858364183e-01 1.127739611974091016e+13 1.881305577503331605e+00
2.302316426548893791e-01 1.219959410794200586e+13 1.866633994032061539e+00
2.363436078332631640e-01 1.319720393061375977e+13 1.852007540869239577e+00
2.426178275041596943e-01 1.427639231643157812e+13 1.837422355256893569e+00
2.490586090416520570e-01 1.544383027224981445e+13 1.822882309594104244e+00
2.556703741677801567e-01 1.670673431995430469e+13 1.808379106633742905e+00
2.624576619881499595e-01 1.807291110541829297e+13 1.793916749466262672e+00
2.694251321081175821e-01 1.955080565531169531e+13 1.779495555352758718e+00
2.765775678316985675e-01 2.114955358006339453e+13 1.765116394172952630e+00
2.839198794454004249e-01 2.287903754566993750e+13 1.750779526646883300e+00
2.914571075892293806e-01 2.474994836343048828e+13 1.736484738651814741e+00
2.991944267171875449e-01 2.677385107523490234e+13 1.722234257732695450e+00
3.071371486496375924e-01 2.896325644291162500e+13 1.708021908590746651e+00
3.152907262199695637e-01 3.133169828354625391e+13 1.693857137461139972e+00
3.236607570180785043e-01 3.389381712882038672e+13 1.679735212774440711e+00
3.322529872332183887e-01 3.666545072551025781e+13 1.665660518273185620e+00
3.410733155988726062e-01 3.966373193657478906e+13 1.651625305061504845e+00
3.501277974423505635e-01 4.290719464800932031e+13 1.637633896065061379e+00
3.594226488418871268e-01 4.641588833612784375e+13 1.623687532289365354e+00
3.689642508941010091e-01 5.021150200347200781e+13 1.609785676373890917e+00
3.787591540947433111e-01 5.431749824945828125e+13 1.595928922624143320e+00
3.888140828357395384e-01 5.875925830451944531e+13 1.582117623116631178e+00
3.991359400216154540e-01 6.356423892427091406e+13 1.568352378097598754e+00
4.097318118084763983e-01 6.876214211354382031e+13 1.554629740356701095e+00
4.206089724687913645e-01 7.438509872943371875e+13 1.540955439037124064e+00
4.317748893853218251e-01 8.046786709830770312e+13 1.527319872701152770e+00
4.432372281776271739e-01 8.704804787452373438e+13 1.513741573681330443e+00
4.550038579646601966e-01 9.416631646900856250e+13 1.500193992140937516e+00
4.670828567670723408e-01 1.018666744844564531e+14 1.486721273908399477e+00
4.794825170529301017e-01 1.101967217113916406e+14 1.473261469348090991e+00
4.922113514306590831e-01 1.192079503664454219e+14 1.459876939112015215e+00
5.052780984931122266e-01 1.289560633916742969e+14 1.446525456797355114e+00
5.186917288167856022e-01 1.395013187824960469e+14 1.433229717966746142e+00
5.324614511202955258e-01 1.509089020727045000e+14 1.419977615763711620e+00
5.465967185863401800e-01 1.632493292790764688e+14 1.406790099848727715e+00
5.611072353514954258e-01 1.765988827963820938e+14 1.393618525938783437e+00
5.760029631682954676e-01 1.910400829372819688e+14 1.380512577103979233e+00
5.912941282441661617e-01 2.066621980319300938e+14 1.367461415945172121e+00
6.069912282619182031e-01 2.235617962404776562e+14 1.354449935993645271e+00
6.231050395866121194e-01 2.418433424895002812e+14 1.341496924120033851e+00
6.396466246637395603e-01 2.616198442223107188e+14 1.328590022025963213e+00
6.566273396138094798e-01 2.830135499548742500e+14 1.315730024290808320e+00
6.740588420285478222e-01 3.061567049554481250e+14 1.302923714250571408e+00
6.919530989740582116e-01 3.311923687191749375e+14 1.290168395276043434e+00
7.103223952064471325e-01 3.582752992908628750e+14 1.277466539855573791e+00
7.291793416055513122e-01 3.875729099023957500e+14 1.264812476362977112e+00
7.485368838325475727e-01 4.192663038382155000e+14 1.252214535847155030e+00
7.684083112174047159e-01 4.535513939259256875e+14 1.239666056978323105e+00
7.888072658822662397e-01 4.906401135721311875e+14 1.227172908258080675e+00
8.097477521070355344e-01 5.307617268295513125e+14 1.214731104791034744e+00
8.312441459435829794e-01 5.741642455935725000e+14 1.202342057715195978e+00
8.533112050851870967e-01 6.211159626886650000e+14 1.190005481076777505e+00
8.759640789979822317e-01 6.719071103214426250e+14 1.177724098200154002e+00
8.992183193213565406e-01 7.268516541520696250e+14 1.165496374023135884e+00
9.230898905444578917e-01 7.862892340741136250e+14 1.153324187210910123e+00
9.475951809661300462e-01 8.505872636997670000e+14 1.141207664966377378e+00
9.727510139457932192e-01 9.201432015283855000e+14 1.129146459223940635e+00
9.985746594530111597e-01 9.953870078376251250e+14 1.117140596671714947e+00
1.025083845923664860e+00 1.076783802484442625e+15 1.105190613016265866e+00
1.052296772430863170e+00 1.164836740045129750e+15 1.093297106904590033e+00
1.080232121178963611e+00 1.260090120067128250e+15 1.081459979580305708e+00
1.108909070329274549e+00 1.363132751658638250e+15 1.069679915331449571e+00
1.138347307166228006e+00 1.474601593214192250e+15 1.057957937041871244e+00
1.168567041613089330e+00 1.595185689775256750e+15 1.046295552466973033e+00
1.199589020106465176e+00 1.725630432364622000e+15 1.034689813028865091e+00
1.231434539839131093e+00 1.866742165623647000e+15 1.023144356194742643e+00
1.264125463380971759e+00 2.019393172234539000e+15 1.011658159485046227e+00
1.297684233688065181e+00 2.184527064938886750e+15 1.000230898964544979e+00
1.332133889510202618e+00 2.363164619483150500e+15 9.888636087864540736e-01
1.367498081207441984e+00 2.556410084547594500e+15 9.775566823787666948e-01
1.403801086986545599e+00 2.765458007663462000e+15 9.663108095650945195e-01
1.441067829568434489e+00 2.991600619312759000e+15 9.551266344270410436e-01
1.479323893298126524e+00 3.236235820855610000e+15 9.440049661706519935e-01
1.518595541708885222e+00 3.500875825662482000e+15 9.329458138055304328e-01
1.558909735552654219e+00 3.787156506866572500e+15 9.219497281053571358e-01
1.600294151309128221e+00 4.096847509519346000e+15 9.110167051810867944e-01
1.642777200186200881e+00 4.431863189657754000e+15 9.001461686551620600e-01
1.686388047624818087e+00 4.794274447902958000e+15 8.893407474204987340e-01
1.731156633321611071e+00 5.186321530739808000e+15 8.785991342659308367e-01
1.777113691783086313e+00 5.610427878608517000e+15 8.679224647627616918e-01
1.824290773425469414e+00 6.069215106410443000e+15 8.573116413635504252e-01
1.872720266234669362e+00 6.565519209029833000e+15 8.467669420613124220e-01
1.922435418001267049e+00 7.102408092046369000e+15 8.362890016230364321e-01
1.973470359145778286e+00 7.683200536004508000e+15 8.258779389952518590e-01
2.025860126149839679e+00 8.311486711467120000e+15 8.155333748799734606e-01
2.079640685609443373e+00 8.991150371667693000e+15 8.052562349415093301e-01
2.134848958926710338e+00 9.726392859944850000e+15 7.950461681522252855e-01
2.191522847657142670e+00 1.052175908036105400e+16 7.849041645362795361e-01
2.249701259529782948e+00 1.138216559204329800e+16 7.748308668512077224e-01
2.309424135158138380e+00 1.231293100091103400e+16 7.648267355517350818e-01
2.370732475460174626e+00 1.331980883665738600e+16 7.548920904426174028e-01
2.433668369806253118e+00 1.440902311821357800e+16 7.450269917381173723e-01
2.498275024914309306e+00 1.558730682754424600e+16 7.352315219744348651e-01
2.564596794512095990e+00 1.686194352959926200e+16 7.255054604246620187e-01
2.632679209786882968e+00 1.824081239569647200e+16 7.158488036922520115e-01
2.702569010643518954e+00 1.973243690864755600e+16 7.062618626746947070e-01
2.774314177792265745e+00 2.134603755069700000e+16 6.967450743538794455e-01
2.847963965688504739e+00 2.309158879996623600e+16 6.872986440486248405e-01
2.923568936346873759e+00 2.497988078772556800e+16 6.779228875122180753e-01
3.001180994053087581e+00 2.702258599762937200e+16 6.686176238257898197e-01
3.080853420997223591e+00 2.923233141921500400e+16 6.593834648920340324e-01
3.162640913852991620e+00 3.162277660168379200e+16 6.502192653224458940e-01
