#  R_hMpc M_hMsun sigma
2.794332377142201215e-03 9.999999999999998510e+07 2.589056441362391325e+00
2.868513588677474874e-03 1.081774017548855990e+08 2.584541470166884736e+00
2.944664090691521182e-03 1.170235025043789148e+08 2.580082577044287895e+00
3.022836161987961772e-03 1.265929844518006444e+08 2.575647478470815432e+00
3.103083469217116086e-03 1.369450013839242458e+08 2.571196266854598456e+00
3.185461103719213014e-03 1.481435443303209245e+08 2.566678293249967879e+00
3.270025619345679098e-03 1.602578371241383851e+08 2.562037723472965656e+00
3.356835071284438709e-03 1.733627643094694316e+08 2.557223667954745761e+00
3.445949055915943551e-03 1.875393340404296219e+08 2.552195459952886658e+00
3.537428751727258579e-03 2.028751788333525360e+08 2.546918528688012717e+00
3.631336961312264799e-03 2.194650972674984634e+08 2.541357411241002229e+00
3.727738154486874653e-03 2.374116399828115702e+08 2.500526402469668508e+00
3.826698512548827938e-03 2.568257435970686972e+08 2.529250362609377856e+00
3.928285973712419832e-03 2.778274164609734416e+08 2.522669334994370072e+00
4.032570279749425092e-03 3.005464804902064204e+08 2.515735820653619559e+00
4.139623023868173324e-03 3.251233736600586176e+08 2.508454509772118257e+00
4.249517699863701245e-03 3.517100181232796907e+08 2.500833173658254971e+00
4.362329752572646421e-03 3.804707593174012303e+08 2.492890835450495945e+00
4.478136629667613805e-03 4.115833818666476607e+08 2.484656954708771792e+00
4.597017834826525734e-03 4.452402085582286716e+08 2.476159415914751083e+00
4.719054982313414942e-03 4.816492891863257289e+08 2.467419322345592914e+00
4.844331853008224283e-03 5.210356866126406193e+08 2.458457831928562598e+00
4.972934451924029484e-03 5.636428679932830334e+08 2.449296134132349145e+00
5.104951067251123874e-03 6.097342097718534470e+08 2.439944208593231689e+00
5.240472330968596638e-03 6.595946257418729067e+08 2.430400015579031958e+00
5.379591281064972051e-03 7.135323282424203157e+08 2.420659785206413783e+00
5.522403425410563928e-03 7.718807333737920523e+08 2.410716556416481637e+00
5.669006807325518808e-03 8.350005220103245974e+08 2.400555397538900237e+00
5.819502072888446849e-03 9.032818693504983187e+08 2.390164798433147997e+00
5.973992540031945395e-03 9.771468567863296270e+08 2.379543258753063828e+00
6.132584269472328084e-03 1.057052081000981212e+09 2.368693708423437627e+00
6.295386137522424909e-03 1.143491476422810316e+09 2.357630997902365522e+00
6.462509910837246734e-03 1.236999368482776880e+09 2.346386396798146201e+00
6.634070323143998263e-03 1.338153776549011469e+09 2.334997594413286581e+00
6.810185154009003317e-03 1.447579986955594301e+09 2.323511128603275910e+00
6.990975309695702210e-03 1.565954418212274313e+09 2.311978678121746622e+00
7.176564906169114431e-03 1.694008802287873507e+09 2.300445651914634571e+00
7.367081354303887594e-03 1.832534707814072847e+09 2.288954639887090803e+00
7.562655447354371153e-03 1.982388433169749260e+09 2.277538473670509322e+00
7.763421450746685153e-03 2.144496299692422152e+09 2.266221888013047359e+00
7.969517194254576581e-03 2.319860377736919880e+09 2.255027905458035331e+00
8.181084166622271461e-03 2.509564680976874828e+09 2.243977989664139638e+00
8.398267612699203064e-03 2.714781867239068508e+09 2.233102820902379104e+00
8.621216633153454267e-03 2.936780487291984081e+09 2.222439642269571358e+00
8.850084286832302083e-03 3.176932826396935940e+09 2.212035925816169257e+00
9.085027695840049503e-03 3.436723387094257832e+09 2.201940553045371729e+00
9.326208153405434950e-03 3.717758065661067486e+09 2.192199371217741000e+00
9.573791234612574058e-03 4.021774078964824677e+09 2.182845048216552453e+00
9.827946910071508335e-03 4.350650703075631142e+09 2.173895468620373972e+00
1.008884966260628277e-02 4.706420890017874718e+09 2.165352145216362878e+00
1.035667860704085792e-02 5.091283834470490456e+09 2.157208174127402955e+00
1.063161761316491240e-02 5.507618568096688271e+09 2.149452612744425117e+00
1.091385543196400978e-02 5.957998665536624908e+09 2.142076370254214712e+00
1.120358582520086972e-02 6.445208152968268394e+09 2.135068792299569473e+00
1.150100769843657653e-02 6.972258717575126648e+09 2.128410735789241670e+00
1.180632523758310196e-02 7.542408324301268578e+09 2.122066779175269868e+00
1.211974804908095074e-02 8.159181354973308563e+09 2.115980979714997545e+00
1.244149130379804645e-02 8.826390394279193878e+09 2.110082303921955837e+00
1.277177588474871957e-02 9.548159797274036407e+09 2.104294666273826220e+00
1.311082853873419760e-02 1.032895118409557533e+10 2.098545178304718206e+00
1.345888203200875689e-02 1.117359101948508644e+10 2.092765431147471489e+00
1.381617531007820615e-02 1.208730044759620094e+10 2.086885267945473466e+00
1.418295366174068643e-02 1.307572756651621246e+10 2.080826738179515800e+00
1.455946888748221174e-02 1.414498234200455284e+10 2.074506992444215658e+00
1.494597947234260066e-02 1.530167437626789284e+10 2.067850265270747112e+00
1.534275076337046802e-02 1.655295376523967934e+10 2.060799324812031319e+00
1.575005515178919124e-02 1.790655529692377090e+10 2.053316429709109325e+00
1.616817225999877053e-02 1.937084626401396942e+10 2.045375039958214014e+00
1.659738913354203566e-02 2.095487818634362411e+10 2.036954605247643268e+00
1.703800043816703844e-02 2.266844276288779831e+10 2.028047036455518093e+00
1.749030866212082300e-02 2.452213239918541336e+10 2.018667137205378825e+00
1.795462432381347839e-02 2.652740568433174515e+10 2.008851564530695022e+00
1.843126618499510774e-02 2.869665822228786850e+10 1.998645205033007244e+00
1.892056146959198576e-02 3.104329925535078049e+10 1.988091811470062087e+00
1.942284608835210397e-02 3.358183455343217468e+10 1.977238557813342901e+00
1.993846486945451829e-02 3.632795608152725983e+10 1.966139959995323316e+00
2.046777179524059131e-02 3.929863899965215302e+10 1.954846096571552838e+00
2.101113024522973174e-02 4.251224659485588837e+10 1.915507523119150735e+00
2.156891324558652540e-02 4.598864379394478607e+10 1.906276388427730062e+00
2.214150372521055815e-02 4.974931995859891510e+10 1.900147266228544796e+00
2.272929477862442593e-02 5.381752172193704224e+10 1.890279520058727236e+00
2.333268993584084947e-02 5.821839668766249847e+10 1.880399817689809572e+00
2.395210343939396802e-02 6.297914888006569672e+10 1.870514570592528791e+00
2.458796052872476087e-02 6.812920690579620361e+10 1.860634264731984233e+00
2.524069773211630799e-02 7.370040586690031433e+10 1.850769818125808541e+00
2.591076316637896254e-02 7.972718414961795044e+10 1.840926903931799030e+00
2.659861684449125671e-02 8.624679630538969421e+10 1.835271794942294088e+00
2.730473099140773297e-02 9.329954333999909973e+10 1.821311309738769646e+00
2.802959036825066266e-02 1.009290218343842926e+11 1.811523024792496495e+00
2.877369260510795682e-02 1.091823934370581512e+11 1.801729999204162214e+00
2.953754854266587779e-02 1.181106763940060883e+11 1.791926183115628124e+00
3.032168258291121493e-02 1.277690609181566315e+11 1.782115403796996178e+00
3.112663304914341927e-02 1.382172503478788452e+11 1.772306758095220980e+00
3.195295255554399944e-02 1.495198302033807068e+11 1.762506269287566152e+00
3.280120838655702781e-02 1.617466674223339844e+11 1.752719706721036719e+00
3.367198288634084408e-02 1.749733422425965881e+11 1.742952404668294486e+00
3.456587385855879047e-02 1.892816154017245178e+11 1.733207183107663196e+00
3.548349497678299214e-02 2.047599335412608948e+11 1.723485158289280950e+00
3.642547620579323492e-02 2.215039759399663391e+11 1.713782782241096481e+00
3.739246423406008407e-02 2.396172459556221008e+11 1.704392357632538602e+00
3.838512291770915935e-02 2.592117108314057922e+11 1.694673365663148745e+00
3.940413373627116994e-02 2.804084938218018188e+11 1.684986160871481120e+00
4.045019626053105583e-02 3.033386229164337769e+11 1.669365217749044339e+00
4.152402863279686801e-02 3.281438407900480347e+11 1.661497829339243504e+00
4.262636805991844302e-02 3.549774809853619385e+11 1.652799395445355257e+00
4.375797131939437173e-02 3.840054157449076538e+11 1.643751206675815757e+00
4.491961527891436684e-02 4.154070813508871460e+11 1.634530584056759661e+00
4.611209742969417380e-02 4.493765873111929321e+11 1.625210004599136004e+00
4.733623643396882991e-02 4.861239162480234985e+11 1.615825446376246033e+00
4.859287268702012358e-02 5.258762219062072144e+11 1.606399781871286292e+00
4.988286889412450048e-02 5.688792333048907471e+11 1.596946701830465054e+00
5.120711066281695423e-02 6.153987737123449707e+11 1.587477553395916230e+00
5.256650711087779149e-02 6.657224038334417725e+11 1.578142612577220882e+00
5.396199149045987492e-02 7.201611993671831055e+11 1.568676943576352789e+00
5.539452182878431413e-02 7.790516739222407227e+11 1.559192538418258556e+00
5.686508158584473172e-02 8.427578591770224609e+11 1.549734866650986920e+00
5.837468032957194436e-02 9.116735551428009033e+11 1.540294931314937665e+00
5.992435442892175834e-02 9.862247644398748779e+11 1.530865952287853382e+00
6.151516776536267855e-02 1.066872325634296265e+12 1.521442737239785625e+00
6.314821246325116877e-02 1.154114761913104248e+12 1.512031244047061573e+00
6.482460963959621458e-02 1.248491362707177979e+12 1.502632315939024910e+00
6.654551017372821453e-02 1.350585517310788574e+12 1.493256330276219179e+00
6.831209549739990228e-02 1.461028321104592285e+12 1.483905274928552620e+00
7.012557840586224056e-02 1.580502476673972412e+12 1.474571770410742833e+00
7.198720389047220947e-02 1.709746513937520264e+12 1.465250294376443607e+00
7.389824999340334488e-02 1.849559355372340088e+12 1.455941070678830718e+00
7.586002868504683472e-02 2.000805254556205811e+12 1.446644389473206838e+00
7.787388676470470561e-02 2.164419138554129639e+12 1.437321946891775726e+00
7.994120678519359147e-02 2.341412387173330566e+12 1.428059434663181859e+00
8.206340800199450614e-02 2.532879084811147949e+12 1.418813624381305205e+00
8.424194734759921088e-02 2.740002783541625488e+12 1.409593232740354196e+00
8.647832043172266892e-02 2.964063819246869141e+12 1.400424180398671448e+00
8.877406256806846807e-02 3.206447226017888184e+12 1.391265089282199385e+00
9.113074982835152327e-02 3.468651297747755859e+12 1.382105501088278565e+00
9.355000012430186862e-02 3.752296849840637207e+12 1.372963329008807243e+00
9.603347431839290294e-02 4.059137238288023438e+12 1.363843604525387221e+00
9.858287736405546564e-02 4.391069198044998047e+12 1.354748262296911143e+00
1.011999594761619353e-01 4.750144567704165039e+12 1.345665726864243350e+00
1.038865173325826952e-01 5.138582972943208984e+12 1.336604999713680630e+00
1.066443953076403744e-01 5.558785547148913086e+12 1.327559161751600714e+00
1.094754867383090219e-01 6.013349774031786133e+12 1.318540226412495020e+00
1.123817352240267520e-01 6.505085543980872070e+12 1.309533575828286889e+00
1.153651359610144006e-01 7.037032523411165039e+12 1.300547567099443746e+00
1.184277371120170258e-01 7.612478944472461914e+12 1.291586507802648276e+00
1.215716412124071000e-01 8.234981931268036133e+12 1.282642035349424559e+00
1.247990066136164394e-01 8.908389488230048828e+12 1.273717548705754155e+00
1.281120489648862881e-01 9.636864286572617188e+12 1.264812654327460262e+00
1.315130427343536024e-01 1.042490939585874023e+13 1.255928271348802028e+00
1.350043227705179927e-01 1.127739611974090820e+13 1.247066095973613953e+00
1.385882859051607019e-01 1.219959410794200781e+13 1.238223621858757229e+00
1.422673925988159616e-01 1.319720393061375781e+13 1.229401423084198752e+00
1.460441686299256414e-01 1.427639231643158398e+13 1.220601495945546011e+00
1.499212068288350574e-01 1.544383027224981250e+13 1.211822079004825303e+00
1.539011688578214021e-01 1.670673431995430273e+13 1.203064061185491473e+00
1.579867870383772077e-01 1.807291110541832422e+13 1.194326769335704475e+00
1.621808662270017576e-01 1.955080565531169141e+13 1.185611431495660284e+00
1.664862857407902186e-01 2.114955358006340234e+13 1.176917176055213732e+00
1.709060013341407169e-01 2.287903754566997656e+13 1.168244525724585703e+00
1.754430472279371322e-01 2.474994836343049609e+13 1.159593357386087931e+00
1.801005381926013005e-01 2.677385107523490625e+13 1.150964682308329934e+00
1.848816716864433718e-01 2.896325644291161328e+13 1.142358137152161390e+00
1.897897300507790652e-01 3.133169828354625000e+13 1.133774233813322541e+00
1.948280827633213086e-01 3.389381712882037500e+13 1.125212440295195737e+00
2.000001887513922771e-01 3.666545072551025781e+13 1.116673250511926785e+00
2.053095987665439492e-01 3.966373193657478906e+13 1.108156038205737159e+00
2.107599578222190684e-01 4.290719464800939844e+13 1.099661705458773175e+00
2.163550076961229529e-01 4.641588833612782812e+13 1.091189709274442254e+00
2.220985894990277210e-01 5.021150200347202344e+13 1.082740929991546919e+00
2.279946463117691613e-01 5.431749824945837500e+13 1.074312928553481594e+00
2.340472258922484117e-01 5.875925830451946875e+13 1.065910723967063545e+00
2.402604834542971801e-01 6.356423892427091406e+13 1.057534839539233440e+00
2.466386845203127898e-01 6.876214211354392969e+13 1.049179457586149722e+00
2.531862078496219803e-01 7.438509872943370312e+13 1.040847912230265626e+00
2.599075484445854123e-01 8.046786709830781250e+13 1.032539764422382600e+00
2.668073206365033645e-01 8.704804787452371875e+13 1.024255325879499745e+00
2.738902612534450665e-01 9.416631646900857812e+13 1.015994740413998398e+00
2.811612328721727061e-01 1.018666744844562656e+14 1.007758349499515926e+00
2.886252271563958249e-01 1.101967217113918125e+14 9.995462498513080218e-01
2.962873682836449363e-01 1.192079503664456250e+14 9.913589935010598264e-01
3.041529164631195381e-01 1.289560633916741719e+14 9.831941317105007405e-01
3.122272715469252558e-01 1.395013187824963125e+14 9.750563182907007187e-01
3.205159767371758006e-01 1.509089020727047188e+14 9.669431735975498876e-01
3.290247223915100938e-01 1.632493292790761875e+14 9.588571119453666025e-01
3.377593499296346335e-01 1.765988827963823750e+14 9.507935337845205837e-01
3.467258558435700744e-01 1.910400829372822188e+14 9.427553262305881088e-01
3.559303958143606450e-01 2.066621980319297812e+14 9.347420577043825674e-01
3.653792889380704789e-01 2.235617962404780000e+14 9.267550164035744942e-01
3.750790220639639849e-01 2.418433424895007188e+14 9.187936023662728324e-01
3.850362542478554806e-01 2.616198442223111250e+14 9.108587996966455158e-01
3.952578213236804805e-01 2.830135499548746250e+14 9.029486729129189149e-01
4.057507405964299596e-01 3.061567049554485625e+14 8.950650522260201747e-01
4.165222156596650738e-01 3.311923687191755000e+14 8.872076405389818232e-01
4.275796413409253538e-01 3.582752992908634375e+14 8.793733215373068512e-01
4.389306087784233812e-01 3.875729099023962500e+14 8.715649346128722108e-01
4.505829106325065503e-01 4.192663038382160625e+14 8.637931074235005724e-01
4.625445464354713820e-01 4.535513939259251875e+14 8.560455433008544723e-01
4.748237280833998430e-01 4.906401135721318125e+14 8.483114426062752234e-01
4.874288854737833798e-01 5.307617268295522500e+14 8.406138649059240464e-01
5.003686722928127883e-01 5.741642455935713750e+14 8.329508031496107856e-01
5.136519719563046316e-01 6.211159626886661250e+14 8.253084837847269872e-01
5.272879037083354481e-01 6.719071103214437500e+14 8.176933972519841998e-01
5.412858288817826713e-01 7.268516541520685000e+14 8.101088762636835527e-01
5.556553573250634370e-01 7.862892340741146250e+14 8.025462180455097405e-01
5.704063539994798093e-01 8.505872636997680000e+14 7.950147721003676393e-01
5.855489457517081275e-01 9.201432015283838750e+14 7.875150714090318749e-01
6.010935282660786472e-01 9.953870078376270000e+14 7.800372405904369977e-01
6.170507732014117730e-01 1.076783802484444125e+15 7.725934995450917109e-01
6.334316355173225110e-01 1.164836740045131250e+15 7.651761080848649144e-01
6.502473609950121247e-01 1.260090120067130250e+15 7.577855478677987255e-01
6.675094939577186359e-01 1.363132751658640500e+15 7.504259878513677151e-01
6.852298851961160508e-01 1.474601593214194250e+15 7.430953194697225150e-01
7.034207001041149487e-01 1.595185689775258750e+15 7.357938430653426787e-01
7.220944270306445256e-01 1.725630432364625000e+15 7.285225274853064370e-01
7.412638858531432895e-01 1.866742165623650250e+15 7.212817112339997561e-01
7.609422367786567998e-01 2.019393172234542000e+15 7.140696019262743333e-01
7.811429893785789558e-01 2.184527064938890250e+15 7.068889218864434776e-01
8.018800118632307683e-01 2.363164619483154500e+15 6.997380025857560248e-01
8.231675406026597308e-01 2.556410084547597500e+15 6.926170148558327133e-01
8.450201899001880124e-01 2.765458007663466500e+15 6.855263626379003439e-01
8.674529620254106677e-01 2.991600619312763500e+15 6.784666213594693351e-01
8.904812575135495623e-01 3.236235820855604500e+15 6.714384158317783236e-01
9.141208857382228103e-01 3.500875825662488000e+15 6.644413027278310846e-01
9.383880757648830340e-01 3.787156506866579500e+15 6.574763131934975302e-01
9.632994874923891393e-01 4.096847509519338500e+15 6.505429991837078374e-01
9.888722230903552735e-01 4.431863189657761500e+15 6.436416440973283803e-01
1.015123838740116913e+00 4.794274447902965000e+15 6.367720317683924769e-01
1.042072356687394841e+00 5.186321530739798000e+15 6.299349581372172269e-01
1.069736277614921294e+00 5.610427878608525000e+15 6.231298519587056273e-01
1.098134593343512488e+00 6.069215106410453000e+15 6.163574787887113882e-01
1.127286799870327982e+00 6.565519209029844000e+15 6.096183249899966849e-01
1.157212910753250945e+00 7.102408092046383000e+15 6.029130867765369883e-01
1.187933470850589757e+00 7.683200536004521000e+15 5.962406163986169183e-01
1.219469570425516736e+00 8.311486711467133000e+15 5.896024847862956220e-01
1.251842859624948900e+00 8.991150371667707000e+15 5.829983730545458265e-01
1.285075563342798155e+00 9.726392859944866000e+15 5.764282126161659470e-01
1.319190496477787855e+00 1.052175908036106800e+16 5.698921515492609835e-01
1.354211079596328471e+00 1.138216559204331800e+16 5.633908146705514097e-01
1.390161355011197086e+00 1.231293100091105600e+16 5.569240192200368700e-01
1.427066003287045248e+00 1.331980883665740600e+16 5.504927074788567021e-01
1.464950360184092526e+00 1.440902311821359800e+16 5.440970833136504758e-01
1.503840434051622710e+00 1.558730682754427000e+16 5.377372851825904521e-01
1.543762923683214661e+00 1.686194352959928200e+16 5.314136062217412748e-01
1.584745236645988209e+00 1.824081239569650400e+16 5.251261185613902427e-01
1.626815508096438156e+00 1.973243690864758800e+16 5.188748800714246823e-01
1.670002620095757839e+00 2.134603755069702800e+16 5.126601384019912055e-01
1.714336221437941843e+00 2.309158879996620400e+16 5.064820713360125293e-01
1.759846748004265882e+00 2.497988078772560400e+16 5.003413237338253383e-01
1.806565443658102454e+00 2.702258599762942400e+16 4.942380900178018344e-01
1.854524381694447888e+00 2.923233141921504000e+16 4.881728200386317162e-01
1.903756486858861674e+00 3.162277660168378800e+16 4.821457414358802374e-01
