# Matter power spectrum P(k) at redshift z=0.425314
# for k=1.03839e-05 to 103946 h/Mpc,
# number of wavenumbers equal to 162
#    1:k (h/Mpc)              2:P (Mpc/h)^3        
       1.038387980426e-05       3.484160979529e+01 
       1.307253015860e-05       4.346080006582e+01 
       1.645734041311e-05       5.421213252089e+01 
       2.071856405662e-05       6.762306516995e+01 
       2.608312678676e-05       8.435138329434e+01 
       3.283671113090e-05       1.052174975059e+02 
       4.133897008243e-05       1.312445548423e+02 
       5.204267993417e-05       1.637083028970e+02 
       6.551785226700e-05       2.041991543684e+02 
       8.248208914511e-05       2.546990905359e+02 
       1.038387980426e-04       3.176767275241e+02 
       1.307253015860e-04       3.962041387684e+02 
       1.645734041311e-04       4.940992521310e+02 
       2.071856405662e-04       6.160970226771e+02 
       2.608312678676e-04       7.680508935912e+02 
       3.283671113090e-04       9.571621175866e+02 
       4.133897008243e-04       1.192227563115e+03 
       5.204267993417e-04       1.483886679170e+03 
       6.551785226700e-04       1.844837477518e+03 
       8.248208914511e-04       2.289980525677e+03 
       1.038387980426e-03       2.836419013548e+03 
       1.307253015860e-03       3.503136713726e+03 
       1.645734041311e-03       4.309930635519e+03 
       2.071856405662e-03       5.275809202695e+03 
       2.608312678676e-03       6.415771329844e+03 
       3.283671113090e-03       7.736307212616e+03 
       4.133897008243e-03       9.229323604323e+03 
       5.204267993417e-03       1.086391983177e+04 
       6.551785226700e-03       1.257598810041e+04 
       8.248208914511e-03       1.426007770850e+04 
       1.038387980426e-02       1.575415940762e+04 
       1.307253015860e-02       1.683860416710e+04 
       1.645734041309e-02       1.724520739481e+04 
       2.071856389740e-02       1.671185333603e+04 
       2.608300445243e-02       1.511905321690e+04 
       3.281964991556e-02       1.271104704958e+04 
       4.076731882098e-02       1.030904600705e+04 
       4.748610964640e-02       8.933273718114e+03 
       5.235556489500e-02       8.258229723832e+03 
       5.636819838611e-02       7.837679596763e+03 
       5.994952259956e-02       7.520402357386e+03 
       6.328896038018e-02       7.242970575704e+03 
       6.648665992189e-02       6.974035475861e+03 
       6.960262323712e-02       6.696830265446e+03 
       7.267623995969e-02       6.403093008262e+03 
       7.573525737584e-02       6.090967847469e+03 
       7.880036892493e-02       5.763121431377e+03 
       8.188776255393e-02       5.425322823864e+03 
       8.501063007773e-02       5.085964944287e+03 
       8.818010842318e-02       4.754365146592e+03 
       9.140589175815e-02       4.439995310471e+03 
       9.469664359045e-02       4.151100625768e+03 
       9.806028224808e-02       3.894144180574e+03 
       1.015041833512e-01       3.673174928620e+03 
       1.050353261720e-01       3.488734245497e+03 
       1.086604010236e-01       3.338498396205e+03 
       1.123858889329e-01       3.217102707818e+03 
       1.162181211904e-01       3.116303777967e+03 
       1.201633240441e-01       3.025966699519e+03 
       1.242276522951e-01       2.935248351162e+03 
       1.284172145558e-01       2.834084238268e+03 
       1.327380922745e-01       2.715310568605e+03 
       1.371963541906e-01       2.576404389269e+03 
       1.417980675894e-01       2.420304376577e+03 
       1.465493075383e-01       2.254562699639e+03 
       1.514561651563e-01       2.090281542109e+03 
       1.565247558934e-01       1.938700889591e+03 
       1.617612287437e-01       1.808644373070e+03 
       1.671717772872e-01       1.704300875009e+03 
       1.727626534338e-01       1.624260558138e+03 
       1.785401847321e-01       1.561533749028e+03 
       1.845107960933e-01       1.506214333859e+03 
       1.906810367808e-01       1.447121533723e+03 
       1.970576135147e-01       1.375829506945e+03 
       2.036474305566e-01       1.290929935599e+03 
       2.104576376707e-01       1.198604256966e+03 
       2.174956869163e-01       1.108640178715e+03 
       2.247693993211e-01       1.029839451799e+03 
       2.322870426350e-01       9.666519909566e+02 
       2.400574215756e-01       9.177597477952e+02 
       2.480899822819e-01       8.762893338113e+02 
       2.563949331083e-01       8.337195174461e+02 
       2.649833844501e-01       7.849569928698e+02 
       2.738675110412e-01       7.308665157176e+02 
       2.830607411522e-01       6.772561582639e+02 
       2.925779784269e-01       6.306384144075e+02 
       3.024358638260e-01       5.928046489171e+02 
       3.126530874568e-01       5.604696352131e+02 
       3.232507631655e-01       5.284520378597e+02 
       3.342528829678e-01       4.938182913195e+02 
       3.456868741616e-01       4.585264622880e+02 
       3.575842899774e-01       4.262368818885e+02 
       3.699816759319e-01       3.986060490292e+02 
       3.829216702507e-01       3.735064069016e+02 
       3.964544203492e-01       3.483240018003e+02 
       4.106394324383e-01       3.229311485482e+02 
       4.255480244689e-01       2.992385728300e+02 
       4.412666349754e-01       2.778549577143e+02 
       4.579013710836e-01       2.576256883029e+02 
       4.755843921419e-01       2.375760635044e+02 
       4.944830838092e-01       2.184557395033e+02 
       5.148136006390e-01       2.007048014685e+02 
       5.368614811649e-01       1.834450432196e+02 
       5.610141638893e-01       1.667304073061e+02 
       5.878144430577e-01       1.507412584597e+02 
       6.180527285099e-01       1.350655910680e+02 
       6.529356760506e-01       1.197248243748e+02 
       6.944158716649e-01       1.044540399372e+02 
       7.458878060771e-01       8.905694733508e+01 
       8.137756820931e-01       7.320505122343e+01 
       9.112857638517e-01       5.659386702013e+01 
       1.065396821454e+00       3.948381994053e+01 
       1.310859802664e+00       2.429702966636e+01 
       1.647471546876e+00       1.409214167925e+01 
       2.073990047125e+00       8.067328844345e+00 
       2.610998571871e+00       4.580261981105e+00 
       3.287052452179e+00       2.581256760766e+00 
       4.138153861949e+00       1.444774213017e+00 
       5.209627054722e+00       8.037441382298e-01 
       6.558531885160e+00       4.446208682424e-01 
       8.256702454290e+00       2.446900910831e-01 
       1.039457253733e+01       1.340223822495e-01 
       1.308599151198e+01       7.308277545635e-02 
       1.647428725296e+01       3.968833075642e-02 
       2.073989886394e+01       2.147030293885e-02 
       2.610998571786e+01       1.157158790280e-02 
       3.287052452179e+01       6.214253462234e-03 
       4.138153861949e+01       3.325002546232e-03 
       5.209627054722e+01       1.772205082395e-03 
       6.558531885160e+01       9.405366009960e-04 
       8.256702454290e+01       4.965987998540e-04 
       1.039457253733e+02       2.605082079915e-04 
       1.308599151198e+02       1.354845891573e-04 
       1.647428725296e+02       6.963338207345e-05 
       2.073989886394e+02       3.520629509356e-05 
       2.610998571786e+02       1.741006644332e-05 
       3.287052452179e+02       8.371015683845e-06 
       4.138153861949e+02       3.901471605218e-06 
       5.209627054722e+02       1.772354316251e-06 
       6.558531885160e+02       8.008369989424e-07 
       8.256702454290e+02       3.716556766215e-07 
       1.039457253733e+03       1.802170469118e-07 
       1.308599151198e+03       8.813222399406e-08 
       1.647428725296e+03       4.205869571535e-08 
       2.073989886394e+03       2.107013882150e-08 
       2.610998571786e+03       1.066757495691e-08 
       3.287052452180e+03       5.418527824381e-09 
       4.138153861949e+03       2.732097560421e-09 
       5.209627054722e+03       1.401029099368e-09 
       6.558531885160e+03       7.268131962342e-10 
       8.256702454290e+03       3.747798705998e-10 
       1.039457253733e+04       1.948944958517e-10 
       1.308599151198e+04       9.807225821134e-11 
       1.647428725296e+04       5.073641490956e-11 
       2.073989886394e+04       2.755902200750e-11 
       2.610998571786e+04       1.167845193232e-11 
       3.287052452180e+04       1.182838530559e-11 
       4.138153861949e+04       1.380285891529e-10 
       5.209627054722e+04       1.383773892996e-07 
       6.558531885160e+04       3.492159605004e-05 
       8.256702454290e+04       2.863143505064e+00 
       1.039457253733e+05       5.262630831278e+06 
