# Matter power spectrum P(k) at redshift z=0.105828
# for k=1.03839e-05 to 103946 h/Mpc,
# number of wavenumbers equal to 162
#    1:k (h/Mpc)              2:P (Mpc/h)^3        
       1.038387980426e-05       4.863846561105e+01 
       1.307253015860e-05       6.067074733376e+01 
       1.645734041311e-05       7.567946306204e+01 
       2.071856405662e-05       9.440094343604e+01 
       2.608312678676e-05       1.177534450262e+02 
       3.283671113090e-05       1.468822215164e+02 
       4.133897008243e-05       1.832155440343e+02 
       5.204267993417e-05       2.285342806186e+02 
       6.551785226700e-05       2.850584997870e+02 
       8.248208914511e-05       3.555547797554e+02 
       1.038387980426e-04       4.434687933788e+02 
       1.307253015860e-04       5.530881899612e+02 
       1.645734041311e-04       6.897409778227e+02 
       2.071856405662e-04       8.600337893546e+02 
       2.608312678676e-04       1.072132008687e+03 
       3.283671113090e-04       1.336078401561e+03 
       4.133897008243e-04       1.664137829438e+03 
       5.204267993417e-04       2.071143271290e+03 
       6.551785226700e-04       2.574805022993e+03 
       8.248208914511e-04       3.195926102467e+03 
       1.038387980426e-03       3.958404586490e+03 
       1.307253015860e-03       4.888747225495e+03 
       1.645734041311e-03       6.014565931320e+03 
       2.071856405662e-03       7.362393056844e+03 
       2.608312678676e-03       8.953154555877e+03 
       3.283671113090e-03       1.079590816661e+04 
       4.133897008243e-03       1.287935924681e+04 
       5.204267993417e-03       1.516027955495e+04 
       6.551785226700e-03       1.754945951164e+04 
       8.248208914511e-03       1.989901879579e+04 
       1.038387980426e-02       2.198441779266e+04 
       1.307253015860e-02       2.349739683015e+04 
       1.645734041309e-02       2.406483417009e+04 
       2.071856389740e-02       2.332100651674e+04 
       2.608300445243e-02       2.109822961915e+04 
       3.281964991556e-02       1.773801362091e+04 
       4.076731882098e-02       1.438601732043e+04 
       4.748610964640e-02       1.246607291648e+04 
       5.235556489500e-02       1.152408444250e+04 
       5.636819838611e-02       1.093726645499e+04 
       5.994952259956e-02       1.049446799956e+04 
       6.328896038018e-02       1.010742205355e+04 
       6.648665992189e-02       9.731880112781e+03 
       6.960262323712e-02       9.345189094600e+03 
       7.267623995969e-02       8.935318640793e+03 
       7.573525737584e-02       8.499873120010e+03 
       7.880036892493e-02       8.042235407002e+03 
       8.188776255393e-02       7.570861401067e+03 
       8.501063007773e-02       7.097334011511e+03 
       8.818010842318e-02       6.634600398567e+03 
       9.140589175815e-02       6.195884309986e+03 
       9.469664359045e-02       5.792765939208e+03 
       9.806028224808e-02       5.434182267439e+03 
       1.015041833512e-01       5.125812447891e+03 
       1.050353261720e-01       4.868433305999e+03 
       1.086604010236e-01       4.658807120471e+03 
       1.123858889329e-01       4.489385448473e+03 
       1.162181211904e-01       4.348706808686e+03 
       1.201633240441e-01       4.222687349053e+03 
       1.242276522951e-01       4.096082499993e+03 
       1.284172145558e-01       3.954905329401e+03 
       1.327380922745e-01       3.789177414848e+03 
       1.371963541906e-01       3.595325468380e+03 
       1.417980675894e-01       3.377436380670e+03 
       1.465493075383e-01       3.146178628135e+03 
       1.514561651563e-01       2.916946615820e+03 
       1.565247558934e-01       2.705411957684e+03 
       1.617612287437e-01       2.523919833736e+03 
       1.671717772872e-01       2.378310083223e+03 
       1.727626534338e-01       2.266613907027e+03 
       1.785401847321e-01       2.179089719129e+03 
       1.845107960933e-01       2.101875959269e+03 
       1.906810367808e-01       2.019412798353e+03 
       1.970576135147e-01       1.919944038988e+03 
       2.036474305566e-01       1.801450573739e+03 
       2.104576376707e-01       1.672619830462e+03 
       2.174956869163e-01       1.547077593463e+03 
       2.247693993211e-01       1.437120514131e+03 
       2.322870426350e-01       1.348936521792e+03 
       2.400574215756e-01       1.280702984850e+03 
       2.480899822819e-01       1.222837254556e+03 
       2.563949331083e-01       1.163435430345e+03 
       2.649833844501e-01       1.095383438671e+03 
       2.738675110412e-01       1.019901347552e+03 
       2.830607411522e-01       9.450912144792e+02 
       2.925779784269e-01       8.800343554522e+02 
       3.024358638260e-01       8.272409220629e+02 
       3.126530874568e-01       7.821177697179e+02 
       3.232507631655e-01       7.374384381895e+02 
       3.342528829678e-01       6.891102030775e+02 
       3.456868741616e-01       6.398636030574e+02 
       3.575842899774e-01       5.948018448568e+02 
       3.699816759319e-01       5.562460734251e+02 
       3.829216702507e-01       5.212183450211e+02 
       3.964544203492e-01       4.860777548708e+02 
       4.106394324383e-01       4.506431436520e+02 
       4.255480244689e-01       4.175793924293e+02 
       4.412666349754e-01       3.877384768755e+02 
       4.579013710836e-01       3.595109347930e+02 
       4.755843921419e-01       3.315308905769e+02 
       4.944830838092e-01       3.048482072089e+02 
       5.148136006390e-01       2.800790083888e+02 
       5.368614811649e-01       2.559934060915e+02 
       5.610141638893e-01       2.326683445237e+02 
       5.878144430577e-01       2.103546063689e+02 
       6.180527285099e-01       1.884797785848e+02 
       6.529356760506e-01       1.670721680626e+02 
       6.944158716649e-01       1.457623349972e+02 
       7.458878060771e-01       1.242764686939e+02 
       8.137756820931e-01       1.021555548372e+02 
       9.112857638517e-01       7.897507689878e+01 
       1.065396821454e+00       5.509856463400e+01 
       1.310859802664e+00       3.390595286244e+01 
       1.647471546876e+00       1.966517033860e+01 
       2.073990047125e+00       1.125769862586e+01 
       2.610998571871e+00       6.391598982465e+00 
       3.287052452179e+00       3.602059920328e+00 
       4.138153861949e+00       2.016134116214e+00 
       5.209627054722e+00       1.121597595652e+00 
       6.558531885160e+00       6.204514400057e-01 
       8.256702454290e+00       3.414569556353e-01 
       1.039457253733e+01       1.870231398117e-01 
       1.308599151198e+01       1.019835622095e-01 
       1.647428725296e+01       5.538239390680e-02 
       2.073989886394e+01       2.995970785794e-02 
       2.610998571786e+01       1.614648142613e-02 
       3.287052452179e+01       8.670669428425e-03 
       4.138153861949e+01       4.638960813641e-03 
       5.209627054722e+01       2.472227589168e-03 
       6.558531885160e+01       1.311787820193e-03 
       8.256702454290e+01       6.924071679486e-04 
       1.039457253733e+02       3.630521715201e-04 
       1.308599151198e+02       1.886768943599e-04 
       1.647428725296e+02       9.686474691430e-05 
       2.073989886394e+02       4.889533407409e-05 
       2.610998571786e+02       2.412547751350e-05 
       3.287052452179e+02       1.156727381068e-05 
       4.138153861949e+02       5.375173209427e-06 
       5.209627054722e+02       2.436775550104e-06 
       6.558531885160e+02       1.101177402468e-06 
       8.256702454290e+02       5.117865159564e-07 
       1.039457253733e+03       2.472532096690e-07 
       1.308599151198e+03       1.193909239232e-07 
       1.647428725296e+03       5.695444252197e-08 
       2.073989886394e+03       2.883389166079e-08 
       2.610998571786e+03       1.431408673556e-08 
       3.287052452180e+03       7.372358864959e-09 
       4.138153861949e+03       3.737601408637e-09 
       5.209627054722e+03       1.917711890575e-09 
       6.558531885160e+03       9.896678100890e-10 
       8.256702454290e+03       5.051439923851e-10 
       1.039457253733e+04       2.610465271891e-10 
       1.308599151198e+04       1.342665994657e-10 
       1.647428725296e+04       6.722750972841e-11 
       2.073989886394e+04       3.312310754264e-11 
       2.610998571786e+04       1.595175908290e-11 
       3.287052452180e+04       6.376002039580e-11 
       4.138153861949e+04       1.181197595961e-09 
       5.209627054722e+04       9.763724994877e-09 
       6.558531885160e+04       1.084029821643e-03 
       8.256702454290e+04       2.414263308261e+00 
       1.039457253733e+05       2.110067847245e+06 
