# logMs_low logMs_up counts dN_dVdlogM
6.000000000000000000e+00 6.099999999999999645e+00 0.000000000000000000e+00 0.000000000000000000e+00
6.099999999999999645e+00 6.199999999999999289e+00 0.000000000000000000e+00 0.000000000000000000e+00
6.199999999999999289e+00 6.299999999999998934e+00 0.000000000000000000e+00 0.000000000000000000e+00
6.299999999999998934e+00 6.399999999999998579e+00 0.000000000000000000e+00 0.000000000000000000e+00
6.399999999999998579e+00 6.499999999999998224e+00 0.000000000000000000e+00 0.000000000000000000e+00
6.499999999999998224e+00 6.599999999999997868e+00 0.000000000000000000e+00 0.000000000000000000e+00
6.599999999999997868e+00 6.699999999999997513e+00 0.000000000000000000e+00 0.000000000000000000e+00
6.699999999999997513e+00 6.799999999999997158e+00 0.000000000000000000e+00 0.000000000000000000e+00
6.799999999999997158e+00 6.899999999999996803e+00 0.000000000000000000e+00 0.000000000000000000e+00
6.899999999999996803e+00 6.999999999999996447e+00 0.000000000000000000e+00 0.000000000000000000e+00
6.999999999999996447e+00 7.099999999999996092e+00 0.000000000000000000e+00 0.000000000000000000e+00
7.099999999999996092e+00 7.199999999999995737e+00 0.000000000000000000e+00 0.000000000000000000e+00
7.199999999999995737e+00 7.299999999999995381e+00 0.000000000000000000e+00 0.000000000000000000e+00
7.299999999999995381e+00 7.399999999999995026e+00 0.000000000000000000e+00 0.000000000000000000e+00
7.399999999999995026e+00 7.499999999999994671e+00 0.000000000000000000e+00 0.000000000000000000e+00
7.499999999999994671e+00 7.599999999999994316e+00 0.000000000000000000e+00 0.000000000000000000e+00
7.599999999999994316e+00 7.699999999999993960e+00 0.000000000000000000e+00 0.000000000000000000e+00
7.699999999999993960e+00 7.799999999999993605e+00 0.000000000000000000e+00 0.000000000000000000e+00
7.799999999999993605e+00 7.899999999999993250e+00 0.000000000000000000e+00 0.000000000000000000e+00
7.899999999999993250e+00 7.999999999999992895e+00 0.000000000000000000e+00 0.000000000000000000e+00
7.999999999999992895e+00 8.099999999999992539e+00 0.000000000000000000e+00 0.000000000000000000e+00
8.099999999999992539e+00 8.199999999999992184e+00 0.000000000000000000e+00 0.000000000000000000e+00
8.199999999999992184e+00 8.299999999999991829e+00 0.000000000000000000e+00 0.000000000000000000e+00
8.299999999999991829e+00 8.399999999999991473e+00 0.000000000000000000e+00 0.000000000000000000e+00
8.399999999999991473e+00 8.499999999999991118e+00 0.000000000000000000e+00 0.000000000000000000e+00
8.499999999999991118e+00 8.599999999999990763e+00 0.000000000000000000e+00 0.000000000000000000e+00
8.599999999999990763e+00 8.699999999999990408e+00 0.000000000000000000e+00 0.000000000000000000e+00
8.699999999999990408e+00 8.799999999999990052e+00 0.000000000000000000e+00 0.000000000000000000e+00
8.799999999999990052e+00 8.899999999999989697e+00 1.781260000000000000e+05 1.781260000000006293e-03
8.899999999999989697e+00 8.999999999999989342e+00 4.326700000000000000e+05 4.326700000000015776e-03
8.999999999999989342e+00 9.099999999999988987e+00 9.473890000000000000e+05 9.473890000000033396e-03
9.099999999999988987e+00 9.199999999999988631e+00 1.639895000000000000e+06 1.639895000000005792e-02
9.199999999999988631e+00 9.299999999999988276e+00 2.149441000000000000e+06 2.149441000000007485e-02
9.299999999999988276e+00 9.399999999999987921e+00 1.963155000000000000e+06 1.963155000000007047e-02
9.399999999999987921e+00 9.499999999999987566e+00 1.826142000000000000e+06 1.826142000000006288e-02
9.499999999999987566e+00 9.599999999999987210e+00 1.684126000000000000e+06 1.684126000000005924e-02
9.599999999999987210e+00 9.699999999999986855e+00 1.545573000000000000e+06 1.545573000000005463e-02
9.699999999999986855e+00 9.799999999999986500e+00 1.427447000000000000e+06 1.427447000000004948e-02
9.799999999999986500e+00 9.899999999999986144e+00 1.329773000000000000e+06 1.329773000000004576e-02
9.899999999999986144e+00 9.999999999999985789e+00 1.233048000000000000e+06 1.233048000000004467e-02
9.999999999999985789e+00 1.009999999999998543e+01 1.154710000000000000e+06 1.154710000000004101e-02
1.009999999999998543e+01 1.019999999999998508e+01 1.090476000000000000e+06 1.090476000000003935e-02
1.019999999999998508e+01 1.029999999999998472e+01 1.032537000000000000e+06 1.032537000000003681e-02
1.029999999999998472e+01 1.039999999999998437e+01 9.899900000000000000e+05 9.899900000000036102e-03
1.039999999999998437e+01 1.049999999999998401e+01 9.530580000000000000e+05 9.530580000000033261e-03
1.049999999999998401e+01 1.059999999999998366e+01 9.156430000000000000e+05 9.156430000000031350e-03
1.059999999999998366e+01 1.069999999999998330e+01 8.579250000000000000e+05 8.579250000000029561e-03
1.069999999999998330e+01 1.079999999999998295e+01 7.587000000000000000e+05 7.587000000000026882e-03
1.079999999999998295e+01 1.089999999999998259e+01 6.125400000000000000e+05 6.125400000000021279e-03
1.089999999999998259e+01 1.099999999999998224e+01 4.232680000000000000e+05 4.232680000000014695e-03
1.099999999999998224e+01 1.109999999999998188e+01 2.390810000000000000e+05 2.390810000000008397e-03
1.109999999999998188e+01 1.119999999999998153e+01 1.130070000000000000e+05 1.130070000000004066e-03
1.119999999999998153e+01 1.129999999999998117e+01 4.722200000000000000e+04 4.722200000000017096e-04
1.129999999999998117e+01 1.139999999999998082e+01 1.737500000000000000e+04 1.737500000000006184e-04
1.139999999999998082e+01 1.149999999999998046e+01 5.195000000000000000e+03 5.195000000000017854e-05
1.149999999999998046e+01 1.159999999999998010e+01 1.144000000000000000e+03 1.144000000000003955e-05
1.159999999999998010e+01 1.169999999999997975e+01 1.630000000000000000e+02 1.630000000000005781e-06
1.169999999999997975e+01 1.179999999999997939e+01 1.000000000000000000e+01 1.000000000000003528e-07
1.179999999999997939e+01 1.189999999999997904e+01 0.000000000000000000e+00 0.000000000000000000e+00
1.189999999999997904e+01 1.199999999999997868e+01 0.000000000000000000e+00 0.000000000000000000e+00
1.199999999999997868e+01 1.209999999999997833e+01 0.000000000000000000e+00 0.000000000000000000e+00
1.209999999999997833e+01 1.219999999999997797e+01 0.000000000000000000e+00 0.000000000000000000e+00
1.219999999999997797e+01 1.229999999999997762e+01 0.000000000000000000e+00 0.000000000000000000e+00
1.229999999999997762e+01 1.239999999999997726e+01 0.000000000000000000e+00 0.000000000000000000e+00
1.239999999999997726e+01 1.249999999999997691e+01 0.000000000000000000e+00 0.000000000000000000e+00
1.249999999999997691e+01 1.259999999999997655e+01 0.000000000000000000e+00 0.000000000000000000e+00
1.259999999999997655e+01 1.269999999999997620e+01 0.000000000000000000e+00 0.000000000000000000e+00
1.269999999999997620e+01 1.279999999999997584e+01 0.000000000000000000e+00 0.000000000000000000e+00
1.279999999999997584e+01 1.289999999999997549e+01 0.000000000000000000e+00 0.000000000000000000e+00
