# logMs_low logMs_up counts dN_dVdlogM
6.000000000000000000e+00 6.099999999999999645e+00 0.000000000000000000e+00 0.000000000000000000e+00
6.099999999999999645e+00 6.199999999999999289e+00 0.000000000000000000e+00 0.000000000000000000e+00
6.199999999999999289e+00 6.299999999999998934e+00 0.000000000000000000e+00 0.000000000000000000e+00
6.299999999999998934e+00 6.399999999999998579e+00 0.000000000000000000e+00 0.000000000000000000e+00
6.399999999999998579e+00 6.499999999999998224e+00 0.000000000000000000e+00 0.000000000000000000e+00
6.499999999999998224e+00 6.599999999999997868e+00 0.000000000000000000e+00 0.000000000000000000e+00
6.599999999999997868e+00 6.699999999999997513e+00 0.000000000000000000e+00 0.000000000000000000e+00
6.699999999999997513e+00 6.799999999999997158e+00 0.000000000000000000e+00 0.000000000000000000e+00
6.799999999999997158e+00 6.899999999999996803e+00 0.000000000000000000e+00 0.000000000000000000e+00
6.899999999999996803e+00 6.999999999999996447e+00 0.000000000000000000e+00 0.000000000000000000e+00
6.999999999999996447e+00 7.099999999999996092e+00 0.000000000000000000e+00 0.000000000000000000e+00
7.099999999999996092e+00 7.199999999999995737e+00 0.000000000000000000e+00 0.000000000000000000e+00
7.199999999999995737e+00 7.299999999999995381e+00 1.055877000000000000e+06 2.230129713081823242e-02
7.299999999999995381e+00 7.399999999999995026e+00 9.516530000000000000e+05 2.009997027914667972e-02
7.399999999999995026e+00 7.499999999999994671e+00 8.580610000000000000e+05 1.812320309786748240e-02
7.499999999999994671e+00 7.599999999999994316e+00 7.951330000000000000e+05 1.679409371689968844e-02
7.599999999999994316e+00 7.699999999999993960e+00 7.254680000000000000e+05 1.532269139956684602e-02
7.699999999999993960e+00 7.799999999999993605e+00 6.616620000000000000e+05 1.397503768163474956e-02
7.799999999999993605e+00 7.899999999999993250e+00 6.050150000000000000e+05 1.277859000963369081e-02
7.899999999999993250e+00 7.999999999999992895e+00 5.485090000000000000e+05 1.158512041452553452e-02
7.999999999999992895e+00 8.099999999999992539e+00 5.023020000000000000e+05 1.060917715927542533e-02
8.099999999999992539e+00 8.199999999999992184e+00 4.560580000000000000e+05 9.632452422854841101e-03
8.199999999999992184e+00 8.299999999999991829e+00 4.201530000000000000e+05 8.874098870800930031e-03
8.299999999999991829e+00 8.399999999999991473e+00 3.808090000000000000e+05 8.043109812118040894e-03
8.399999999999991473e+00 8.499999999999991118e+00 3.458460000000000000e+05 7.304652348242231946e-03
8.499999999999991118e+00 8.599999999999990763e+00 3.165730000000000000e+05 6.686374015718232408e-03
8.599999999999990763e+00 8.699999999999990408e+00 2.889070000000000000e+05 6.102037311328216071e-03
8.699999999999990408e+00 8.799999999999990052e+00 2.632670000000000000e+05 5.560491981300022014e-03
8.799999999999990052e+00 8.899999999999989697e+00 2.389100000000000000e+05 5.046045038885954223e-03
8.899999999999989697e+00 8.999999999999989342e+00 2.191130000000000000e+05 4.627910370455057959e-03
8.999999999999989342e+00 9.099999999999988987e+00 1.991920000000000000e+05 4.207156684047427299e-03
9.099999999999988987e+00 9.199999999999988631e+00 1.822760000000000000e+05 3.849871941350198681e-03
9.199999999999988631e+00 9.299999999999988276e+00 1.660650000000000000e+05 3.507477583117474609e-03
9.299999999999988276e+00 9.399999999999987921e+00 1.517110000000000000e+05 3.204305131197634961e-03
9.399999999999987921e+00 9.499999999999987566e+00 1.394350000000000000e+05 2.945022351500828275e-03
9.499999999999987566e+00 9.599999999999987210e+00 1.273360000000000000e+05 2.689478008754684832e-03
9.599999999999987210e+00 9.699999999999986855e+00 1.163790000000000000e+05 2.458053976729765618e-03
9.699999999999986855e+00 9.799999999999986500e+00 1.073260000000000000e+05 2.266844543315364984e-03
9.799999999999986500e+00 9.899999999999986144e+00 9.837500000000000000e+04 2.077789463397955883e-03
9.899999999999986144e+00 9.999999999999985789e+00 9.075400000000000000e+04 1.916825463392306120e-03
9.999999999999985789e+00 1.009999999999998543e+01 8.454900000000000000e+04 1.785768958991957103e-03
1.009999999999998543e+01 1.019999999999998508e+01 7.864400000000000000e+04 1.661048788406290812e-03
1.019999999999998508e+01 1.029999999999998472e+01 7.354600000000000000e+04 1.553373355782120165e-03
1.029999999999998472e+01 1.039999999999998437e+01 6.977700000000000000e+04 1.473767881956992857e-03
1.039999999999998437e+01 1.049999999999998401e+01 6.685100000000000000e+04 1.411967506151123484e-03
1.049999999999998401e+01 1.059999999999998366e+01 6.387800000000000000e+04 1.349174438047620389e-03
1.059999999999998366e+01 1.069999999999998330e+01 6.193400000000000000e+04 1.308114994928478124e-03
1.069999999999998330e+01 1.079999999999998295e+01 5.894600000000000000e+04 1.245005110134240469e-03
1.079999999999998295e+01 1.089999999999998259e+01 5.336700000000000000e+04 1.127170422293862460e-03
1.089999999999998259e+01 1.099999999999998224e+01 4.358100000000000000e+04 9.204792132589208111e-04
1.099999999999998224e+01 1.109999999999998188e+01 3.126000000000000000e+04 6.602459834899120734e-04
1.109999999999998188e+01 1.119999999999998153e+01 1.989500000000000000e+04 4.202045374770249945e-04
1.119999999999998153e+01 1.129999999999998117e+01 1.063700000000000000e+04 2.246652759559243759e-04
1.129999999999998117e+01 1.139999999999998082e+01 4.917000000000000000e+03 1.038525112226454822e-04
1.139999999999998082e+01 1.149999999999998046e+01 1.967000000000000000e+03 4.154522871160131674e-05
1.149999999999998046e+01 1.159999999999998010e+01 7.190000000000000000e+02 1.518608004252229278e-05
1.159999999999998010e+01 1.169999999999997975e+01 2.200000000000000000e+02 4.646644797433802299e-06
1.169999999999997975e+01 1.179999999999997939e+01 6.500000000000000000e+01 1.372872326514532709e-06
1.179999999999997939e+01 1.189999999999997904e+01 5.000000000000000000e+00 1.056055635780409746e-07
1.189999999999997904e+01 1.199999999999997868e+01 3.000000000000000000e+00 6.336333814682457681e-08
1.199999999999997868e+01 1.209999999999997833e+01 0.000000000000000000e+00 0.000000000000000000e+00
1.209999999999997833e+01 1.219999999999997797e+01 0.000000000000000000e+00 0.000000000000000000e+00
1.219999999999997797e+01 1.229999999999997762e+01 0.000000000000000000e+00 0.000000000000000000e+00
1.229999999999997762e+01 1.239999999999997726e+01 0.000000000000000000e+00 0.000000000000000000e+00
1.239999999999997726e+01 1.249999999999997691e+01 0.000000000000000000e+00 0.000000000000000000e+00
1.249999999999997691e+01 1.259999999999997655e+01 0.000000000000000000e+00 0.000000000000000000e+00
1.259999999999997655e+01 1.269999999999997620e+01 0.000000000000000000e+00 0.000000000000000000e+00
1.269999999999997620e+01 1.279999999999997584e+01 0.000000000000000000e+00 0.000000000000000000e+00
1.279999999999997584e+01 1.289999999999997549e+01 0.000000000000000000e+00 0.000000000000000000e+00
