# logMs_low logMs_up counts dN_dVdlogM
6.000000000000000000e+00 6.099999999999999645e+00 0.000000000000000000e+00 0.000000000000000000e+00
6.099999999999999645e+00 6.199999999999999289e+00 0.000000000000000000e+00 0.000000000000000000e+00
6.199999999999999289e+00 6.299999999999998934e+00 0.000000000000000000e+00 0.000000000000000000e+00
6.299999999999998934e+00 6.399999999999998579e+00 0.000000000000000000e+00 0.000000000000000000e+00
6.399999999999998579e+00 6.499999999999998224e+00 0.000000000000000000e+00 0.000000000000000000e+00
6.499999999999998224e+00 6.599999999999997868e+00 0.000000000000000000e+00 0.000000000000000000e+00
6.599999999999997868e+00 6.699999999999997513e+00 0.000000000000000000e+00 0.000000000000000000e+00
6.699999999999997513e+00 6.799999999999997158e+00 0.000000000000000000e+00 0.000000000000000000e+00
6.799999999999997158e+00 6.899999999999996803e+00 0.000000000000000000e+00 0.000000000000000000e+00
6.899999999999996803e+00 6.999999999999996447e+00 0.000000000000000000e+00 0.000000000000000000e+00
6.999999999999996447e+00 7.099999999999996092e+00 0.000000000000000000e+00 0.000000000000000000e+00
7.099999999999996092e+00 7.199999999999995737e+00 0.000000000000000000e+00 0.000000000000000000e+00
7.199999999999995737e+00 7.299999999999995381e+00 0.000000000000000000e+00 0.000000000000000000e+00
7.299999999999995381e+00 7.399999999999995026e+00 0.000000000000000000e+00 0.000000000000000000e+00
7.399999999999995026e+00 7.499999999999994671e+00 0.000000000000000000e+00 0.000000000000000000e+00
7.499999999999994671e+00 7.599999999999994316e+00 0.000000000000000000e+00 0.000000000000000000e+00
7.599999999999994316e+00 7.699999999999993960e+00 0.000000000000000000e+00 0.000000000000000000e+00
7.699999999999993960e+00 7.799999999999993605e+00 0.000000000000000000e+00 0.000000000000000000e+00
7.799999999999993605e+00 7.899999999999993250e+00 0.000000000000000000e+00 0.000000000000000000e+00
7.899999999999993250e+00 7.999999999999992895e+00 0.000000000000000000e+00 0.000000000000000000e+00
7.999999999999992895e+00 8.099999999999992539e+00 0.000000000000000000e+00 0.000000000000000000e+00
8.099999999999992539e+00 8.199999999999992184e+00 0.000000000000000000e+00 0.000000000000000000e+00
8.199999999999992184e+00 8.299999999999991829e+00 0.000000000000000000e+00 0.000000000000000000e+00
8.299999999999991829e+00 8.399999999999991473e+00 0.000000000000000000e+00 0.000000000000000000e+00
8.399999999999991473e+00 8.499999999999991118e+00 0.000000000000000000e+00 0.000000000000000000e+00
8.499999999999991118e+00 8.599999999999990763e+00 0.000000000000000000e+00 0.000000000000000000e+00
8.599999999999990763e+00 8.699999999999990408e+00 0.000000000000000000e+00 0.000000000000000000e+00
8.699999999999990408e+00 8.799999999999990052e+00 0.000000000000000000e+00 0.000000000000000000e+00
8.799999999999990052e+00 8.899999999999989697e+00 0.000000000000000000e+00 0.000000000000000000e+00
8.899999999999989697e+00 8.999999999999989342e+00 0.000000000000000000e+00 0.000000000000000000e+00
8.999999999999989342e+00 9.099999999999988987e+00 0.000000000000000000e+00 0.000000000000000000e+00
9.099999999999988987e+00 9.199999999999988631e+00 0.000000000000000000e+00 0.000000000000000000e+00
9.199999999999988631e+00 9.299999999999988276e+00 0.000000000000000000e+00 0.000000000000000000e+00
9.299999999999988276e+00 9.399999999999987921e+00 0.000000000000000000e+00 0.000000000000000000e+00
9.399999999999987921e+00 9.499999999999987566e+00 0.000000000000000000e+00 0.000000000000000000e+00
9.499999999999987566e+00 9.599999999999987210e+00 0.000000000000000000e+00 0.000000000000000000e+00
9.599999999999987210e+00 9.699999999999986855e+00 0.000000000000000000e+00 0.000000000000000000e+00
9.699999999999986855e+00 9.799999999999986500e+00 0.000000000000000000e+00 0.000000000000000000e+00
9.799999999999986500e+00 9.899999999999986144e+00 0.000000000000000000e+00 0.000000000000000000e+00
9.899999999999986144e+00 9.999999999999985789e+00 0.000000000000000000e+00 0.000000000000000000e+00
9.999999999999985789e+00 1.009999999999998543e+01 0.000000000000000000e+00 0.000000000000000000e+00
1.009999999999998543e+01 1.019999999999998508e+01 0.000000000000000000e+00 0.000000000000000000e+00
1.019999999999998508e+01 1.029999999999998472e+01 0.000000000000000000e+00 0.000000000000000000e+00
1.029999999999998472e+01 1.039999999999998437e+01 0.000000000000000000e+00 0.000000000000000000e+00
1.039999999999998437e+01 1.049999999999998401e+01 0.000000000000000000e+00 0.000000000000000000e+00
1.049999999999998401e+01 1.059999999999998366e+01 0.000000000000000000e+00 0.000000000000000000e+00
1.059999999999998366e+01 1.069999999999998330e+01 0.000000000000000000e+00 0.000000000000000000e+00
1.069999999999998330e+01 1.079999999999998295e+01 0.000000000000000000e+00 0.000000000000000000e+00
1.079999999999998295e+01 1.089999999999998259e+01 0.000000000000000000e+00 0.000000000000000000e+00
1.089999999999998259e+01 1.099999999999998224e+01 0.000000000000000000e+00 0.000000000000000000e+00
1.099999999999998224e+01 1.109999999999998188e+01 0.000000000000000000e+00 0.000000000000000000e+00
1.109999999999998188e+01 1.119999999999998153e+01 0.000000000000000000e+00 0.000000000000000000e+00
1.119999999999998153e+01 1.129999999999998117e+01 0.000000000000000000e+00 0.000000000000000000e+00
1.129999999999998117e+01 1.139999999999998082e+01 2.930218000000000000e+06 2.534992472445092289e-04
1.139999999999998082e+01 1.149999999999998046e+01 1.729058000000000000e+06 1.495844000146394099e-04
1.149999999999998046e+01 1.159999999999998010e+01 8.396370000000000000e+05 7.263874136963119040e-05
1.159999999999998010e+01 1.169999999999997975e+01 3.579970000000000000e+05 3.097106427432791062e-05
1.169999999999997975e+01 1.179999999999997939e+01 1.351070000000000000e+05 1.168838727953480040e-05
1.179999999999997939e+01 1.189999999999997904e+01 4.471100000000000000e+04 3.868041505290477415e-06
1.189999999999997904e+01 1.199999999999997868e+01 1.229700000000000000e+04 1.063839019269463909e-06
1.199999999999997868e+01 1.209999999999997833e+01 2.508000000000000000e+03 2.169722908292929659e-07
1.209999999999997833e+01 1.219999999999997797e+01 3.160000000000000000e+02 2.733781654786944407e-08
1.219999999999997797e+01 1.229999999999997762e+01 1.400000000000000000e+01 1.211169087563836200e-09
1.229999999999997762e+01 1.239999999999997726e+01 0.000000000000000000e+00 0.000000000000000000e+00
1.239999999999997726e+01 1.249999999999997691e+01 0.000000000000000000e+00 0.000000000000000000e+00
1.249999999999997691e+01 1.259999999999997655e+01 0.000000000000000000e+00 0.000000000000000000e+00
1.259999999999997655e+01 1.269999999999997620e+01 0.000000000000000000e+00 0.000000000000000000e+00
1.269999999999997620e+01 1.279999999999997584e+01 0.000000000000000000e+00 0.000000000000000000e+00
1.279999999999997584e+01 1.289999999999997549e+01 0.000000000000000000e+00 0.000000000000000000e+00
