# logMs_low logMs_up counts dN_dVdlogM
6.000000000000000000e+00 6.099999999999999645e+00 0.000000000000000000e+00 0.000000000000000000e+00
6.099999999999999645e+00 6.199999999999999289e+00 0.000000000000000000e+00 0.000000000000000000e+00
6.199999999999999289e+00 6.299999999999998934e+00 0.000000000000000000e+00 0.000000000000000000e+00
6.299999999999998934e+00 6.399999999999998579e+00 0.000000000000000000e+00 0.000000000000000000e+00
6.399999999999998579e+00 6.499999999999998224e+00 0.000000000000000000e+00 0.000000000000000000e+00
6.499999999999998224e+00 6.599999999999997868e+00 0.000000000000000000e+00 0.000000000000000000e+00
6.599999999999997868e+00 6.699999999999997513e+00 0.000000000000000000e+00 0.000000000000000000e+00
6.699999999999997513e+00 6.799999999999997158e+00 0.000000000000000000e+00 0.000000000000000000e+00
6.799999999999997158e+00 6.899999999999996803e+00 0.000000000000000000e+00 0.000000000000000000e+00
6.899999999999996803e+00 6.999999999999996447e+00 0.000000000000000000e+00 0.000000000000000000e+00
6.999999999999996447e+00 7.099999999999996092e+00 0.000000000000000000e+00 0.000000000000000000e+00
7.099999999999996092e+00 7.199999999999995737e+00 0.000000000000000000e+00 0.000000000000000000e+00
7.199999999999995737e+00 7.299999999999995381e+00 0.000000000000000000e+00 0.000000000000000000e+00
7.299999999999995381e+00 7.399999999999995026e+00 0.000000000000000000e+00 0.000000000000000000e+00
7.399999999999995026e+00 7.499999999999994671e+00 0.000000000000000000e+00 0.000000000000000000e+00
7.499999999999994671e+00 7.599999999999994316e+00 0.000000000000000000e+00 0.000000000000000000e+00
7.599999999999994316e+00 7.699999999999993960e+00 0.000000000000000000e+00 0.000000000000000000e+00
7.699999999999993960e+00 7.799999999999993605e+00 0.000000000000000000e+00 0.000000000000000000e+00
7.799999999999993605e+00 7.899999999999993250e+00 0.000000000000000000e+00 0.000000000000000000e+00
7.899999999999993250e+00 7.999999999999992895e+00 0.000000000000000000e+00 0.000000000000000000e+00
7.999999999999992895e+00 8.099999999999992539e+00 0.000000000000000000e+00 0.000000000000000000e+00
8.099999999999992539e+00 8.199999999999992184e+00 0.000000000000000000e+00 0.000000000000000000e+00
8.199999999999992184e+00 8.299999999999991829e+00 0.000000000000000000e+00 0.000000000000000000e+00
8.299999999999991829e+00 8.399999999999991473e+00 0.000000000000000000e+00 0.000000000000000000e+00
8.399999999999991473e+00 8.499999999999991118e+00 0.000000000000000000e+00 0.000000000000000000e+00
8.499999999999991118e+00 8.599999999999990763e+00 0.000000000000000000e+00 0.000000000000000000e+00
8.599999999999990763e+00 8.699999999999990408e+00 0.000000000000000000e+00 0.000000000000000000e+00
8.699999999999990408e+00 8.799999999999990052e+00 0.000000000000000000e+00 0.000000000000000000e+00
8.799999999999990052e+00 8.899999999999989697e+00 0.000000000000000000e+00 0.000000000000000000e+00
8.899999999999989697e+00 8.999999999999989342e+00 1.205790000000000000e+05 1.205790000000004107e-03
8.999999999999989342e+00 9.099999999999988987e+00 8.936620000000000000e+05 8.936620000000032246e-03
9.099999999999988987e+00 9.199999999999988631e+00 1.699622000000000000e+06 1.699622000000005836e-02
9.199999999999988631e+00 9.299999999999988276e+00 2.009978000000000000e+06 2.009978000000007051e-02
9.299999999999988276e+00 9.399999999999987921e+00 1.952057000000000000e+06 1.952057000000007037e-02
9.399999999999987921e+00 9.499999999999987566e+00 1.866565000000000000e+06 1.866565000000006830e-02
9.499999999999987566e+00 9.599999999999987210e+00 1.704679000000000000e+06 1.704679000000005815e-02
9.599999999999987210e+00 9.699999999999986855e+00 1.603888000000000000e+06 1.603888000000005740e-02
9.699999999999986855e+00 9.799999999999986500e+00 1.466607000000000000e+06 1.466607000000005184e-02
9.799999999999986500e+00 9.899999999999986144e+00 1.345646000000000000e+06 1.345646000000004852e-02
9.899999999999986144e+00 9.999999999999985789e+00 1.273367000000000000e+06 1.273367000000004412e-02
9.999999999999985789e+00 1.009999999999998543e+01 1.181019000000000000e+06 1.181019000000004329e-02
1.009999999999998543e+01 1.019999999999998508e+01 1.103930000000000000e+06 1.103930000000003832e-02
1.019999999999998508e+01 1.029999999999998472e+01 1.049070000000000000e+06 1.049070000000003680e-02
1.029999999999998472e+01 1.039999999999998437e+01 9.989830000000000000e+05 9.989830000000034585e-03
1.039999999999998437e+01 1.049999999999998401e+01 9.647540000000000000e+05 9.647540000000034283e-03
1.049999999999998401e+01 1.059999999999998366e+01 9.342530000000000000e+05 9.342530000000032891e-03
1.059999999999998366e+01 1.069999999999998330e+01 8.969260000000000000e+05 8.969260000000030958e-03
1.069999999999998330e+01 1.079999999999998295e+01 8.164660000000000000e+05 8.164660000000028423e-03
1.079999999999998295e+01 1.089999999999998259e+01 6.631850000000000000e+05 6.631850000000023317e-03
1.089999999999998259e+01 1.099999999999998224e+01 4.631900000000000000e+05 4.631900000000016906e-03
1.099999999999998224e+01 1.109999999999998188e+01 2.773170000000000000e+05 2.773170000000009690e-03
1.109999999999998188e+01 1.119999999999998153e+01 1.461610000000000000e+05 1.461610000000005110e-03
1.119999999999998153e+01 1.129999999999998117e+01 6.853900000000000000e+04 6.853900000000024079e-04
1.129999999999998117e+01 1.139999999999998082e+01 2.777700000000000000e+04 2.777700000000009675e-04
1.139999999999998082e+01 1.149999999999998046e+01 9.936000000000000000e+03 9.936000000000034973e-05
1.149999999999998046e+01 1.159999999999998010e+01 2.905000000000000000e+03 2.905000000000010303e-05
1.159999999999998010e+01 1.169999999999997975e+01 7.550000000000000000e+02 7.550000000000025969e-06
1.169999999999997975e+01 1.179999999999997939e+01 1.420000000000000000e+02 1.420000000000005039e-06
1.179999999999997939e+01 1.189999999999997904e+01 1.300000000000000000e+01 1.300000000000004494e-07
1.189999999999997904e+01 1.199999999999997868e+01 1.000000000000000000e+00 1.000000000000003495e-08
1.199999999999997868e+01 1.209999999999997833e+01 0.000000000000000000e+00 0.000000000000000000e+00
1.209999999999997833e+01 1.219999999999997797e+01 0.000000000000000000e+00 0.000000000000000000e+00
1.219999999999997797e+01 1.229999999999997762e+01 0.000000000000000000e+00 0.000000000000000000e+00
1.229999999999997762e+01 1.239999999999997726e+01 0.000000000000000000e+00 0.000000000000000000e+00
1.239999999999997726e+01 1.249999999999997691e+01 0.000000000000000000e+00 0.000000000000000000e+00
1.249999999999997691e+01 1.259999999999997655e+01 0.000000000000000000e+00 0.000000000000000000e+00
1.259999999999997655e+01 1.269999999999997620e+01 0.000000000000000000e+00 0.000000000000000000e+00
1.269999999999997620e+01 1.279999999999997584e+01 0.000000000000000000e+00 0.000000000000000000e+00
1.279999999999997584e+01 1.289999999999997549e+01 0.000000000000000000e+00 0.000000000000000000e+00
