zmin zmax NperDeg2_190 rho_190 NperDeg2_A240 rho_240
0.0  0.1  0.6  -3.62  0.6  -3.61   
0.1  0.2  1.7  -3.98  2.4  -3.83   
0.2  0.3  1.6  -4.40  2.0  -4.31   
0.3  0.4  1.0  -4.83  1.2  -4.76   
0.4  0.5  0.6  -5.23  0.7  -5.15   
0.5  0.6  1.2  -5.07  1.7  -4.92   
0.6  0.7  3.3  -4.72  3.7  -4.67  
0.7  0.8  40.7  -3.71  44.1  -3.67   
0.8  0.9  65.3  -3.56  74.1  -3.50   
0.9  1.0  30.9  -3.93  43.7  -3.78   
1.0  1.1  11.1  -4.42  16.9  -4.23  
1.1  1.2  5.1  -4.79  7.7  -4.60   
1.2  1.3  3.1  -5.03  5.4  -4.79   
1.3  1.4  1.7  -5.30  3.5  -4.99   
1.4  1.5  0.8  -5.63  1.8  -5.31   
1.5  1.6  0.7  -5.72  0.7  -5.71   
1.6  1.7  0.3  -6.04  0.9  -5.64   
1.7  1.8  0.3  -6.05  0.7  -5.74   
1.8  1.9  0.5  -5.88  0.9  -5.65   
1.9  2.0  0.4  -5.97  0.8  -5.71   
2.0  2.1  0.3  -6.13  0.8  -5.70   
2.1  2.2  0.7  -5.76  0.7  -5.75   
2.2  2.3  0.5  -5.88  0.5  -5.87   
