# [1] k:    [h/Mpc] 
# [2] P:    [Mpc^3/h^3] 
# [3] T:    [Mpc^3/h^3] 
# [4] Delta_k 
3.059023205018257859e-07 1.199324759854335065e+00 3.949809060980226059e+04 1.739223412448539678e-21
3.215862678579245412e-07 1.257482698848512603e+00 3.947840899972231273e+04 2.118677059040298987e-21
3.380743483904743061e-07 1.318460846331652503e+00 3.945873719685390097e+04 2.580917694861379845e-21
3.554077908890640533e-07 1.382395960518096212e+00 3.943907519630118622e+04 3.144007303626483403e-21
3.736299379885273404e-07 1.449431431334322840e+00 3.941942299317973811e+04 3.829948527586676813e-21
3.927863545481053003e-07 1.519717602004244883e+00 3.939978058259861427e+04 4.665544417481843008e-21
4.129249415873286729e-07 1.593412106232894532e+00 3.938014795969618717e+04 5.683445757748050749e-21
4.340960560635169786e-07 1.670680221734016868e+00 3.936052511958635296e+04 6.923426891024726227e-21
4.563526367904018199e-07 1.751695240907122031e+00 3.934091205738548888e+04 8.433939894648638291e-21
4.797503368127355169e-07 1.836638859489994058e+00 3.932130876823921426e+04 1.027400783834234861e-20
5.043476625678916271e-07 1.925701584050586446e+00 3.930171524726874486e+04 1.251553110181570091e-20
5.302061201824328858e-07 2.019083159246121806e+00 3.928213148959774117e+04 1.524609687135674912e-20
5.573903692694645323e-07 2.116993015801584832e+00 3.926255749037909118e+04 1.857240159605994394e-20
5.859683846113473662e-07 2.219650740203308104e+00 3.924299324474127934e+04 2.262442013558020008e-20
6.160116261320592563e-07 2.327286567178199483e+00 3.922343874782418425e+04 2.756048450835960180e-20
6.475952175842278093e-07 2.440141896048719783e+00 3.920389399476116523e+04 3.357347069154861273e-20
6.807981343976415384e-07 2.558469832133496435e+00 3.918435898071476549e+04 4.089833522102662569e-20
7.157034011589609116e-07 2.682535754390606542e+00 3.916483370082319016e+04 4.982129608281798029e-20
7.523982992164306405e-07 2.812617910598253612e+00 3.914531815023598028e+04 6.069101663814592898e-20
7.909745849287134463e-07 2.949008041391490753e+00 3.912581232410509256e+04 7.393222959211635584e-20
8.315287191035797356e-07 3.092012034561032685e+00 3.910631621758489928e+04 9.006233336064982666e-20
8.741621082001717898e-07 3.241950611080433475e+00 3.908682982583219564e+04 1.097116093362049062e-19
9.189813578979717484e-07 3.399160044398759961e+00 3.906735314399730123e+04 1.336478500388650038e-19
9.660985396665287929e-07 3.563992914621107122e+00 3.904788616725958855e+04 1.628063604944739728e-19
1.015631471002508262e-06 3.736818899245498926e+00 3.902842889077420841e+04 1.983265051383081968e-19
1.067704010034801725e-06 3.918025602258121687e+00 3.900898130969872727e+04 2.415962283100884988e-19
1.122446365234364056e-06 4.108019423434355666e+00 3.898954341921972082e+04 2.943062879718571584e-19
1.179995421003214005e-06 4.307226469777949873e+00 3.897011521449957218e+04 3.585163218218841805e-19
1.240495079956737545e-06 4.516093511173691510e+00 3.895069669070308737e+04 4.367353273298947193e-19
1.304096622755184042e-06 4.735088982383110157e+00 3.893128784302403801e+04 5.320197004386265130e-19
1.370959086384113674e-06 4.964704033610412459e+00 3.891188866663203225e+04 6.480926637771200095e-19
1.441249661829700436e-06 5.205453632033419709e+00 3.889249915670794144e+04 7.894897510288339082e-19
1.515144112143284134e-06 5.457877716739669260e+00 3.887311930843502341e+04 9.617360322318381586e-19
1.592827211940548929e-06 5.722542409667675578e+00 3.885374911699013319e+04 1.171562005063746544e-18
1.674493209434307728e-06 6.000041285282267545e+00 3.883438857757898950e+04 1.427166588033928024e-18
1.760346312156213177e-06 6.290996701793287293e+00 3.881503768538324221e+04 1.738537491995208668e-18
1.850601197581954108e-06 6.596061196954298822e+00 3.879569643559573888e+04 2.117841488453609495e-18
1.945483549936765273e-06 6.915918951530208858e+00 3.877636482340292423e+04 2.579899824343672435e-18
2.045230624523543909e-06 7.251287323750378988e+00 3.875704284402009944e+04 3.142767360040452291e-18
2.150091840984688092e-06 7.602918458139111380e+00 3.873773049263847497e+04 3.828438060322106790e-18
2.260329406981118614e-06 7.971600972393392937e+00 3.871842776446048811e+04 4.663704405258443340e-18
2.376218973848010330e-06 8.358161726043583428e+00 3.869913465468658251e+04 5.681204302360308340e-18
2.498050325866710336e-06 8.763467674893078652e+00 3.867985115853275784e+04 6.920696407939641796e-18
2.626128104876382668e-06 9.188427815362659956e+00 3.866057727119983610e+04 8.430613690649870557e-18
2.760772572037287162e-06 9.633995223150041198e+00 3.864131298790859728e+04 1.026995594250456314e-17
2.902320408650496801e-06 1.010116919071572639e+01 3.862205830386463640e+04 1.251059518691234045e-17
3.051125558036519890e-06 1.059099746845236290e+01 3.860281321428909723e+04 1.524008406725669189e-17
3.207560110577962700e-06 1.110457861451457617e+01 3.858357771440991928e+04 1.856507695334354011e-17
3.372015234139298021e-06 1.164306445858282579e+01 3.856435179943106778e+04 2.261549744492022939e-17
3.544902152190277809e-06 1.220766268515194852e+01 3.854513546458961355e+04 2.754961511695734726e-17
3.726653172078803499e-06 1.279963954202454701e+01 3.852592870510308421e+04 3.356022987956828986e-17
3.917722766024474580e-06 1.342032268019851493e+01 3.850673151620452700e+04 4.088220560570396473e-17
4.118588707535861475e-06 1.407110413143743877e+01 3.848754389312936837e+04 4.980164740185458152e-17
4.329753266093139866e-06 1.475344343022771021e+01 3.846836583110228094e+04 6.066708112225828997e-17
4.551744463083409039e-06 1.546887088715929437e+01 3.844919732536780066e+04 7.390307196461175589e-17
4.785117392129195949e-06 1.621899102099019174e+01 3.843003837115535134e+04 9.002681429157364492e-17
5.030455607111644826e-06 1.700548615719855761e+01 3.841088896371860028e+04 1.096683409232859153e-16
5.288372581359179674e-06 1.783012020095964090e+01 3.839174909828298405e+04 1.335951415753508189e-16
5.559513241650373021e-06 1.869474259317743048e+01 3.837261877010251919e+04 1.627421524049727206e-16
5.844555580866815540e-06 1.960129245827702960e+01 3.835349797442923591e+04 1.982482885013540792e-16
6.144212353328471540e-06 2.055180295314880112e+01 3.833438670650441782e+04 2.415009468223477814e-16
6.459232857050738118e-06 2.154840582702460949e+01 3.831528496158919006e+04 2.941902185233995215e-16
6.790404807379771878e-06 2.259333620240363061e+01 3.829619273492958746e+04 3.583749290162881274e-16
7.138556306691162195e-06 2.368893758788680870e+01 3.827711002178708441e+04 4.365630862645903517e-16
7.504557915077204533e-06 2.483766713405314519e+01 3.825803681742987101e+04 5.318098808197880782e-16
7.889324827200587103e-06 2.604210114417272237e+01 3.823897311710238864e+04 6.478370669342829238e-16
8.293819160757753291e-06 2.730494085226123246e+01 3.821991891608189326e+04 7.891783895536973386e-16
8.719052362274285227e-06 2.862901848118135462e+01 3.820087420962625765e+04 9.613567397211052294e-16
9.166087736248057605e-06 3.001730359463314102e+01 3.818183899300875055e+04 1.171099960719744310e-15
9.636043103964330830e-06 3.147290975710029670e+01 3.816281326150500536e+04 1.426603737542799319e-15
1.013009359863121538e-05 3.299910151674845338e+01 3.814379701037996711e+04 1.737851842057784585e-15
1.064947460382478790e-05 3.459930172701138673e+01 3.812479023491832049e+04 2.117006247401419943e-15
1.119548484259151579e-05 3.627709922310811663e+01 3.810579293038973265e+04 2.578882355258127297e-15
1.176948962493235138e-05 3.803625687094206143e+01 3.808680509208790318e+04 3.141527905469476342e-15
1.237292426178888029e-05 3.988072000613697554e+01 3.806782671527856292e+04 3.826928188762208979e-15
1.300729765406831334e-05 4.181462528252374966e+01 3.804885779526009719e+04 4.661865118704873657e-15
1.367419606568169201e-05 4.384230994947962756e+01 3.802989832731161732e+04 5.678963730966112040e-15
1.437528709002991615e-05 4.596832157933015139e+01 3.801094830672754324e+04 6.917967001711147797e-15
1.511232381985586521e-05 4.819742826635160782e+01 3.799200772880464501e+04 8.427288798450119395e-15
1.588714923088939049e-05 5.053462932033881572e+01 3.797307658882907708e+04 1.026590564466406477e-14
1.670170079024660794e-05 5.298516647882858166e+01 3.795415488210228796e+04 1.250566121865059696e-14
1.755801530110687162e-05 5.555453566294478662e+01 3.793524260393239092e+04 1.523407363450892895e-14
1.845823399578163895e-05 5.824849930323806291e+01 3.791633974960396154e+04 1.855775519933474937e-14
1.940460788991057802e-05 6.107309926348975182e+01 3.789744631443408434e+04 2.260657827321949295e-14
2.039950341117315543e-05 6.403467039089667878e+01 3.787856229372066446e+04 2.753875001225402928e-14
2.144540831659045798e-05 6.713985472360100459e+01 3.785968768277684285e+04 3.354699428952607412e-14
2.254493791321357228e-05 7.039561638702690516e+01 3.784082247691810335e+04 4.086608235163065791e-14
2.370084159775344190e-05 7.380925721256218708e+01 3.782196667144936509e+04 4.978200646998941385e-14
2.491600973150475266e-05 7.738843311378957424e+01 3.780312026169506862e+04 6.064315504614920943e-14
2.619348086775470484e-05 8.114117125658880525e+01 3.778428324296481151e+04 7.387392583638540629e-14
2.753644934974891994e-05 8.507588806213193777e+01 3.776545561058770545e+04 8.999130923066198316e-14
2.894827329821342076e-05 8.920140808259564835e+01 3.774663735987801192e+04 1.096250895746768797e-13
3.043248300840562692e-05 9.352698379250014682e+01 3.772782848616949195e+04 1.335424538991370317e-13
3.199278977769132648e-05 9.806231633948081594e+01 3.770902898478537099e+04 1.626779696380992873e-13
3.363309518572123809e-05 1.028175773015074554e+02 3.769023885105120280e+04 1.981701027117291374e-13
3.535750085041236633e-05 1.078034314991645601e+02 3.767145808030557964e+04 2.414057029119953597e-13
3.717031868412924126e-05 1.130310609139980045e+02 3.765268666788299015e+04 2.940741948507450795e-13
3.907608167571078754e-05 1.185121897668251592e+02 3.763392460911811213e+04 3.582335919737579564e-13
4.107955522530357004e-05 1.242591108121277017e+02 3.761517189934581256e+04 4.363909131283200553e-13
4.318574906034433776e-05 1.302847129076047281e+02 3.759642853391396056e+04 5.316001439500428662e-13
4.539992976248807967e-05 1.366025099204254900e+02 3.757769450816421886e+04 6.475815708944599321e-13
4.772763393680535859e-05 1.432266710354070085e+02 3.755896981744267396e+04 7.888671508741087949e-13
5.017468205617894183e-05 1.501720525328162807e+02 3.754025445709776977e+04 9.609775967970767357e-13
5.274719301551768723e-05 1.574542311071660095e+02 3.752154842248022760e+04 1.170638098598253657e-12
5.545159943218107865e-05 1.650895388017102334e+02 3.750285170894311159e+04 1.426041109030257116e-12
5.829466373087315435e-05 1.730950996369947177e+02 3.748416431184180692e+04 1.737166462529542764e-12
6.128349505322671351e-05 1.814888680156076646e+02 3.746548622653398343e+04 2.116171335754512212e-12
6.442556703436033705e-05 1.902896689892604343e+02 3.744681744837966107e+04 2.577865287445298952e-12
6.772873649085907528e-05 1.995172404785078868e+02 3.742815797274113720e+04 3.140288939716699784e-12
7.120126306690828879e-05 2.091922775398282113e+02 3.740950779498516931e+04 3.825418912669789574e-12
7.485182988770643921e-05 2.193364787791829542e+02 3.739086691047444037e+04 4.660026557533966587e-12
7.868956527180084881e-05 2.299725950164967685e+02 3.737223531457819627e+04 5.676724043214326419e-12
8.272406555663884206e-05 2.411244803098723253e+02 3.735361300267223123e+04 6.915238671915336835e-12
8.696541909440986997e-05 2.528171454539692036e+02 3.733499997013040411e+04 8.423965217530864991e-12
9.142423147818073699e-05 2.650768140727412288e+02 3.731639621232462378e+04 1.026185694419525956e-11
9.611165206140254191e-05 2.779309814323797809e+02 3.729780172463548661e+04 1.250072919626727774e-11
1.010394018371016720e-04 2.914084761059804123e+02 3.727921650244375633e+04 1.522806557216762779e-11
1.062198027464676133e-04 3.055395246286017823e+02 3.726064054113251041e+04 1.855043633290459828e-11
1.116658084901241013e-04 3.203558192875643158e+02 3.724207383608711098e+04 2.259766261908495944e-11
1.173910369191279803e-04 3.358905892000563540e+02 3.722351638269522664e+04 2.752788919256814135e-11
1.234098040866900780e-04 3.521786748374531726e+02 3.720496817634683975e+04 3.353376391938515629e-11
1.297371600457651012e-04 3.692566061634803418e+02 3.718642921243421006e+04 4.084996545629255443e-11
1.363889264820232711e-04 3.871626845614777608e+02 3.716789948635188921e+04 4.976237328418864416e-11
1.433817362763056455e-04 4.059370687345160036e+02 3.714937899349779764e+04 6.061923840607856862e-11
1.507330750954898936e-04 4.256218647708689105e+02 3.713086772926792764e+04 7.384479120291768605e-11
1.584613251157653230e-04 4.462612205773393725e+02 3.711236568906792672e+04 8.995581817234324374e-11
1.665858109876483387e-04 4.679014248912615699e+02 3.709387286829837103e+04 1.095818552837277606e-10
1.751268481576742783e-04 4.905910110944351459e+02 3.707538926236634870e+04 1.334897870020795409e-10
1.841057936675958640e-04 5.143808660608228820e+02 3.705691486668015568e+04 1.626138121838009778e-10
1.935450995581117185e-04 5.393243442827373428e+02 3.703844967665251170e+04 1.980919477573177173e-10
2.034683690106629794e-04 5.654773875308661673e+02 3.701999368768999557e+04 2.413104965642516844e-10
2.139004153676812446e-04 5.928986503178377916e+02 3.700154689521512773e+04 2.939582169358751335e-10
2.248673241788693637e-04 6.216496314443820665e+02 3.698310929464118090e+04 3.580923106720572643e-10
2.363965184286629729e-04 6.517948119257331427e+02 3.696468088138893654e+04 4.362188078941357229e-10
2.485168271079757005e-04 6.834017996057025357e+02 3.694626165088094422e+04 5.313904897970604115e-10
2.612585573016925852e-04 7.165414807835284137e+02 3.692785159853994264e+04 6.473261756179765004e-10
2.746535699721688829e-04 7.512881791937027174e+02 3.690945071979408385e+04 7.885560349419087930e-10
2.887353596282311993e-04 7.877198226947062949e+02 3.689105901007223292e+04 9.605986034006626863e-10
3.035391380788964293e-04 8.259181180410685101e+02 3.687267646480449184e+04 1.170176418627317516e-09
3.191019224812350285e-04 8.659687341305779000e+02 3.685430307942480431e+04 1.425478702408975063e-09
3.354626279025451924e-04 9.079614941373968122e+02 3.683593884936885297e+04 1.736481353303301730e-09
3.526621646282911485e-04 9.519905769622527032e+02 3.681758377007513627e+04 2.115336753382824242e-09
3.707435404591257876e-04 9.981547284512380429e+02 3.679923783698285115e+04 2.576848620746739266e-09
3.897519682527942697e-04 1.046557482857388777e+03 3.678090104553503625e+04 3.139050462592086475e-09
4.097349789798286580e-04 1.097307395041112841e+03 3.676257339117660740e+04 3.823910231810265614e-09
4.307425405757319271e-04 1.150518283930697180e+03 3.674425486935448862e+04 4.658188721460950377e-09
4.528271828868440083e-04 1.206309487788748356e+03 3.672594547551812866e+04 5.674485238758838040e-09
4.760441290223192071e-04 1.264806131856989168e+03 3.670764520511873707e+04 6.912511418127460649e-09
5.004514334406633081e-04 1.326139408979933251e+03 3.668935405361055018e+04 8.420642947375858117e-09
5.261101271161193775e-04 1.390437039860345521e+03 3.667094233760749194e+04 1.025773729180536709e-08
5.530843701478924991e-04 1.457834341194159606e+03 3.665231624439396546e+04 1.249546989498355453e-08
5.814416121938181326e-04 1.528460379429744535e+03 3.663324247356006526e+04 1.522098555793974172e-08
6.112527611296385451e-04 1.602475221243724263e+03 3.661380465476948302e+04 1.854061276942078981e-08
6.425923603556274889e-04 1.679986741305413943e+03 3.659342475409579492e+04 2.258305993849778512e-08
6.755387751939181127e-04 1.761214033951055171e+03 3.657270889737054677e+04 2.750636759946606780e-08
7.101743888426273075e-04 1.846206018921470559e+03 3.655039482477144338e+04 3.350004882880940823e-08
7.465858083767621441e-04 1.935260687749954741e+03 3.652772794706854620e+04 4.079894419203313798e-08
7.848640813110194670e-04 2.028388090977451839e+03 3.650306899026646715e+04 4.968264105032091414e-08
8.251049232659968648e-04 2.125908650959897386e+03 3.647766946206062858e+04 6.049819168604375582e-08
8.674089573071004124e-04 2.227880090661264603e+03 3.645034315307596989e+04 7.366035018029768439e-08
9.118819655546198935e-04 2.334553406065420404e+03 3.642156076921855129e+04 8.967883389394416791e-08
9.586351536941296880e-04 2.446103772835703239e+03 3.639108594511019328e+04 1.091704721905993099e-07
1.007785429048626679e-03 2.562646242863283078e+03 3.635823874208804773e+04 1.328810778720328321e-07
1.059455692907732439e-03 2.684546056146870797e+03 3.632410046465195046e+04 1.617296009469125689e-07
1.113775147844932919e-03 2.811696556629707629e+03 3.628645935186158022e+04 1.968028018650018892e-07
1.170879620791311689e-03 2.944742149915214668e+03 3.624807408212410519e+04 2.394717418365532194e-07
1.230911902673626282e-03 3.083258533706441995e+03 3.620488750615747995e+04 2.913138379316759718e-07
1.294022105466001958e-03 3.228101692401100991e+03 3.616069475350902212e+04 3.543582534559849078e-07
1.360368037548055848e-03 3.378911238978925667e+03 3.611207841702645237e+04 4.309394972451585935e-07
1.430115598308045934e-03 3.536309407520371224e+03 3.606119814407494414e+04 5.240032081595944247e-07
1.503439192977754080e-03 3.700235573474838930e+03 3.600647794387404429e+04 6.370261138585807219e-07
1.580522168736409397e-03 3.870925494890731898e+03 3.594796349486945837e+04 7.742600414947754918e-07
1.661557273174137529e-03 4.048788532893568117e+03 3.588643885771970963e+04 9.408953033660621986e-07
1.746747136261333697e-03 4.233464085712843371e+03 3.581926644293437130e+04 1.143026392841861308e-06
1.836304777029133936e-03 4.426055296661418652e+03 3.575016875908360089e+04 1.388421679800073325e-06
1.930454136227949345e-03 4.625337734855462259e+03 3.567322181506497145e+04 1.685746136444624617e-06
2.029430636295988157e-03 4.833138194366585594e+03 3.559476638063146675e+04 2.046548818001539978e-06
2.133481770037976965e-03 5.047816041919862073e+03 3.550783809392117837e+04 2.483365179219593944e-06
2.242867719486086112e-03 5.271134906492476148e+03 3.541811696544626466e+04 3.012904538174069225e-06
2.357862006490532136e-03 5.501962125886702779e+03 3.532101142891036579e+04 3.653785171255070587e-06
2.478752176666675511e-03 5.741127445136164170e+03 3.521874351542313525e+04 4.429623070384676574e-06
2.605840518408833982e-03 5.988559731331118201e+03 3.511053019153985952e+04 5.368292149076781972e-06
2.739444818768723561e-03 6.243700298646772353e+03 3.499436763032706222e+04 6.502793721656752299e-06
2.879899158088616417e-03 6.508025091821359638e+03 3.487407249040951865e+04 7.875013740789634038e-06
3.027554745376210416e-03 6.779016174721614334e+03 3.474260050794225390e+04 9.530439833677595252e-06
3.182780796510085389e-03 7.060251283630394028e+03 3.460907544663662702e+04 1.153215854724501187e-05
3.345965457471714814e-03 7.346718188572798681e+03 3.446097334563610639e+04 1.394209377670994339e-05
3.517516774912597243e-03 7.643387190596065011e+03 3.431031539473656449e+04 1.685251222523127281e-05
3.697863716483424691e-03 7.945810296228263724e+03 3.414694123832556215e+04 2.035453358514898109e-05
3.887457243476651579e-03 8.256927397257222765e+03 3.397761373999661009e+04 2.457455153933143702e-05
4.086771438464619106e-03 8.574530741505826882e+03 3.379790288881881133e+04 2.964979324463763954e-05
4.296304690752923532e-03 8.898622923732404161e+03 3.360832790711145935e+04 3.575018420750019363e-05
4.516580942613284376e-03 9.230211573226872133e+03 3.341121450957074558e+04 4.308353283387589906e-05
4.748150999412126434e-03 9.565235641762819796e+03 3.319977973128480517e+04 5.187277692174202244e-05
4.991593906910903912e-03 9.909129306922539399e+03 3.298420677407686890e+04 6.243433529273031274e-05
5.247518399182111472e-03 1.025238570250450175e+04 3.274927541394835862e+04 7.505110748908471428e-05
5.516564420761540903e-03 1.060473971150988473e+04 3.251173639442432250e+04 9.019373144359987035e-05
5.799404726842954938e-03 1.095438296649013500e+04 3.225410898884430208e+04 1.082451467085001300e-04
6.096746565516493986e-03 1.131030543273374678e+04 3.199110097982070874e+04 1.298491224623125038e-04
6.409333446257287764e-03 1.166406349143702391e+04 3.171158055609365329e+04 1.555817789940871587e-04
6.737946999086424568e-03 1.201887729750693870e+04 3.142142179341170049e+04 1.862588562683347652e-04
7.083408929053131541e-03 1.237261368551312808e+04 3.111899331420461749e+04 2.227710006800547797e-04
7.446583070925409317e-03 1.272064545748510136e+04 3.079997173109185314e+04 2.661034611431654928e-04
7.828377549226901017e-03 1.306941634688647173e+04 3.047367077262343446e+04 3.176447930210492829e-04
8.229747049021221908e-03 1.340391050656483640e+04 3.012405038138238160e+04 3.784959519799791818e-04
8.651695203121895217e-03 1.374157524698045017e+04 2.977260232641635957e+04 4.508275129568473528e-04
9.095277101697147801e-03 1.405494245494782626e+04 2.939097566705345889e+04 5.357314421601768644e-04
9.561601930544914862e-03 1.436830351429437360e+04 2.900702203806884063e+04 6.363085074582386586e-04
1.005183574463506743e-02 1.465791497078527573e+04 2.859811631071267402e+04 7.541862438767824896e-04
1.056720438385422289e-02 1.493738101028938036e+04 2.817990270953294385e+04 8.929456783487631439e-04
1.110899653824396448e-02 1.519492812429067271e+04 2.774294212920665814e+04 1.055342439898574293e-03
1.167856697039719623e-02 1.542975184384723980e+04 2.728874684845697993e+04 1.245081748548480241e-03
1.227733990307029038e-02 1.564617790942382817e+04 2.682311334690866352e+04 1.466869106403926020e-03
1.290681258048182248e-02 1.582462679738277257e+04 2.633132550938177155e+04 1.723696289181531191e-03
1.356855901220299469e-02 1.599036793423178278e+04 2.583664648537891117e+04 2.023624362514694387e-03
1.426423390900143431e-02 1.610006959985693538e+04 2.530589618989776864e+04 2.367245873361479517e-03
1.499557682048000690e-02 1.619834268764397530e+04 2.477673452772355085e+04 2.767135139911934896e-03
1.576441648485692182e-02 1.623398325239301812e+04 2.421153107644109332e+04 3.222026090740142627e-03
1.657267540176381518e-02 1.625834203565662938e+04 2.365095958741759023e+04 3.749077234117899511e-03
1.742237463949622076e-02 1.625393264167859888e+04 2.308292267979604367e+04 4.354624979298119675e-03
1.831563888873704443e-02 1.619732502744136218e+04 2.249231455460450161e+04 5.041732195139432549e-03
1.925470177538994923e-02 1.608120454631481880e+04 2.187624199091751871e+04 5.815662891243369124e-03
2.024191144580758314e-02 1.590758644807247401e+04 2.123814138976147660e+04 6.683887211828260129e-03
2.127973643838054069e-02 1.570438699618955070e+04 2.059803477564186687e+04 7.666373639047839583e-03
2.237077185616915750e-02 1.539595821392791004e+04 1.990763114317745567e+04 8.732123893549928115e-03
2.351774585601286785e-02 1.507108445660446341e+04 1.922602072782089817e+04 9.931202585744118225e-03
2.472352647034336062e-02 1.468741851104876514e+04 1.852639077506481772e+04 1.124467686832057722e-02
2.599112877875953478e-02 1.429805464714509617e+04 1.784257342026926199e+04 1.271811169265476237e-02
2.732372244729698585e-02 1.385582971031401576e+04 1.714494971492065451e+04 1.431931990146980728e-02
2.872463965424410307e-02 1.339121040646013171e+04 1.645245815640012734e+04 1.607880841763036084e-02
3.019738342232343442e-02 1.288398048646048846e+04 1.575240387397733321e+04 1.797331796042226856e-02
3.174563637807315680e-02 1.235802360331470481e+04 1.505903872100955596e+04 2.002955919718142977e-02
3.337326996033158216e-02 1.182451363986406432e+04 1.437855735071462550e+04 2.226639095231899498e-02
3.508435410085083278e-02 1.134099903759485824e+04 1.374517452079106442e+04 2.481201467798084537e-02
3.688316740124613496e-02 1.088647764112184268e+04 1.314526134823299981e+04 2.767210985148160773e-02
3.877420783172848273e-02 1.037026630012727037e+04 1.252337593848346478e+04 3.062590769590814790e-02
4.076220397837305304e-02 9.868151507541178944e+03 1.192464060140023503e+04 3.385938310924828387e-02
4.285212686704739649e-02 9.358895289709218559e+03 1.133549838358103989e+04 3.730886121892340590e-02
4.504920239356542677e-02 8.898213836837074268e+03 1.078898713490894625e+04 4.121301769055195352e-02
4.735892439114896407e-02 8.514174954022519159e+03 1.030152384260280269e+04 4.581612126549631375e-02
4.978706836787243073e-02 8.166446625790828875e+03 9.847991881074905905e+03 5.105673627923976166e-02
5.233970594844135349e-02 7.854779951231581435e+03 9.427554685997001798e+03 5.705557901348465299e-02
5.502322005641668845e-02 7.593899920859749727e+03 9.048267144154073321e+03 6.408747126360862800e-02
5.784432087484844831e-02 7.362322981198771231e+03 8.696436767252642312e+03 7.218838144203730545e-02
6.081006262522850592e-02 7.121361967104428913e+03 8.348652256359546300e+03 8.112592688496585158e-02
6.392786120671870020e-02 6.884255936407492300e+03 8.012430515042831757e+03 9.111665984523571737e-02
6.720551273976151097e-02 6.585826390321777581e+03 7.649654884515805861e+03 1.012733633901135993e-01
7.065121306044198912e-02 6.286946202677509973e+03 7.295541063504933845e+03 1.123230459213791221e-01
7.427357821434696361e-02 5.948141511393097971e+03 6.926745180569145305e+03 1.234680509013985350e-01
7.808166600116696332e-02 5.580563084528430409e+03 6.549053028165993055e+03 1.345846391136180931e-01
8.208499862391337165e-02 5.162607299632712056e+03 6.148582044348821000e+03 1.446540960813144649e-01
8.629358649938589920e-02 4.735449486993954451e+03 5.748068857117586958e+03 1.541583400676991844e-01
9.071795328942874881e-02 4.314148310692072300e+03 5.355374227654199785e+03 1.631717834425638614e-01
9.536916221556676621e-02 3.938827942318876012e+03 4.994899158117552361e+03 1.730856931855971614e-01
1.002588437228218304e-01 3.598926079212239074e+03 4.660479626127123993e+03 1.837431935192062882e-01
1.053992245618834284e-01 3.353860286125822313e+03 4.391547301243658694e+03 1.989424550579898254e-01
1.108031583623540345e-01 3.137665467129823810e+03 4.146191254716074582e+03 2.162386474949491710e-01
1.164841577735182265e-01 2.992288926001686377e+03 3.952289111295870043e+03 2.395931382158608403e-01
1.224564282530043596e-01 2.848577479639171088e+03 3.764106410637691624e+03 2.649982826578081152e-01
1.287349035878279091e-01 2.699571374754038970e+03 3.576812809650817144e+03 2.917789853016222734e-01
1.353352832366376823e-01 2.515890077063072113e+03 3.370509588878396698e+03 3.159330278774146739e-01
1.422740715865399574e-01 2.299932408224257415e+03 3.145634093786898575e+03 3.355541487244164123e-01
1.495686192226629019e-01 2.071022451957372141e+03 2.913694413341101153e+03 3.510560962877014579e-01
1.572371663136570008e-01 1.849573372111300614e+03 2.687746535810987552e+03 3.642566160992767310e-01
1.652988882216175348e-01 1.690989112812677831e+03 2.508556373997903393e+03 3.869197229554890982e-01
1.737739434504778357e-01 1.553948666195896521e+03 2.347322298676254832e+03 4.131054237772135984e-01
1.826835240527691917e-01 1.465827958682142935e+03 2.225342292822443142e+03 4.527426434513839304e-01
1.920499086207905493e-01 1.373951040143927457e+03 2.103012629413439299e+03 4.930419027112820651e-01
2.018965179946938526e-01 1.253868576630004554e+03 1.961025280533622663e+03 5.227677219386145380e-01
2.122479738267836202e-01 1.135270848520270647e+03 1.821410589100871221e+03 5.499211263072147915e-01
2.231301601484726449e-01 1.014368312726651084e+03 1.680571065285095074e+03 5.708746580230594780e-01
2.345702880938428103e-01 9.241851462225894238e+02 1.565811462074426117e+03 6.042939507610177730e-01
2.465969639416541459e-01 8.552516212662916359e+02 1.470306441039407673e+03 6.497216537943839576e-01
2.592402606459418002e-01 7.823353879250581713e+02 1.372645293545042932e+03 6.905109702607408195e-01
2.725317930340656614e-01 7.126875338711685117e+02 1.278828627365574903e+03 7.308376994099704538e-01
2.865047968602461026e-01 6.415280862708381164e+02 1.184326744748108013e+03 7.643312679661729003e-01
3.011942119122611450e-01 5.779042692153401504e+02 1.097217136089708220e+03 7.999558650705292928e-01
3.166367693791155569e-01 5.289654435730378736e+02 1.024658652761849225e+03 8.507101169318160849e-01
3.328710836981453314e-01 4.816189663240353411e+02 9.543733042368953647e+02 8.999161585742702085e-01
3.499377491112247163e-01 4.326756369076232431e+02 8.829754806598326695e+02 9.393016442993114001e-01
3.678794411715154977e-01 3.905856478498990327e+02 8.188917473797737330e+02 9.851516617461684167e-01
3.867410234545784475e-01 3.545545788482914418e+02 7.615717643581776883e+02 1.038996498395233781e+00
4.065696597406806001e-01 3.199289172529128678e+02 7.061500005871714620e+02 1.089252722322625822e+00
4.274149319488126375e-01 2.877427445638565473e+02 6.536922520117601607e+02 1.138213446165272869e+00
4.493289641173122684e-01 2.593802325641631228e+02 6.058156875443286253e+02 1.192066209835612511e+00
4.723665527411103904e-01 2.339166025985769011e+02 5.615695257199993193e+02 1.249018072260804413e+00
4.965853037915104462e-01 2.103991496667833303e+02 5.198714041360747160e+02 1.305256387623336733e+00
5.220457767611225153e-01 1.891843303839298187e+02 4.811909505814407453e+02 1.363581754154982617e+00
5.488116360941387439e-01 1.698751180058019941e+02 4.450826722046917325e+02 1.422557936556594571e+00
5.769498103806052214e-01 1.524868056505166862e+02 4.116165851839004972e+02 1.483599336962184490e+00
6.065306597127584354e-01 1.368033402018656659e+02 3.805625194072501927e+02 1.546412093514715203e+00
6.376281516219051149e-01 1.226472521821112451e+02 3.517284556013238443e+02 1.610758867888526291e+00
6.703200460357783275e-01 1.098946037514675567e+02 3.249882867660633678e+02 1.676846265828761284e+00
7.046880897188601001e-01 9.838116804510846691e+01 3.001486835225736627e+02 1.744106607598839842e+00
7.408182206818726412e-01 8.804632755942957090e+01 2.771641207252566801e+02 1.813495454453977640e+00
7.788007830715680813e-01 7.871332947680720338e+01 2.558034861539136955e+02 1.883639028918250080e+00
8.187307530781540166e-01 7.035529842544005419e+01 2.360650280250580693e+02 1.956096965371368679e+00
8.607079764252394405e-01 6.282308304581084712e+01 2.177427993504900599e+02 2.029350148891758465e+00
9.048374180361511421e-01 5.608134123874334875e+01 2.008141475099515390e+02 2.104748971770886268e+00
9.512294245009160765e-01 5.002706638684357898e+01 1.851350122642515998e+02 2.181378975614108651e+00
1.000000000000213163e+00 4.460553778104726774e+01 1.706402040553259383e+02 2.259742942490807760e+00
1.051271096376248826e+00 3.975015484044561731e+01 1.572379290450581379e+02 2.339662724592755705e+00
1.105170918075884856e+00 3.540114539237124092e+01 1.448429930551949951e+02 2.420894798018817795e+00
1.161834242728533306e+00 3.151717906952643844e+01 1.334023358981897900e+02 2.504091044499728635e+00
1.221402758160433644e+00 2.803884420501599450e+01 1.228204683851821812e+02 2.588254963976780232e+00
1.284025416688019838e+00 2.494038668148020221e+01 1.130689131688457536e+02 2.674818405752249273e+00
1.349858807576296504e+00 2.216468849534120267e+01 1.040455171897158948e+02 2.761829885247689464e+00
1.419067548593566874e+00 1.969476902309047972e+01 9.573460155991179477e+01 2.851217558054055967e+00
1.491824697641596753e+00 1.748835491835737344e+01 8.805801641351003184e+01 2.941525351760331475e+00
1.568312185490513100e+00 1.552446204744669345e+01 8.098482162967079034e+01 3.033781994625175393e+00
1.648721270700491237e+00 1.377417551100341342e+01 7.446103818467123858e+01 3.127357963496967486e+00
1.733253017867778301e+00 1.221591155761118941e+01 6.844790367211142268e+01 3.222419180454491272e+00
1.822118800390913007e+00 1.083016727726328554e+01 6.290942634582013682e+01 3.319215813800797221e+00
1.915540829014322100e+00 9.596489716774971868e+00 5.780365159872475544e+01 3.417093803787579098e+00
2.013752707470925607e+00 8.501724469420199881e+00 5.310721381534100516e+01 3.517188923980729243e+00
2.117000016613148627e+00 7.526806712783443487e+00 4.877601518121966251e+01 3.617792105952353232e+00
2.225540928492967474e+00 6.662840045857048921e+00 4.479520825305674947e+01 3.720800654047864420e+00
2.339646851926517890e+00 5.894474380423045723e+00 4.112683979632104325e+01 3.824426089765310621e+00
2.459603111157505406e+00 5.213735103564456352e+00 3.775532465719405195e+01 3.930197020717518530e+00
2.585709659316432152e+00 4.609411213299120291e+00 3.465192661575949984e+01 4.036965020616236188e+00
2.718281828459663263e+00 4.073944031995156756e+00 3.179897483932187185e+01 4.145422144207873139e+00
2.857651118063815776e+00 3.599469645696220521e+00 2.917600189813155964e+01 4.255360837963083398e+00
3.004166023947120401e+00 3.178992720119237170e+00 2.676407377845916713e+01 4.366481079147345845e+00
3.158192909690492378e+00 2.807024973831580006e+00 2.454887083646246637e+01 4.479530501062887637e+00
3.320116922737311960e+00 2.477373611904489792e+00 2.251153281295705000e+01 4.593269221769266331e+00
3.490342957462647444e+00 2.186202737157363796e+00 2.064217526953714099e+01 4.709393714161125288e+00
3.669296667620093988e+00 1.928183976944759070e+00 1.892280047389180098e+01 4.825776541593929103e+00
3.857425530697870641e+00 1.700437520572433359e+00 1.734572456181681943e+01 4.944513760592909257e+00
4.055199966845619564e+00 1.498925418444251978e+00 1.589655618165109985e+01 5.063923162364424968e+00
4.263114515169814212e+00 1.321033995000493011e+00 1.456702833085672211e+01 5.185196855176367414e+00
4.481689070339116121e+00 1.163871265688057433e+00 1.334649942268051248e+01 5.307626743826546090e+00
4.711470182591849465e+00 1.025119987513522402e+00 1.222652894900216047e+01 5.431431430886700440e+00
4.953032424396282885e+00 9.027084921497908754e-01 1.119929087952258406e+01 5.556883605527263015e+00
5.206979827181080545e+00 7.946258384335523894e-01 1.025649642399086936e+01 5.683169735740760231e+00
5.473947391728498424e+00 6.993936783981348215e-01 9.392462586114273648e+00 5.811574629666822922e+00
5.754602676007100293e+00 6.153068021783881791e-01 8.599345764421682858e+00 5.940294893455375203e+00
6.049647464414390718e+00 5.412837617310859439e-01 7.872868248321601037e+00 6.071352658332433982e+00
6.359819522603354258e+00 4.759696498933755349e-01 7.206278556901717813e+00 6.202744529987098687e+00
6.685894442280875261e+00 4.184847558242228427e-01 6.595719340564611954e+00 6.336193743682659196e+00
7.028687580590986528e+00 3.678268717385312359e-01 6.035941247681601673e+00 6.470478994961279540e+00
7.389056098932435646e+00 3.233011613684271257e-01 5.523671469978799209e+00 6.607610202257098386e+00
7.767901106308653603e+00 2.841653206252818253e-01 5.054877981122988473e+00 6.747647680947848059e+00
8.166169912569634093e+00 2.497669018703215504e-01 4.625870952484452125e+00 6.890653024696860918e+00
8.584858397179985445e+00 2.195324367260214349e-01 4.233273710849402960e+00 7.036689132544428738e+00
9.025013499436326470e+00 1.929578755790738731e-01 3.873996160948649514e+00 7.185820236572833863e+00
9.487735836360851494e+00 1.696001843884991367e-01 3.545210463613902352e+00 7.338111930158396135e+00
9.974182454817173138e+00 1.490699587062185028e-01 3.244328778126509327e+00 7.493631196821250562e+00
1.048556972473016025e+01 1.310249317758483412e-01 2.968982893571407988e+00 7.652446439688248780e+00
1.102317638064432792e+01 1.151642684808038275e-01 2.717005588875554878e+00 7.814627511577650232e+00
1.158834671922626214e+01 1.012235500141944050e-01 2.486413574818919781e+00 7.980245745724639406e+00
1.218249396070650370e+01 8.897036565802152186e-02 2.275391883754726674e+00 8.149373987154588050e+00
1.280710378266622662e+01 7.820043818076340136e-02 2.082279584173382325e+00 8.322086624725168136e+00
1.346373803500505772e+01 6.873421825834487298e-02 1.905556707669347594e+00 8.498459623842705923e+00
1.415403864537935341e+01 6.041389114297781443e-02 1.743832285415758188e+00 8.678570559876877866e+00
1.487973172487657614e+01 5.310074567688190944e-02 1.595833399981952061e+00 8.862498652280182299e+00
1.564263188419211659e+01 4.667286178881739633e-02 1.460395166322297600e+00 9.050324799431198386e+00
1.644464677110120832e+01 4.102307792085029686e-02 1.336451563077713178e+00 9.242131614217283797e+00
1.728778184057202338e+01 3.605720449958393914e-02 1.223027042023713040e+00 9.438003460371445996e+00
1.817414536944768244e+01 3.169245366798906921e-02 1.119228849623722155e+00 9.638026489577292466e+00
1.910595372823652127e+01 2.785605909934568691e-02 1.024240000251551930e+00 9.842288679361736570e+00
2.008553692319280515e+01 2.448406288371343664e-02 9.373128457758879151e-01 1.005087987179190456e+01
2.111534442254602695e+01 2.152024926267233351e-02 8.577631908934760796e-01 1.026389181299096087e+01
2.219795128144734164e+01 1.891520743624727427e-02 7.849649078933976787e-01 1.048141819349037362e+01
2.333606458094873304e+01 1.662550781773820818e-02 7.183450084658445922e-01 1.070355468943779975e+01
2.453253019711569394e+01 1.461297800350890193e-02 6.573791337661775147e-01 1.093039900468288117e+01
2.579033991719975205e+01 1.284406638714584784e-02 6.015874272365372422e-01 1.116205091374664171e+01
2.711263892066493852e+01 1.128928280859631782e-02 5.505307577009319608e-01 1.139861230570754458e+01
2.850273364377471097e+01 9.922706913131943210e-03 5.038072630058143542e-01 1.164018722901569447e+01
2.996410004740484823e+01 8.721556023820360715e-03 4.610491870016565352e-01 1.188688193726061826e+01
3.150039230875619012e+01 7.665805323340346179e-03 4.219199849693893722e-01 1.213880493589904397e+01
3.311545195870102276e+01 6.737854013074624435e-03 3.861116747092976920e-01 1.239606702998553978e+01
3.481331748761120082e+01 5.922231883880663995e-03 3.533424124425837975e-01 1.265878137290638961e+01
3.659823444368765877e+01 5.205341406684517273e-03 3.233542744459743101e-01 1.292706351614726756e+01
3.847466604904231957e+01 4.575231043197158440e-03 2.959112269588344279e-01 1.320103146011825856e+01
4.044730436007814234e+01 4.021395997533201531e-03 2.707972683840703110e-01 1.348080570605643302e+01
4.252108200007410943e+01 3.534603086989959817e-03 2.478147291602346425e-01 1.376650930902531123e+01
4.470118449331276622e+01 3.106736812346239020e-03 2.267827159233312684e-01 1.405826793203661929e+01
4.699306323159186860e+01 2.730664061465157017e-03 2.075356877125247856e-01 1.435620990132627561e+01
4.940244910554343960e+01 2.400115190622332997e-03 1.899221530130758562e-01 1.466046626279461762e+01
5.193536683484541783e+01 2.109579501026046053e-03 1.738034773811255873e-01 1.497117083964193363e+01
5.459815003315897997e+01 1.854213367982610050e-03 1.590527922653354742e-01 1.528846029123890915e+01
5.739745704546173499e+01 1.629759491089484338e-03 1.455539964365855088e-01 1.561247417321918718e+01
6.034028759737834946e+01 1.432475919255251024e-03 1.332008421664087061e-01 1.594335499887573526e+01
6.343400029814058882e+01 1.259073667289732894e-03 1.218960989612608153e-01 1.628124830183639205e+01
6.668633104094334385e+01 1.106661884052071885e-03 1.115507882706148618e-01 1.662630270007241862e+01
7.010541234670704114e+01 9.726996580351779343e-04 1.020834831453538427e-01 1.697866996127608630e+01
7.369979369961600923e+01 8.549536569176999093e-04 9.341966733401284306e-02 1.733850506960171600e+01
7.747846292528217305e+01 7.514608948803333738e-04 8.549114877252876610e-02 1.770596629384002085e+01
8.145086866499057976e+01 6.604960069651735549e-04 7.823552285104369564e-02 1.808121525703339927e+01
8.562694400222423496e+01 5.805424848971501824e-04 7.159568123317207322e-02 1.846441700755200088e+01
9.001713130054676526e+01 5.102673948312723981e-04 6.551936236179636830e-02 1.885574009170511900e+01
9.463240831495036787e+01 4.484991555338736389e-04 5.995874011332887055e-02 1.925535662786101199e+01
9.948431564196151555e+01 3.942080065317520314e-04 5.487004736288223633e-02 1.966344238215268447e+01
1.045849855771433994e+02 3.464888406060794208e-04 5.021323149743191216e-02 2.008017684579176532e+01
1.099471724521542768e+02 3.045461144252254739e-04 4.595163916553229866e-02 2.050574331401355721e+01
1.155842845272200918e+02 2.676805857564021080e-04 4.205172778229090275e-02 2.094032896668864652e+01
1.215104175187690743e+02 2.352776561478124519e-04 3.848280151891317336e-02 2.138412495066550179e+01
1.277403898460648861e+02 2.067971247372436111e-04 3.521676969876327140e-02 2.183732646383348452e+01
1.342897796849734675e+02 1.817641823698349756e-04 3.222792569834876525e-02 2.230013284098781412e+01
1.411749639215168770e+02 1.597614958841876796e-04 2.949274461293660901e-02 2.277274764148713260e+01
1.484131591026187778e+02 1.404222506017333396e-04 2.698969809429953987e-02 2.325537873880857376e+01
1.560224644864394463e+02 1.234240350274735595e-04 2.469908490313346347e-02 2.374823841195436103e+01
1.640219072999485945e+02 1.084834658124931222e-04 2.260287584250938661e-02 2.425154343885120412e+01
1.724314903169036768e+02 9.535146336830343280e-05 2.068457185177253674e-02 2.476551519166280002e+01
1.812722418752032070e+02 8.380909937178499436e-05 1.892907414402678415e-02 2.529037973417321084e+01
1.905662684586848457e+02 7.366394693262984521e-05 1.732256536503554850e-02 2.582636792123515690e+01
2.003368099748494728e+02 6.474687257551117443e-05 1.585240083813707970e-02 2.637371550027503275e+01
2.106082978667353416e+02 5.690921655531858576e-05 1.450700903921368391e-02 2.693266321499935145e+01
2.214064162042512862e+02 5.002031449725675418e-05 1.327580051833859853e-02 2.750345691130165449e+01
2.327581659077297047e+02 4.396531904409217402e-05 1.214908455121858737e-02 2.808634764535207040e+01
2.446919322642916654e+02 3.864328519475892468e-05 1.111799286444370254e-02 2.868159179406684700e+01
2.572375559058498879e+02 3.396548741397815394e-05 1.017440983414916525e-02 2.928945116784214520e+01
2.704264074262317763e+02 2.985394045704592217e-05 9.310908608719007176e-03 2.991019312570977462e+01
2.842914658240042627e+02 2.624009924986547355e-05 8.520692652751531496e-03 3.054409069294847967e+01
2.988674009671481713e+02 2.306371614941583385e-05 7.797542252178399878e-03 3.119142268116094385e+01
3.141906602857868620e+02 2.027183653367814633e-05 7.135765559490008653e-03 3.185247381089454066e+01
3.302995599097462787e+02 1.781791597615451961e-05 6.530153793751930849e-03 3.252753483689328817e+01
3.472343804788374655e+02 1.566104428702680255e-05 5.975940242787406396e-03 3.321690267596797952e+01
3.650374678654371792e+02 1.376526348471294450e-05 5.468762744843352203e-03 3.392088053759927391e+01
3.837533390612260860e+02 1.209896832745133780e-05 5.004629354431923936e-03 3.463977805728450221e+01
4.034287934928555046e+02 1.063437941099023217e-05 4.579886922112316218e-03 3.537391143275392835e+01
4.241130300448911044e+02 9.347080048164396694e-06 4.191192340899406628e-03 3.612360356301939390e+01
4.458577700826506316e+02 8.215609209549296215e-06 3.835486232989807932e-03 3.688918419040368235e+01
4.687173867825576963e+02 7.221103738946410237e-06 3.509968869693404995e-03 3.767099004559521092e+01
4.927490410934046849e+02 6.346983878935525582e-06 3.212078135036194187e-03 3.846936499574262314e+01
5.180128246684984106e+02 5.578676863785269084e-06 2.939469359589238270e-03 3.928466019565633616e+01
5.445719101260938260e+02 4.903373971662932088e-06 2.689996865803856180e-03 4.011723424234219948e+01
5.724927090138447738e+02 4.309816985827905147e-06 2.461697079586691941e-03 4.096745333266908773e+01
6.018450378722650385e+02 3.788110504862238650e-06 2.252773075196022601e-03 4.183569142442114952e+01
6.327022928124463306e+02 3.329556972891440812e-06 2.061580431813527566e-03 4.272233040084736899e+01
6.651416330445650829e+02 2.926511679504037087e-06 1.886614290463709291e-03 4.362776023856831387e+01
6.992441738160994191e+02 2.572255312044117308e-06 1.726497509413607665e-03 4.455237917911543377e+01
7.350951892421985576e+02 2.260881935540054692e-06 1.579969824822224271e-03 4.549659390409175330e+01
7.727843255353874383e+02 1.987200532745667275e-06 1.445877931325115912e-03 4.646081971407702582e+01
8.124058251677936369e+02 1.746648462827521510e-06 1.323166404477668342e-03 4.744548071125642252e+01
8.540587625264155349e+02 1.535215395942712495e-06 1.210869393610233867e-03 4.845100998593434838e+01
8.978472916506958654e+02 1.349376455594513985e-06 1.108103019711187149e-03 4.947784980710361680e+01
9.438809066718714575e+02 1.186033454149367665e-06 1.014058418498962454e-03 5.052645181690831322e+01
9.922747156053346771e+02 1.042463241839421439e-06 9.279953739286804807e-04 5.159727722926792381e+01
1.043149728180628472e+03 9.162723081584662520e-07 8.492364920236699201e-04 5.269079703284475613e+01
1.096633158428801380e+03 8.053568787871594810e-07 7.771618691712750548e-04 5.380749219809467832e+01
1.152858742783748994e+03 7.078678428176927372e-07 7.112042129213184917e-04 5.494785388884785959e+01
1.211967074492957408e+03 6.221799255629105377e-07 6.508443768817468713e-04 5.611238367836585894e+01
1.274105955173854682e+03 5.468645930186882993e-07 5.956072745669698052e-04 5.730159376993509568e+01
1.339430764394840480e+03 4.806662362609792486e-07 5.450581400375660275e-04 5.851600722213166961e+01
1.408104848205140797e+03 4.224812387394780795e-07 4.987991058994469462e-04 5.975615817892197157e+01
1.480299927585014302e+03 3.713395774900075436e-07 4.564660717276036099e-04 6.102259210457916794e+01
1.556196527837648091e+03 3.263886515336436507e-07 4.177258382664814323e-04 6.231586602357779725e+01
1.635984429996447261e+03 2.868790678602441622e-07 3.822734848507306133e-04 6.363654876563487051e+01
1.719863145376471039e+03 2.521521480285876807e-07 3.498299694037566095e-04 6.498522121587477329e+01
1.808042414456641382e+03 2.216289471018919476e-07 3.201399321243204843e-04 6.636247657033884195e+01
1.900742731340188357e+03 1.948006018490024646e-07 2.929696855739371045e-04 6.776892059686416303e+01
1.998195895104759757e+03 1.712198473030842123e-07 2.681053753455401125e-04 6.920517190156016341e+01
2.100645589420852957e+03 1.504935602469149377e-07 2.453512968359334266e-04 7.067186220090387394e+01
2.208347991887921125e+03 1.322762053145531116e-07 2.245283548734796849e-04 7.216963659952087085e+01
2.321572414611807289e+03 1.162640744475345744e-07 2.054726540773417953e-04 7.369915387402217277e+01
2.440601977625289692e+03 1.021902236686824232e-07 1.880342088524734922e-04 7.526108676265111797e+01
2.565734316835632853e+03 8.982002276350453355e-08 1.720757628675345457e-04 7.685612226128765201e+01
2.697282328269386653e+03 7.894724367560943355e-08 1.574717087233591173e-04 7.848496192554772222e+01
2.835574950475434889e+03 6.939062240481926130e-08 1.441070993091621657e-04 8.014832217935074254e+01
2.980957987042702825e+03 6.099083709007206515e-08 1.318767430649119379e-04 8.184693463010378878e+01
3.133794971289250043e+03 5.360785189743725891e-08 1.206843760285517735e-04 8.358154639039815947e+01
3.294468075284922634e+03 4.711858243250872663e-08 1.104419041515801659e-04 8.535292040659616930e+01
3.463379065480592999e+03 4.141484375642846351e-08 1.010687099193677193e-04 8.716183579459283237e+01
3.640950307333554974e+03 3.640154679580564350e-08 9.249101781823983669e-05 8.900908818223304309e+01
3.827625821441170956e+03 3.199511307878719567e-08 8.464131365561884375e-05 9.089549005946996374e+01
4.023872393823642142e+03 2.812208136832058869e-08 7.745781316222071888e-05 9.282187113563011849e+01
4.230180743132199495e+03 2.471788296353802333e-08 7.088397569401251434e-05 9.478907870439348926e+01
4.447066747701334862e+03 2.172576525175489765e-08 6.486805920618067837e-05 9.679797801635417898e+01
4.675072735513344924e+03 1.909584556536415920e-08 5.936271299653517674e-05 9.884945265980756801e+01
4.914768840300775992e+03 1.678427956993908499e-08 5.432460501259522265e-05 1.009444049491915081e+02
5.166754427177720572e+03 1.475253031961966598e-08 4.971408078917150073e-05 1.030837563219729702e+02
5.431659591364801599e+03 1.296672579388453116e-08 4.549485133190113564e-05 1.052684477440475348e+02
5.710146733755425885e+03 1.139709420492989355e-08 4.163370749002397598e-05 1.074994401235177435e+02
6.002912217263044113e+03 1.001746766152312619e-08 3.810025857035022139e-05 1.097777147333860341e+02
6.310688108091153481e+03 8.804845914690202197e-09 3.486669313500477009e-05 1.121042736430289892e+02
6.634244006280128815e+03 7.739012912337853610e-09 3.190756010030805718e-05 1.144801401591933825e+02
6.974388970108182548e+03 6.802199770176528564e-09 2.919956841369514004e-05 1.169063592758620160e+02
7.331973539158482708e+03 5.978788540281884850e-09 2.672140373208085868e-05 1.193839981339005902e+02
7.707891861111141225e+03 5.255051838690459655e-09 2.445356065872432262e-05 1.219141464905574281e+02
8.103083927578147268e+03 4.618923991251973219e-09 2.237818921810856671e-05 1.244979171987034903e+02
8.518537924572025076e+03 4.059799882444133281e-09 2.047895436048458032e-05 1.271364466961894237e+02
8.955292703485578386e+03 3.568358153698389556e-09 1.874090739028549872e-05 1.298308955059768550e+02
9.414440378761499232e+03 3.136405803677196499e-09 1.715036830635071924e-05 1.325824487462972172e+02
9.897129058747319505e+03 2.756741599815795799e-09 1.569481812796214839e-05 1.353923166520814902e+02
1.040456571656430970e+04 2.423036023987480383e-09 1.436280035913673068e-05 1.382617351071165501e+02
1.093801920816896018e+04 2.129725750841027757e-09 1.314383081565704083e-05 1.411919661878458783e+02
1.149882344515380282e+04 1.871920899603500240e-09 1.202831510504819506e-05 1.441842987182294848e+02
1.208838073022117533e+04 1.645323513127367840e-09 1.100747311004412040e-05 1.472400488368047036e+02
1.270816526367042752e+04 1.446155905104315081e-09 1.007326988112346107e-05 1.503605605755437011e+02
1.335972682966652428e+04 1.271097680901291952e-09 9.218352394190302480e-06 1.535472064509782513e+02
1.404469467150771925e+04 1.117230382070366190e-09 8.435991675625219342e-06 1.568013880678460055e+02
1.476478156558243427e+04 9.819888316810942515e-10 7.720029839178303951e-06 1.601245367355292615e+02
1.552178810420236550e+04 8.631183693372611260e-10 7.064831617842143366e-06 1.635181140978142196e+02
1.631760719802116000e+04 7.586372629225662854e-10 6.465240009197056420e-06 1.669836127754481083e+02
1.715422880929701932e+04 6.668036704359478862e-10 5.916535685148309305e-06 1.705225570230568053e+02
1.803374492783486858e+04 5.860866011168174298e-10 5.414399846538849182e-06 1.741365033991948508e+02
1.895835480205053682e+04 5.151403917499252170e-10 4.954880230299002051e-06 1.778270414511645754e+02
1.993037043823734348e+04 4.527822726312322584e-10 4.534360001562790935e-06 1.815957944142043345e+02
2.095222238178608313e+04 3.979726491890645828e-10 4.149529285903066792e-06 1.854444199251171028e+02
2.202646579481454319e+04 3.497977705313586098e-10 3.797359117633089879e-06 1.893746107518089730e+02
2.315578684540369068e+04 3.074544959762697064e-10 3.475077599105608212e-06 1.933880955377192379e+02
2.434300942441707230e+04 2.702369056052230375e-10 3.180148083368883576e-06 1.974866395617931971e+02
2.559110220669883711e+04 2.375245316195432692e-10 2.910249208465930685e-06 2.016720455153492537e+02
2.690318607430719567e+04 2.087720142988241462e-10 2.663256626214831673e-06 2.059461542947525743e+02
2.828254192034512744e+04 1.835000101135322247e-10 2.437226281668465355e-06 2.103108458111979928e+02
2.973261885290210193e+04 1.612872004169216781e-10 2.230379111643168206e-06 2.147680398173794742e+02
3.125704281962085952e+04 1.417632674909802540e-10 2.041087041884399522e-06 2.193196967520964051e+02
3.285962567445517197e+04 1.246027208469040699e-10 1.867860172650266651e-06 2.239678186025933826e+02
3.454437470929026313e+04 1.095194708561289529e-10 1.709335051851398210e-06 2.287144497846542208e+02
3.631550267425979837e+04 9.626205924783750780e-11 1.564263943452526044e-06 2.335616780423078751e+02
3.817743831181556016e+04 8.460946695777104844e-11 1.431505006660550095e-06 2.385116353658518449e+02
4.013483743089039490e+04 7.436742944017760342e-11 1.310013308605451684e-06 2.435664989296789429e+02
4.219259454884566367e+04 6.536519801380600294e-11 1.198832599773055048e-06 2.487284920496081497e+02
4.435585513031406299e+04 5.745269324957619422e-11 1.097087787458351026e-06 2.539998851613902673e+02
4.663002845354139572e+04 5.049800294236043046e-11 1.003978047992664729e-06 2.593829968185431767e+02
4.902080113639969204e+04 4.438518295546474387e-11 9.187705235388258271e-07 2.648801947127634548e+02
5.153415135589398415e+04 3.901232427426350669e-11 8.407945538366746862e-07 2.704938967150357598e+02
5.417636379671867326e+04 3.428985404447689895e-11 7.694363975005548542e-07 2.762265719391602943e+02
5.695404536624281900e+04 3.013904227098835102e-11 7.041344013196769272e-07 2.820807418277657916e+02
5.987414171521994285e+04 2.649068928185576508e-11 6.443745795395159742e-07 2.880589812613272329e+02
6.294395460553275188e+04 2.328397207575941539e-11 5.896865683291885812e-07 2.941639196906907614e+02
6.617116016840114025e+04 2.046543031993032246e-11 5.396399235928120674e-07 3.003982422936097123e+02
6.956382809870861820e+04 1.798807509376653273e-11 4.938407329852717835e-07 3.067646911557861813e+02
7.313044183344273188e+04 1.581060551968333343e-11 4.519285154658985718e-07 3.132660664769400682e+02
7.687991976470644295e+04 1.389672022137169453e-11 4.135733839867869844e-07 3.199052278025052374e+02
8.082163754034375597e+04 1.221451213051708490e-11 3.784734489832164040e-07 3.266850952810060562e+02
8.496545150794286747e+04 1.073593655265302836e-11 3.463524422303254558e-07 3.336086509492570258e+02
8.932172336083906703e+04 9.436343623958216334e-12 3.169575423617549385e-07 3.406789400429360626e+02
9.390134604774527543e+04 8.294067364566607071e-12 2.900573849373814299e-07 3.478990723368029876e+02
9.871577101079767453e+04 7.290064477231616058e-12 2.654402413957638103e-07 3.552722235121232188e+02
1.037770368201258680e+05 6.407596869689893958e-12 2.429123525589675815e-07 3.628016365535316368e+02
1.090977992765488161e+05 5.631952607921395308e-12 2.222964035726417329e-07 3.704906231754147825e+02
1.146913630576689611e+05 4.950200648221320983e-12 2.034301282778143165e-07 3.783425652786026490e+02
1.205717149864963576e+05 4.350975259127625231e-12 1.861650320294089939e-07 3.863609164375186538e+02
1.267535590057915979e+05 3.824286539242178963e-12 1.703652229092682846e-07 3.945492034197019962e+02
1.332523529455816897e+05 3.361353871996328497e-12 1.559063421337881821e-07 4.029110277366690411e+02
1.400843471757866791e+05 2.954459540843835671e-12 1.426745852378740646e-07 4.114500672280726121e+02
1.472666252406089625e+05 2.596820064440005786e-12 1.305658063309011140e-07 4.201700776793531986e+02
1.548171465762921434e+05 2.282473106791026247e-12 1.194846983743885666e-07 4.290748944736812973e+02
1.627547914190663723e+05 2.006178077012399103e-12 1.093440430294450226e-07 4.381684342789902757e+02
1.710994080155731353e+05 1.763328761556675447e-12 1.000640241695295511e-07 4.474546967702718803e+02
1.798718622538203781e+05 1.549876532378128218e-12 9.157159965544594865e-08 4.569377663893820340e+02
1.890940898387710622e+05 1.362262850800357143e-12 8.379992642761103639e-08 4.666218141411405327e+02
1.987891511430313694e+05 1.197359941842098857e-12 7.668783439075134488e-08 4.765110994279799002e+02
2.089812888697938761e+05 1.052418649958400147e-12 7.017934494993675632e-08 4.866099719232820462e+02
2.196959886722229712e+05 9.250226068838000030e-13 6.422323040847104358e-08 4.969228734851847662e+02
2.309600428808625729e+05 8.130479474868105088e-13 5.877261075948344416e-08 5.074543401086226027e+02
2.428016174984180834e+05 7.146279020570010361e-13 5.378458469803988618e-08 5.182090039226507088e+02
2.552503226294341730e+05 6.281216747142398056e-13 4.921989194896965835e-08 5.291915952261313123e+02
2.683372865209793090e+05 5.520870891133359729e-13 4.504260425304607157e-08 5.404069445689807480e+02
2.820952333994774381e+05 4.852565454046839571e-13 4.121984257909355990e-08 5.518599848767223648e+02
2.965585652983192704e+05 4.265158876224842573e-13 3.772151833628385624e-08 5.635557536201571338e+02
3.117634480808650260e+05 3.748858291910876763e-13 3.452009654972465233e-08 5.754993950311559274e+02
3.277479018739408348e+05 3.295056268868722091e-13 3.159037913529465892e-08 5.876961623647639499e+02
3.445518961379595567e+05 2.896187310797700836e-13 2.890930656796266237e-08 6.001514202105660161e+02
3.622174496113909991e+05 2.545601730226416870e-13 2.645577638245884464e-08 6.128706468517125359e+02
3.807887353794944938e+05 2.237454789188654344e-13 2.421047707779703103e-08 6.258594366745842308e+02
4.003121913300411543e+05 1.966609259499856022e-13 2.215573611829838684e-08 6.391235026292773682e+02
4.208366362722213962e+05 1.728549778185588268e-13 2.027538083476913103e-08 6.526686787430999175e+02
4.424133920090965694e+05 1.519307570241639315e-13 1.855461113094788380e-08 6.665009226852861275e+02
4.650964116688389913e+05 1.335394283765425522e-13 1.697988299338280617e-08 6.806263183882457497e+02
4.889424146156553179e+05 1.173743834390130425e-13 1.553880188780014717e-08 6.950510787236772785e+02
5.140110282777408138e+05 1.031661289491375432e-13 1.422002520290617405e-08 7.097815482347825764e+02
5.403649372469085502e+05 9.067779399989622799e-14 1.301317297378136833e-08 7.248242059267984132e+02
5.680700400227193022e+05 7.970118107993683996e-14 1.190874618217859831e-08 7.401856681175208905e+02
5.971956137930564582e+05 7.005329513797730887e-14 1.089805199064587874e-08 7.558726913457735463e+02
6.278144876631795196e+05 6.157329280687296976e-14 9.973135322050601409e-09 7.718921753448346408e+02
6.600032247664229944e+05 5.411980092605901833e-14 9.126716245923312459e-09 7.882511660765455872e+02
6.938423137119094608e+05 4.756855965883945000e-14 8.352132678818871007e-09 8.049568588296341431e+02
7.294163698479967425e+05 4.181035091221209427e-14 7.643287947707287933e-09 8.220166013864641172e+02
7.668143468447235646e+05 3.674917752269333932e-14 6.994602803629757742e-09 8.394378972521524247e+02
8.061297591243179049e+05 3.230066285333627346e-14 6.400971507979360283e-09 8.572284089578290605e+02
8.474609156959623797e+05 2.839064412040646238e-14 5.857721645708337196e-09 8.753959614278724075e+02
8.909111659795242595e+05 2.495393599912817153e-14 5.360577349208008575e-09 8.939485454242827700e+02
9.365891582329371013e+05 2.193324389570890660e-14 4.905625643360557890e-09 9.128943210606299772e+02
9.846091112294379855e+05 1.927820876854068302e-14 4.489285646878269764e-09 9.322416213878210556e+02
1.035091099863994634e+06 1.694456757474104890e-14 4.108280387551027245e-09 9.519989560671807567e+02
1.088161355403086869e+06 1.489341534484153656e-14 3.759611009483783213e-09 9.721750151019203940e+02
1.143952581128624268e+06 1.309055658433671085e-14 3.440533169418625377e-09 9.927786726722168851e+02
1.202604284165272489e+06 1.150593518811916730e-14 3.148535436246374240e-09 1.013818991026153185e+03
1.264263124320930336e+06 1.011313336452971633e-14 2.881319523793105009e-09 1.035305224476333478e+03
1.329083280812643003e+06 8.888931214767553890e-15 2.636782201215691988e-09 1.057246823462138764e+03
1.397226837794951163e+06 7.812919625677873722e-15 2.412998738679816033e-09 1.079653438709958209e+03
1.468864189654704416e+06 6.867160022109290350e-15 2.208207757996547998e-09 1.102534925479051026e+03
1.544174467085782439e+06 6.035885306466686884e-15 2.020797368979503515e-09 1.125901347892704280e+03
1.623345985009134281e+06 5.305236999799334245e-15 1.849292482415867022e-09 1.149762983368876576e+03
1.706576713458170416e+06 4.663034202103352844e-15 1.692343199776676493e-09 1.174130327136518190e+03
1.794074772606963990e+06 4.098570520187494648e-15 1.548714188298041740e-09 1.199014096855316211e+03
1.886058953179090517e+06 3.602435577544782675e-15 1.417274957794177702e-09 1.224425237328803405e+03
1.982759263538399944e+06 3.166358130577934471e-15 1.296990962675006170e-09 1.250374925313784388e+03
2.084417504829733167e+06 2.783068175760052507e-15 1.186915459142742183e-09 1.276874574446348333e+03
2.191287875607731752e+06 2.446175748763963645e-15 1.086182053455362443e-09 1.303935840249609328e+03
2.303637607465630397e+06 2.150064395101215264e-15 9.939978826298383092e-10 1.331570625270452183e+03
2.421747633253435604e+06 1.889797536183565203e-15 9.096373738913509850e-10 1.359791084310800215e+03
2.545913289556382690e+06 1.661036169845731118e-15 8.324365337582165538e-10 1.388609629769405956e+03
2.676445055190230254e+06 1.459966533299333004e-15 7.617877218165341096e-10 1.418038937112374924e+03
2.813669327560023405e+06 1.283236522506998140e-15 6.971348680361797876e-10 1.448091950433893089e+03
2.957929238823618274e+06 1.127899808070785910e-15 6.379690960012596571e-10 1.478781888164816792e+03
3.109585513900805730e+06 9.913667159028686357e-16 5.838247175885975893e-10 1.510122248871064812e+03
