# [1] k:    [h/Mpc] 
# [2] P:    [Mpc^3/h^3] 
# [3] T:    [Mpc^3/h^3] 
# [4] Delta_k 
3.059023205018257859e-07 5.558114785873624619e-01 3.949809060980226059e+04 8.060204948859671321e-22
3.215862678579245412e-07 5.827640198388859272e-01 3.947840899972231273e+04 9.818733576194441845e-22
3.380743483904743061e-07 6.110235500750820226e-01 3.945873719685390097e+04 1.196092774960649467e-21
3.554077908890640533e-07 6.406534481136543224e-01 3.943907519630118622e+04 1.457049338604781151e-21
3.736299379885273404e-07 6.717201661531386758e-01 3.941942299317973811e+04 1.774939887249540670e-21
3.927863545481053003e-07 7.042933788074307033e-01 3.939978058259861427e+04 2.162185946540920868e-21
4.129249415873286729e-07 7.384461393691849063e-01 3.938014795969618717e+04 2.633919098333862651e-21
4.340960560635169786e-07 7.742550436475841291e-01 3.936052511958635296e+04 3.208572244985022465e-21
4.563526367904018199e-07 8.118004017538038575e-01 3.934091205738548888e+04 3.908599872257231476e-21
4.797503368127355169e-07 8.511664182169688120e-01 3.932130876823921426e+04 4.761355454998491457e-21
5.043476625678916271e-07 8.924413808309769047e-01 3.930171524726874486e+04 5.800160290071235013e-21
5.302061201824328858e-07 9.357178586621786032e-01 3.928213148959774117e+04 7.065605521046810389e-21
5.573903692694645323e-07 9.810929096591896048e-01 3.926255749037909118e+04 8.607138231081040828e-21
5.859683846113473662e-07 1.028668298326280928e+00 3.924299324474127934e+04 1.048499358027577512e-20
6.160116261320592563e-07 1.078550723956477997e+00 3.922343874782418425e+04 1.277254848556275250e-20
6.475952175842278093e-07 1.130852059929567943e+00 3.920389399476116523e+04 1.555918881274961240e-20
6.807981343976415384e-07 1.185689604617178983e+00 3.918435898071476549e+04 1.895380211588497868e-20
7.157034011589609116e-07 1.243186344449686231e+00 3.916483370082319016e+04 2.308903240211017372e-20
7.523982992164306405e-07 1.303471229744963766e+00 3.914531815023598028e+04 2.812646317642523968e-20
7.909745849287134463e-07 1.366679463910095205e+00 3.912581232410509256e+04 3.426293129297632749e-20
8.315287191035797356e-07 1.432952806667659562e+00 3.910631621758489928e+04 4.173821832569413040e-20
8.741621082001717898e-07 1.502439891986113718e+00 3.908682982583219564e+04 5.084441999743354465e-20
9.189813578979717484e-07 1.575296561426635433e+00 3.906735314399730123e+04 6.193735977663424339e-20
9.660985396665287929e-07 1.651686213658287050e+00 3.904788616725958855e+04 7.545049262624323732e-20
1.015631471002508262e-06 1.731780170914757555e+00 3.902842889077420841e+04 9.191184219141378538e-20
1.067704010034801725e-06 1.815758063227778329e+00 3.900898130969872727e+04 1.119646332445184697e-19
1.122446365234364056e-06 1.903808231293391495e+00 3.898954341921972082e+04 1.363924255971027365e-19
1.179995421003214005e-06 1.996128148866595176e+00 3.897011521449957218e+04 1.661497315820659754e-19
1.240495079956737545e-06 2.092924865646156096e+00 3.895069669070308737e+04 2.023993134804006337e-19
1.304096622755184042e-06 2.194415471636502524e+00 3.893128784302403801e+04 2.465576182837371341e-19
1.370959086384113674e-06 2.300827584018857230e+00 3.891188866663203225e+04 3.003501251482003487e-19
1.441249661829700436e-06 2.412399857641439382e+00 3.889249915670794144e+04 3.658787682347183270e-19
1.515144112143284134e-06 2.529382520259596756e+00 3.887311930843502341e+04 4.457040694719277450e-19
1.592827211940548929e-06 2.652037933730800212e+00 3.885374911699013319e+04 5.429451905673506296e-19
1.674493209434307728e-06 2.780641182429184344e+00 3.883438857757898950e+04 6.614018137855879766e-19
1.760346312156213177e-06 2.915480690181557755e+00 3.881503768538324221e+04 8.057026139632006152e-19
1.850601197581954108e-06 3.056858867132179913e+00 3.879569643559573888e+04 9.814861232865946634e-19
1.945483549936765273e-06 3.205092787967819934e+00 3.877636482340292423e+04 1.195621056093171055e-18
2.045230624523543909e-06 3.360514903040111800e+00 3.875704284402009944e+04 1.456474702858913289e-18
2.150091840984688092e-06 3.523473783957145944e+00 3.873773049263847497e+04 1.774239880819451693e-18
2.260329406981118614e-06 3.694334905345040276e+00 3.871842776446048811e+04 2.161333216781010421e-18
2.376218973848010330e-06 3.873481464510760031e+00 3.869913465468658251e+04 2.632880324954915908e-18
2.498050325866710336e-06 4.061315240858087705e+00 3.867985115853275784e+04 3.207306838073084166e-18
2.626128104876382668e-06 4.258257496968750111e+00 3.866057727119983610e+04 3.907058386227324067e-18
2.760772572037287162e-06 4.464749923392700381e+00 3.864131298790859728e+04 4.759477656513855636e-18
2.902320408650496801e-06 4.681255629238167515e+00 3.862205830386463640e+04 5.797872804435566700e-18
3.051125558036519890e-06 4.908260180812478168e+00 3.860281321428909723e+04 7.062818965103684617e-18
3.207560110577962700e-06 5.146272690620164347e+00 3.858357771440991928e+04 8.603743720574293896e-18
3.372015234139298021e-06 5.395826959162314473e+00 3.856435179943106778e+04 1.048085847521107109e-17
3.544902152190277809e-06 5.657482672128083756e+00 3.854513546458961355e+04 1.276751120733024434e-17
3.726653172078803499e-06 5.931826655610773713e+00 3.852592870510308421e+04 1.555305253045897974e-17
3.917722766024474580e-06 6.219474192216803310e+00 3.850673151620452700e+04 1.894632705521615860e-17
4.118588707535861475e-06 6.521070400982031501e+00 3.848754389312936837e+04 2.307992647618908727e-17
4.329753266093139866e-06 6.837291684202222442e+00 3.846836583110228094e+04 2.811537057255214799e-17
4.551744463083409039e-06 7.168847244438830479e+00 3.844919732536780066e+04 3.424941856931913362e-17
4.785117392129195949e-06 7.516480675064693528e+00 3.843003837115535134e+04 4.172175747458652014e-17
5.030455607111644826e-06 7.880971627966252946e+00 3.841088896371860028e+04 5.082436781360007438e-17
5.288372581359179674e-06 8.263137562080705933e+00 3.839174909828298405e+04 6.191293272399551948e-17
5.559513241650373021e-06 8.663835576767469959e+00 3.837261877010251919e+04 7.542073622134145137e-17
5.844555580866815540e-06 9.083964334048674871e+00 3.835349797442923591e+04 9.187559370719161799e-17
6.144212353328471540e-06 9.524466074070828014e+00 3.833438670650441782e+04 1.119204762769006650e-16
6.459232857050738118e-06 9.986328728320211567e+00 3.831528496158919006e+04 1.363386347191641490e-16
6.790404807379771878e-06 1.047058813528084187e+01 3.829619273492958746e+04 1.660842049232571322e-16
7.138556306691162195e-06 1.097833036356747272e+01 3.827711002178708441e+04 2.023194905964038612e-16
7.504557915077204533e-06 1.151069414769317412e+01 3.825803681742987101e+04 2.464603801073174224e-16
7.889324827200587103e-06 1.206887344193769174e+01 3.823897311710238864e+04 3.002316721120441174e-16
8.293819160757753291e-06 1.265412009811175231e+01 3.821991891608189326e+04 3.657344718042070429e-16
8.719052362274285227e-06 1.326774667310543876e+01 3.820087420962625765e+04 4.455282912855145927e-16
9.166087736248057605e-06 1.391112937263561555e+01 3.818183899300875055e+04 5.427310621189026294e-16
9.636043103964330830e-06 1.458571113771149719e+01 3.816281326150500536e+04 6.611409680379011319e-16
1.013009359863121538e-05 1.529300488076814801e+01 3.814379701037996711e+04 8.053848584075166263e-16
1.064947460382478790e-05 1.603459687876048179e+01 3.812479023491832049e+04 9.810990416722351198e-16
1.119548484259151579e-05 1.681215033074537502e+01 3.810579293038973265e+04 1.195149523264221418e-15
1.176948962493235138e-05 1.762740908803944606e+01 3.808680509208790318e+04 1.455900293740719247e-15
1.237292426178888029e-05 1.848220156518056712e+01 3.806782671527856292e+04 1.773540150460928069e-15
1.300729765406831334e-05 1.937844484064415695e+01 3.804885779526009719e+04 2.160480823323386393e-15
1.367419606568169201e-05 2.031814895630550311e+01 3.802989832731161732e+04 2.631841961251311903e-15
1.437528709002991615e-05 2.130342142547779360e+01 3.801094830672754324e+04 3.206041930216365195e-15
1.511232381985586521e-05 2.233647195950733888e+01 3.799200772880464501e+04 3.905517508133626945e-15
1.588714923088939049e-05 2.341961742356858878e+01 3.797307658882907708e+04 4.757600598600267821e-15
1.670170079024660794e-05 2.455528703282346470e+01 3.795415488210228796e+04 5.795586220945748636e-15
1.755801530110687162e-05 2.574602780051500162e+01 3.793524260393239092e+04 7.060033508132997198e-15
1.845823399578163895e-05 2.699451025021766171e+01 3.791633974960396154e+04 8.600350548801588657e-15
1.940460788991057802e-05 2.830353440520632091e+01 3.789744631443408434e+04 1.047672500096231037e-14
2.039950341117315543e-05 2.967603606811338324e+01 3.787856229372066446e+04 1.276247591571252975e-14
2.144540831659045798e-05 3.111509340522390943e+01 3.785968768277684285e+04 1.554691866820788635e-14
2.254493791321357228e-05 3.262393384998933499e+01 3.784082247691810335e+04 1.893885494258576967e-14
2.370084159775344190e-05 3.420594134130251973e+01 3.782196667144936509e+04 2.307082414148698357e-14
2.491600973150475266e-05 3.586466391284941579e+01 3.780312026169506862e+04 2.810428234342188333e-14
2.619348086775470484e-05 3.760382165036979529e+01 3.778428324296481151e+04 3.423591117485269086e-14
2.753644934974891994e-05 3.942731503491152267e+01 3.776545561058770545e+04 4.170530311538120649e-14
2.894827329821342076e-05 4.133923369053420771e+01 3.774663735987801192e+04 5.080432353799953997e-14
3.043248300840562692e-05 4.334386555634809923e+01 3.772782848616949195e+04 6.188851530496131757e-14
3.199278977769132648e-05 4.544570650318961214e+01 3.770902898478537099e+04 7.539099155188282254e-14
3.363309518572123809e-05 4.764947041672193251e+01 3.769023885105120280e+04 9.183935951876243970e-14
3.535750085041236633e-05 4.996009976948988651e+01 3.767145808030557964e+04 1.118763367240364708e-13
3.717031868412924126e-05 5.238277670556703214e+01 3.765268666788299015e+04 1.362848650554273132e-13
3.907608167571078754e-05 5.492293466277265424e+01 3.763392460911811213e+04 1.660187041071173291e-13
4.107955522530357004e-05 5.758627055846648801e+01 3.761517189934581256e+04 2.022396991932361760e-13
4.318574906034433776e-05 6.037875756629993163e+01 3.759642853391396056e+04 2.463631802798890410e-13
4.539992976248807967e-05 6.330665851244334874e+01 3.757769450816421886e+04 3.001132657917383236e-13
4.772763393680535859e-05 6.637653992151719251e+01 3.755896981744267396e+04 3.655902322816984365e-13
5.017468205617894183e-05 6.959528674360166178e+01 3.754025445709776977e+04 4.453525824231177950e-13
5.274719301551768723e-05 7.297011779539960230e+01 3.752154842248022760e+04 5.425170181191123056e-13
5.545159943218107865e-05 7.650860195017477849e+01 3.750285170894311159e+04 6.608802251633133781e-13
5.829466373087315435e-05 8.021867511277751817e+01 3.748416431184180692e+04 8.050672281694523115e-13
6.128349505322671351e-05 8.410865801782763640e+01 3.746548622653398343e+04 9.807121127164632064e-13
6.442556703436033705e-05 8.818727489096977479e+01 3.744681744837966107e+04 1.194678176399886129e-12
6.772873649085907528e-05 9.246367301505431158e+01 3.742815797274113720e+04 1.455326111158974425e-12
7.120126306690828879e-05 9.694744324514037714e+01 3.740950779498516931e+04 1.772840696064090213e-12
7.485182988770643921e-05 1.016486415182572500e+02 3.739086691047444037e+04 2.159628766034909344e-12
7.868956527180084881e-05 1.065778114063253099e+02 3.737223531457819627e+04 2.630804007060274855e-12
8.272406555663884206e-05 1.117460077626654851e+02 3.735361300267223123e+04 3.204777521218354187e-12
8.696541909440986997e-05 1.171648215151279402e+02 3.733499997013040411e+04 3.903977237735854428e-12
9.142423147818073699e-05 1.228464056615424340e+02 3.731639621232462378e+04 4.755724280967821655e-12
9.611165206140254191e-05 1.288035025258128314e+02 3.729780172463548661e+04 5.793300539247943575e-12
1.010394018371016720e-04 1.350494723356057136e+02 3.727921650244375633e+04 7.057249149696364492e-12
1.062198027464676133e-04 1.415983231858974136e+02 3.726064054113251041e+04 8.596958715239660779e-12
1.116658084901241013e-04 1.484647424555072348e+02 3.724207383608711098e+04 1.047259315688394217e-11
1.173910369191279803e-04 1.556641297470906977e+02 3.722351638269522664e+04 1.275744260993051984e-11
1.234098040866900780e-04 1.632126314244667640e+02 3.720496817634683975e+04 1.554078722505217708e-11
1.297371600457651012e-04 1.711271768247347325e+02 3.718642921243421006e+04 1.893138577682853339e-11
1.363889264820232711e-04 1.794255162264001342e+02 3.716789948635188921e+04 2.306172539659770910e-11
1.433817362763056455e-04 1.881262606586679738e+02 3.714937899349779764e+04 2.809319848730094050e-11
1.507330750954898936e-04 1.972489236411155389e+02 3.713086772926792764e+04 3.422240910748291217e-11
1.584613251157653230e-04 2.068139649475905912e+02 3.711236568906792672e+04 4.168885524549552034e-11
1.665858109876483387e-04 2.168428364920374918e+02 3.709387286829837103e+04 5.078428716754969597e-11
1.751268481576742783e-04 2.273580304397160319e+02 3.707538926236634870e+04 6.186410751575692754e-11
1.841057936675958640e-04 2.383831296512530571e+02 3.705691486668015568e+04 7.536125861320798858e-11
1.935450995581117185e-04 2.499428605729408446e+02 3.703844967665251170e+04 9.180313962051268202e-11
2.034683690106629794e-04 2.620631486916212225e+02 3.701999368768999557e+04 1.118322145790748593e-10
2.139004153676812446e-04 2.747711766791451851e+02 3.700154689521512773e+04 1.362311165975407493e-10
2.248673241788693637e-04 2.880954453557318402e+02 3.698310929464118090e+04 1.659532291233401797e-10
2.363965184286629729e-04 3.020658376101681029e+02 3.696468088138893654e+04 2.021599392584072943e-10
2.485168271079757005e-04 3.167136854193219619e+02 3.694626165088094422e+04 2.462660187864705908e-10
2.612585573016925852e-04 3.320718401176359293e+02 3.692785159853994264e+04 2.999949061688921261e-10
2.746535699721688829e-04 3.481747460742626004e+02 3.690945071979408385e+04 3.654460496448710420e-10
2.887353596282311993e-04 3.650585179427928324e+02 3.689105901007223292e+04 4.451769428573497118e-10
3.035391380788964293e-04 3.827610216570970465e+02 3.687267646480449184e+04 5.423030585346279991e-10
3.191019224812350285e-04 4.013219593548634521e+02 3.685430307942480431e+04 6.606195851213450712e-10
3.354626279025451924e-04 4.207829584191945287e+02 3.683593884936885297e+04 8.047497231993412879e-10
3.526621646282911485e-04 4.411876648380804227e+02 3.681758377007513627e+04 9.803253363590174904e-10
3.707435404591257876e-04 4.625818410910082434e+02 3.679923783698285115e+04 1.194207015426751985e-09
3.897519682527942697e-04 4.850134687824527759e+02 3.678090104553503625e+04 1.454752155025598501e-09
4.097349789798286580e-04 5.085328562521490312e+02 3.676257339117660740e+04 1.772141517520198129e-09
4.307425405757319271e-04 5.331927514037006404e+02 3.674425486935448862e+04 2.158777044783637917e-09
4.528271828868440083e-04 5.590484600044958370e+02 3.672594547551812866e+04 2.629766462221440743e-09
4.760441290223192071e-04 5.861579697222110781e+02 3.670764520511873707e+04 3.203513610882252630e-09
5.004514334406633081e-04 6.145820801762071142e+02 3.668935405361055018e+04 3.902437574794730241e-09
5.261101271161193775e-04 6.443799818668609305e+02 3.667094233760749194e+04 4.753815081589355616e-09
5.530843701478924991e-04 6.756143855588975384e+02 3.665231624439396546e+04 5.790863184395703224e-09
5.814416121938181326e-04 7.083451054210104303e+02 3.663324247356006526e+04 7.053968009084459354e-09
6.112527611296385451e-04 7.426463222749293891e+02 3.661380465476948302e+04 8.592406112368696563e-09
6.425923603556274889e-04 7.785680292346642091e+02 3.659342475409579492e+04 1.046582573428067398e-08
6.755387751939181127e-04 8.162117627239198328e+02 3.657270889737054677e+04 1.274746870721123198e-08
7.101743888426273075e-04 8.556001939610260933e+02 3.655039482477144338e+04 1.552516240434398915e-08
7.465858083767621441e-04 8.968714232506468989e+02 3.652772794706854620e+04 1.890774063476470675e-08
7.848640813110194670e-04 9.400301083854084254e+02 3.650306899026646715e+04 2.302477452867559762e-08
8.251049232659968648e-04 9.852247449433111797e+02 3.647766946206062858e+04 2.803710095751353605e-08
8.674089573071004124e-04 1.032482083882084225e+03 3.645034315307596989e+04 3.413693231176743150e-08
9.118819655546198935e-04 1.081918446029565530e+03 3.642156076921855129e+04 4.156049048019113076e-08
9.586351536941296880e-04 1.133615014271084874e+03 3.639108594511019328e+04 5.059363701763923253e-08
1.007785429048626679e-03 1.187625107910875840e+03 3.635823874208804773e+04 6.158200917765376018e-08
1.059455692907732439e-03 1.244117992681222177e+03 3.632410046465195046e+04 7.495148240295265315e-08
1.113775147844932919e-03 1.303044240218271398e+03 3.628645935186158022e+04 9.120570170502271557e-08
1.170879620791311689e-03 1.364702491926951097e+03 3.624807408212410519e+04 1.109800675892255889e-07
1.230911902673626282e-03 1.428896110420183504e+03 3.620488750615747995e+04 1.350056135032430896e-07
1.294022105466001958e-03 1.496021790546323700e+03 3.616069475350902212e+04 1.642227288186128149e-07
1.360368037548055848e-03 1.565912515622900173e+03 3.611207841702645237e+04 1.997133113257976437e-07
1.430115598308045934e-03 1.638856651950569585e+03 3.606119814407494414e+04 2.428424790855475902e-07
1.503439192977754080e-03 1.714826103868977498e+03 3.600647794387404429e+04 2.952214763626683000e-07
1.580522168736409397e-03 1.793930130382738980e+03 3.594796349486945837e+04 3.588207572122429243e-07
1.661557273174137529e-03 1.876358444587144731e+03 3.588643885771970963e+04 4.360457044373141877e-07
1.746747136261333697e-03 1.961943930276514266e+03 3.581926644293437130e+04 5.297207318116040069e-07
1.836304777029133936e-03 2.051197824887394745e+03 3.575016875908360089e+04 6.434459894300490199e-07
1.930454136227949345e-03 2.143552681834214582e+03 3.567322181506497145e+04 7.812371460871196644e-07
2.029430636295988157e-03 2.239855105096149146e+03 3.559476638063146675e+04 9.484464613844966034e-07
2.133481770037976965e-03 2.339344764496686821e+03 3.550783809392117837e+04 1.150883328967590665e-06
2.242867719486086112e-03 2.442838990972617012e+03 3.541811696544626466e+04 1.396291465214555495e-06
2.357862006490532136e-03 2.549812866943706922e+03 3.532101142891036579e+04 1.693299268433777266e-06
2.478752176666675511e-03 2.660650926965920462e+03 3.521874351542313525e+04 2.052851263267698190e-06
2.605840518408833982e-03 2.775320205416381214e+03 3.511053019153985952e+04 2.487865252802495198e-06
2.739444818768723561e-03 2.893561786607914200e+03 3.499436763032706222e+04 3.013635267416341643e-06
2.879899158088616417e-03 3.016059677954302060e+03 3.487407249040951865e+04 3.649572807698641140e-06
3.027554745376210416e-03 3.141646974667058203e+03 3.474260050794225390e+04 4.416758523510854254e-06
3.182780796510085389e-03 3.271981732145301066e+03 3.460907544663662702e+04 5.344429055418349645e-06
3.345965457471714814e-03 3.404741097524968609e+03 3.446097334563610639e+04 6.461282228158121345e-06
3.517516774912597243e-03 3.542228492253329023e+03 3.431031539473656449e+04 7.810077846600159564e-06
3.697863716483424691e-03 3.682382551543183126e+03 3.414694123832556215e+04 9.433044148352153730e-06
3.887457243476651579e-03 3.826565730049163449e+03 3.397761373999661009e+04 1.138875664366013648e-05
4.086771438464619106e-03 3.973754873707423485e+03 3.379790288881881133e+04 1.374081147554495477e-05
4.296304690752923532e-03 4.123951185024999177e+03 3.360832790711145935e+04 1.656795841232747981e-05
4.516580942613284376e-03 4.277621636705403034e+03 3.341121450957074558e+04 1.996650355994665849e-05
4.748150999412126434e-03 4.432884188708360853e+03 3.319977973128480517e+04 2.403976454451554144e-05
4.991593906910903912e-03 4.592257240034730785e+03 3.298420677407686890e+04 2.893438155807466397e-05
5.247518399182111472e-03 4.751334957054557890e+03 3.274927541394835862e+04 3.478146071810750184e-05
5.516564420761540903e-03 4.914628844821248094e+03 3.251173639442432250e+04 4.179911306014179214e-05
5.799404726842954938e-03 5.076666468852518847e+03 3.225410898884430208e+04 5.016480694458830774e-05
6.096746565516493986e-03 5.241614111765644338e+03 3.199110097982070874e+04 6.017688883352587895e-05
6.409333446257287764e-03 5.405558688123715001e+03 3.171158055609365329e+04 7.210235419008497121e-05
6.737946999086424568e-03 5.569992536882812601e+03 3.142142179341170049e+04 8.631924710290139822e-05
7.083408929053131541e-03 5.733927070237858061e+03 3.111899331420461749e+04 1.032403260726528544e-04
7.446583070925409317e-03 5.895217873404981219e+03 3.079997173109185314e+04 1.233221919083546142e-04
7.828377549226901017e-03 6.056851210942305443e+03 3.047367077262343446e+04 1.472083525533561554e-04
8.229747049021221908e-03 6.211868183569677058e+03 3.012405038138238160e+04 1.754090316078145515e-04
8.651695203121895217e-03 6.368354520648230391e+03 2.977260232641635957e+04 2.089301538265936819e-04
9.095277101697147801e-03 6.513580481981918638e+03 2.939097566705345889e+04 2.482777767624454158e-04
9.561601930544914862e-03 6.658803593817166075e+03 2.900702203806884063e+04 2.948889109994164604e-04
1.005183574463506743e-02 6.793020260758652512e+03 2.859811631071267402e+04 3.495178165006084794e-04
1.056720438385422289e-02 6.922535166004664461e+03 2.817990270953294385e+04 4.138240736741741568e-04
1.110899653824396448e-02 7.041892029992323842e+03 2.774294212920665814e+04 4.890847429909343834e-04
1.167856697039719623e-02 7.150718032041987499e+03 2.728874684845697993e+04 5.770169605327924844e-04
1.227733990307029038e-02 7.251017880372959553e+03 2.682311334690866352e+04 6.798014301176545518e-04
1.290681258048182248e-02 7.333717699128288587e+03 2.633132550938177155e+04 7.988246513328866672e-04
1.356855901220299469e-02 7.410528275728063818e+03 2.583664648537891117e+04 9.378224203186710838e-04
1.426423390900143431e-02 7.461368087441796888e+03 2.530589618989776864e+04 1.097069345264481280e-03
1.499557682048000690e-02 7.506911473234061305e+03 2.477673452772355085e+04 1.282392830572680548e-03
1.576441648485692182e-02 7.523428629932518561e+03 2.421153107644109332e+04 1.493206131889452878e-03
1.657267540176381518e-02 7.534717391572010456e+03 2.365095958741759023e+04 1.737461136953744826e-03
1.742237463949622076e-02 7.532673915218782895e+03 2.308292267979604367e+04 2.018094372312564683e-03
1.831563888873704443e-02 7.506439851834380534e+03 2.249231455460450161e+04 2.336525284746316256e-03
1.925470177538994923e-02 7.452625323468386341e+03 2.187624199091751871e+04 2.695193411115958792e-03
2.024191144580758314e-02 7.372164271446643397e+03 2.123814138976147660e+04 3.097560692708984428e-03
2.127973643838054069e-02 7.277994125394704497e+03 2.059803477564186687e+04 3.552881263153351895e-03
2.237077185616915750e-02 7.135056813295384018e+03 1.990763114317745567e+04 4.046789372606214401e-03
2.351774585601286785e-02 6.984498291153217906e+03 1.922602072782089817e+04 4.602486814333340594e-03
2.472352647034336062e-02 6.806693293190171971e+03 1.852639077506481772e+04 5.211199406220433719e-03
2.599112877875953478e-02 6.626247668994877131e+03 1.784257342026926199e+04 5.894043633012483428e-03
2.732372244729698585e-02 6.421304267310967589e+03 1.714494971492065451e+04 6.636102774838093486e-03
2.872463965424410307e-02 6.205982487173097070e+03 1.645245815640012734e+04 7.451514868759557576e-03
3.019738342232343442e-02 5.970913370570357984e+03 1.575240387397733321e+04 8.329500703309435095e-03
3.174563637807315680e-02 5.727165486194182449e+03 1.505903872100955596e+04 9.282438990245353225e-03
3.337326996033158216e-02 5.479917224878702655e+03 1.437855735071462550e+04 1.031906960673089658e-02
3.508435410085083278e-02 5.255838664173869802e+03 1.374517452079106442e+04 1.149880585019762147e-02
3.688316740124613496e-02 5.045196628021841207e+03 1.314526134823299981e+04 1.282427980062045281e-02
3.877420783172848273e-02 4.805965188543675140e+03 1.252337593848346478e+04 1.419317903651906056e-02
4.076220397837305304e-02 4.573266611286120678e+03 1.192464060140023503e+04 1.569169120822036523e-02
4.285212686704739649e-02 4.337258433278215307e+03 1.133549838358103989e+04 1.729030702327794336e-02
4.504920239356542677e-02 4.123761599018127527e+03 1.078898713490894625e+04 1.909963761810017438e-02
4.735892439114896407e-02 3.945783768127582789e+03 1.030152384260280269e+04 2.123288616738497683e-02
4.978706836787243073e-02 3.784633592019619755e+03 9.847991881074905905e+03 2.366158111057088329e-02
5.233970594844135349e-02 3.640195720800967138e+03 9.427554685997001798e+03 2.644166684009311222e-02
5.502322005641668845e-02 3.519294260021907576e+03 9.048267144154073321e+03 2.970050594659427723e-02
5.784432087484844831e-02 3.411972935933395092e+03 8.696436767252642312e+03 3.345476752351921046e-02
6.081006262522850592e-02 3.300302684464599224e+03 8.348652256359546300e+03 3.759675684439273829e-02
6.392786120671870020e-02 3.190418974968222756e+03 8.012430515042831757e+03 4.222683223739432529e-02
6.720551273976151097e-02 3.052115678966727046e+03 7.649654884515805861e+03 4.693382454157866285e-02
7.065121306044198912e-02 2.913603538989555091e+03 7.295541063504933845e+03 5.205465635561501436e-02
7.427357821434696361e-02 2.756588906490851969e+03 6.926745180569145305e+03 5.721966412011782188e-02
7.808166600116696332e-02 2.586239460059610792e+03 6.549053028165993055e+03 6.237150250276826680e-02
8.208499862391337165e-02 2.392543281540587031e+03 6.148582044348821000e+03 6.703806151424643311e-02
8.629358649938589920e-02 2.194582542814799581e+03 5.748068857117586958e+03 7.144267991266016471e-02
9.071795328942874881e-02 1.999335986111188504e+03 5.355374227654199785e+03 7.561984314404002205e-02
9.536916221556676621e-02 1.825398637469444338e+03 4.994899158117552361e+03 8.021431581508388364e-02
1.002588437228218304e-01 1.667875534943949333e+03 4.660479626127123993e+03 8.515339588476247834e-02
1.053992245618834284e-01 1.554302976979675122e+03 4.391547301243658694e+03 9.219729617940272681e-02
1.108031583623540345e-01 1.454110296872172285e+03 4.146191254716074582e+03 1.002129918559311883e-01
1.164841577735182265e-01 1.386737427586825106e+03 3.952289111295870043e+03 1.110363271640601862e-01
1.224564282530043596e-01 1.320136224838055568e+03 3.764106410637691624e+03 1.228100112975547969e-01
1.287349035878279091e-01 1.251081281384034128e+03 3.576812809650817144e+03 1.352211800087508298e-01
1.353352832366376823e-01 1.165956570316732041e+03 3.370509588878396698e+03 1.464150572364200376e-01
1.422740715865399574e-01 1.065873794368572590e+03 3.145634093786898575e+03 1.555082107796170454e-01
1.495686192226629019e-01 9.597884490851826058e+02 2.913694413341101153e+03 1.626923869798813371e-01
1.572371663136570008e-01 8.571607500489305949e+02 2.687746535810987552e+03 1.688099963882658816e-01
1.652988882216175348e-01 7.836669353692815321e+02 2.508556373997903393e+03 1.793129188266091856e-01
1.737739434504778357e-01 7.201573207844907074e+02 2.347322298676254832e+03 1.914483416734923948e-01
1.826835240527691917e-01 6.793189237323589396e+02 2.225342292822443142e+03 2.098176961733264900e-01
1.920499086207905493e-01 6.367397594808192025e+02 2.103012629413439299e+03 2.284938643180914608e-01
2.018965179946938526e-01 5.810891018506099499e+02 1.961025280533622663e+03 2.422699090476032879e-01
2.122479738267836202e-01 5.261265255541118222e+02 1.821410589100871221e+03 2.548538015310914950e-01
2.231301601484726449e-01 4.700958160800784640e+02 1.680571065285095074e+03 2.645644435810607376e-01
2.345702880938428103e-01 4.283015992039083244e+02 1.565811462074426117e+03 2.800521806242654010e-01
2.465969639416541459e-01 3.963552526323156826e+02 1.470306441039407673e+03 3.011050594082150256e-01
2.592402606459418002e-01 3.625631716022080013e+02 1.372645293545042932e+03 3.200083381985964204e-01
2.725317930340656614e-01 3.302857784907450878e+02 1.278828627365574903e+03 3.386972369066892363e-01
2.865047968602461026e-01 2.973078569884797275e+02 1.184326744748108013e+03 3.542193961128837776e-01
3.011942119122611450e-01 2.678222255609394438e+02 1.097217136089708220e+03 3.707291528138596526e-01
3.166367693791155569e-01 2.451421626196216437e+02 1.024658652761849225e+03 3.942505514507421704e-01
3.328710836981453314e-01 2.232000528537337232e+02 9.543733042368953647e+02 4.170544521757180156e-01
3.499377491112247163e-01 2.005179026968168330e+02 8.829754806598326695e+02 4.353071438473010701e-01
3.678794411715154977e-01 1.810118440920224430e+02 8.188917473797737330e+02 4.565557387595657879e-01
3.867410234545784475e-01 1.643137132710602089e+02 7.615717643581776883e+02 4.815094287641371595e-01
4.065696597406806001e-01 1.482669002537666643e+02 7.061500005871714620e+02 5.048000228253269883e-01
4.274149319488126375e-01 1.333506366767974498e+02 6.536922520117601607e+02 5.274902342030979296e-01
4.493289641173122684e-01 1.202063989701431836e+02 6.058156875443286253e+02 5.524475978826925981e-01
4.723665527411103904e-01 1.084056104805493561e+02 5.615695257199993193e+02 5.788411986174047952e-01
4.965853037915104462e-01 9.750675245295684590e+01 5.198714041360747160e+02 6.049041152361761542e-01
5.220457767611225153e-01 8.767502007464871383e+01 4.811909505814407453e+02 6.319342486047571095e-01
5.488116360941387439e-01 7.872641645910414354e+01 4.450826722046917325e+02 6.592659941330151208e-01
5.769498103806052214e-01 7.066802900322950620e+01 4.116165851839004972e+02 6.875548381143524734e-01
6.065306597127584354e-01 6.339973069723333765e+01 3.805625194072501927e+02 7.166645940889145860e-01
6.376281516219051149e-01 5.683927561730304490e+01 3.517284556013238443e+02 7.464852706931225379e-01
6.703200460357783275e-01 5.092922638176340655e+01 3.249882867660633678e+02 7.771126166753856701e-01
7.046880897188601001e-01 4.559347418371055483e+01 3.001486835225736627e+02 8.082835482369580271e-01
7.408182206818726412e-01 4.080392662862848852e+01 2.771641207252566801e+02 8.404409078271247724e-01
7.788007830715680813e-01 3.647866991952377447e+01 2.558034861539136955e+02 8.729480361224875029e-01
8.187307530781540166e-01 3.260524901449412027e+01 2.360650280250580693e+02 9.065277254138920382e-01
8.607079764252394405e-01 2.911454165371332792e+01 2.177427993504900599e+02 9.404759616269461331e-01
9.048374180361511421e-01 2.599016900047507406e+01 2.008141475099515390e+02 9.754185665251261517e-01
9.512294245009160765e-01 2.318439397618775288e+01 1.851350122642515998e+02 1.010931746245880003e+00
1.000000000000213163e+00 2.067185697915509124e+01 1.706402040553259383e+02 1.047248508607226958e+00
1.051271096376248826e+00 1.842169283541521807e+01 1.572379290450581379e+02 1.084286293321901518e+00
1.105170918075884856e+00 1.640620090809253639e+01 1.448429930551949951e+02 1.121932242401732394e+00
1.161834242728533306e+00 1.460622717541808946e+01 1.334023358981897900e+02 1.160488461965722529e+00
1.221402758160433644e+00 1.299423807223278082e+01 1.228204683851821812e+02 1.199493137007976884e+00
1.284025416688019838e+00 1.155829818743816517e+01 1.130689131688457536e+02 1.239609839485359188e+00
1.349858807576296504e+00 1.027193692434079075e+01 1.040455171897158948e+02 1.279934179223253476e+00
1.419067548593566874e+00 9.127284833584216273e+00 9.573460155991179477e+01 1.321359734880107606e+00
1.491824697641596753e+00 8.104750881999102319e+00 8.805801641351003184e+01 1.363211708614014528e+00
1.568312185490513100e+00 7.194610245445730357e+00 8.098482162967079034e+01 1.405966851171433829e+00
1.648721270700491237e+00 6.383462689474111329e+00 7.446103818467123858e+01 1.449333418226376402e+00
1.733253017867778301e+00 5.661305504901757324e+00 6.844790367211142268e+01 1.493388304210630180e+00
1.822118800390913007e+00 5.019100321463622727e+00 6.290942634582013682e+01 1.538247446374111815e+00
1.915540829014322100e+00 4.447368483726577892e+00 5.780365159872475544e+01 1.583607729223871052e+00
2.013752707470925607e+00 3.940013752792632218e+00 5.310721381534100516e+01 1.629995512263297197e+00
2.117000016613148627e+00 3.488200784399347665e+00 4.877601518121966251e+01 1.676618749933328267e+00
2.225540928492967474e+00 3.087806657079839923e+00 4.479520825305674947e+01 1.724356723283479997e+00
2.339646851926517890e+00 2.731717571874506589e+00 4.112683979632104325e+01 1.772380585187547597e+00
2.459603111157505406e+00 2.416237798031416251e+00 3.775532465719405195e+01 1.821398748984356608e+00
2.585709659316432152e+00 2.136171742332842349e+00 3.465192661575949984e+01 1.870878991430722227e+00
2.718281828459663263e+00 1.888016433830989271e+00 3.179897483932187185e+01 1.921142036307842194e+00
2.857651118063815776e+00 1.668127443769053420e+00 2.917600189813155964e+01 1.972091695629032637e+00
3.004166023947120401e+00 1.473262875355410229e+00 2.676407377845916713e+01 2.023588927755809230e+00
3.158192909690492378e+00 1.300879255862670059e+00 2.454887083646246637e+01 2.075980213628999316e+00
3.320116922737311960e+00 1.148106614936547976e+00 2.251153281295705000e+01 2.128690946071583046e+00
3.490342957462647444e+00 1.013167255863838045e+00 2.064217526953714099e+01 2.182507333406373817e+00
3.669296667620093988e+00 8.935918135670711804e-01 1.892280047389180098e+01 2.236443442759658229e+00
3.857425530697870641e+00 7.880456771938764149e-01 1.734572456181681943e+01 2.291470664296541671e+00
4.055199966845619564e+00 6.946575114640907156e-01 1.589655618165109985e+01 2.346809400206504748e+00
4.263114515169814212e+00 6.122160423958667996e-01 1.456702833085672211e+01 2.403012117578688045e+00
4.481689070339116121e+00 5.393810173201069036e-01 1.334649942268051248e+01 2.459750658891056929e+00
4.711470182591849465e+00 4.750785400766274758e-01 1.222652894900216047e+01 2.517126332665446053e+00
4.953032424396282885e+00 4.183485228939011202e-01 1.119929087952258406e+01 2.575265513155174713e+00
5.206979827181080545e+00 3.682590212155027465e-01 1.025649642399086936e+01 2.633791179520609482e+00
5.473947391728498424e+00 3.241249138826544085e-01 9.392462586114273648e+00 2.693298759402114051e+00
5.754602676007100293e+00 2.851559435370690232e-01 8.599345764421682858e+00 2.752952493349172691e+00
6.049647464414390718e+00 2.508509271330516821e-01 7.872868248321601037e+00 2.813689511807392574e+00
6.359819522603354258e+00 2.205819505486381893e-01 7.206278556901717813e+00 2.874581367711051438e+00
6.685894442280875261e+00 1.939413232235638052e-01 6.595719340564611954e+00 2.936426672055020948e+00
7.028687580590986528e+00 1.704645849802916280e-01 6.035941247681601673e+00 2.998659427155241808e+00
7.389056098932435646e+00 1.498297229776377471e-01 5.523671469978799209e+00 3.062211103597589190e+00
7.767901106308653603e+00 1.316927260295808755e-01 5.054877981122988473e+00 3.127109653760270280e+00
8.166169912569634093e+00 1.157512257543894668e-01 4.625870952484452125e+00 3.193383622426344548e+00
8.584858397179985445e+00 1.017394556828764424e-01 4.233273710849402960e+00 3.261062159338863786e+00
9.025013499436326470e+00 8.942382057025761999e-02 3.873996160948649514e+00 3.330175032021873260e+00
9.487735836360851494e+00 7.859900204604308716e-02 3.545210463613902352e+00 3.400752638873453471e+00
9.974182454817173138e+00 6.908453567782887883e-02 3.244328778126509327e+00 3.472826022535774992e+00
1.048556972473016025e+01 6.072180238402449109e-02 2.968982893571407988e+00 3.546426883549299358e+00
1.102317638064432792e+01 5.337138403823322302e-02 2.717005588875554878e+00 3.621587594295135659e+00
1.158834671922626214e+01 4.691073917967346352e-02 2.486413574818919781e+00 3.698341213234384917e+00
1.218249396070650370e+01 4.123216008051840825e-02 2.275391883754726674e+00 3.776721499447668329e+00
1.280710378266622662e+01 3.624097711174475989e-02 2.082279584173382325e+00 3.856762927484629788e+00
1.346373803500505772e+01 3.185398047177576825e-02 1.905556707669347594e+00 3.938500702525906672e+00
1.415403864537935341e+01 2.799803296604398695e-02 1.743832285415758188e+00 4.021970775868730641e+00
1.487973172487657614e+01 2.460885071058140777e-02 1.595833399981952061e+00 4.107209860739162721e+00
1.564263188419211659e+01 2.162993143233108220e-02 1.460395166322297600e+00 4.194255448439739631e+00
1.644464677110120832e+01 1.901161249948822227e-02 1.336451563077713178e+00 4.283145824839818872e+00
1.728778184057202338e+01 1.671024297795264957e-02 1.223027042023713040e+00 4.373920087215426911e+00
1.817414536944768244e+01 1.468745591094603072e-02 1.119228849623722155e+00 4.466618161445069290e+00
1.910595372823652127e+01 1.290952868971432209e-02 1.024240000251551930e+00 4.561280819570606937e+00
2.008553692319280515e+01 1.134682085182295470e-02 9.373128457758879151e-01 4.657949697730843219e+00
2.111534442254602695e+01 9.973279934375125708e-03 8.577631908934760796e-01 4.756667314474610997e+00
2.219795128144734164e+01 8.766007144056769257e-03 7.849649078933976787e-01 4.857477089461513131e+00
2.333606458094873304e+01 7.704875603139514813e-03 7.183450084658445922e-01 4.960423362559176930e+00
2.453253019711569394e+01 6.772194807085742466e-03 6.573791337661775147e-01 5.065551413347371579e+00
2.579033991719975205e+01 5.952415699798302602e-03 6.015874272365372422e-01 5.172907481031617571e+00
2.711263892066493852e+01 5.231871449730520970e-03 5.505307577009319608e-01 5.282538784781607433e+00
2.850273364377471097e+01 4.598549605235160986e-03 5.038072630058143542e-01 5.394493544499766813e+00
2.996410004740484823e+01 4.041891830675515065e-03 4.610491870016565352e-01 5.508821002031738523e+00
3.150039230875619012e+01 3.552617884622145169e-03 4.219199849693893722e-01 5.625571442821764911e+00
3.311545195870102276e+01 3.122570905621633534e-03 3.861116747092976920e-01 5.744796218032828250e+00
3.481331748761120082e+01 2.744581426232474940e-03 3.533424124425837975e-01 5.866547767131740088e+00
3.659823444368765877e+01 2.412347848261496650e-03 3.233542744459743101e-01 5.990879640953314045e+00
3.847466604904231957e+01 2.120331386560442982e-03 2.959112269588344279e-01 6.117846525254569734e+00
4.044730436007814234e+01 1.863663729952260524e-03 2.707972683840703110e-01 6.247504264768299898e+00
4.252108200007410943e+01 1.638065879868896672e-03 2.478147291602346425e-01 6.379909887764989129e+00
4.470118449331276622e+01 1.439776813631093956e-03 2.267827159233312684e-01 6.515121631134836555e+00
4.699306323159186860e+01 1.265490783090860577e-03 2.075356877125247856e-01 6.653198966004691073e+00
4.940244910554343960e+01 1.112302203317982801e-03 1.899221530130758562e-01 6.794202623894543436e+00
5.193536683484541783e+01 9.776572125512416299e-04 1.738034773811255873e-01 6.938194623427966334e+00
5.459815003315897997e+01 8.593110958536690500e-04 1.590527922653354742e-01 7.085238297614854019e+00
5.739745704546173499e+01 7.552908626636313256e-04 1.455539964365855088e-01 7.235398321700542645e+00
6.034028759737834946e+01 6.638623543624276200e-04 1.332008421664087061e-01 7.388740741619154839e+00
6.343400029814058882e+01 5.835013334934523047e-04 1.218960989612608153e-01 7.545333003039773168e+00
6.668633104094334385e+01 5.128680726527858969e-04 1.115507882706148618e-01 7.705243981030364786e+00
7.010541234670704114e+01 4.507850194134384553e-04 1.020834831453538427e-01 7.868544010356180785e+00
7.369979369961600923e+01 3.962171649260489781e-04 9.341966733401284306e-02 8.035304916410019871e+00
7.747846292528217305e+01 3.482547889153468309e-04 8.549114877252876610e-02 8.205600046806745596e+00
8.145086866499057976e+01 3.060982934071584689e-04 7.823552285104369564e-02 8.379504303645589403e+00
8.562694400222423496e+01 2.690448723435482216e-04 7.159568123317207322e-02 8.557094176449400180e+00
9.001713130054676526e+01 2.364767948512440452e-04 6.551936236179636830e-02 8.738447775815552987e+00
9.463240831495036787e+01 2.078511068284307037e-04 5.995874011332887055e-02 8.923644867765631261e+00
9.948431564196151555e+01 1.826905791622291080e-04 5.487004736288223633e-02 9.112766908830520762e+00
1.045849855771433994e+02 1.605757516710288734e-04 5.021323149743191216e-02 9.305897081880297961e+00
1.099471724521542768e+02 1.411379401333124272e-04 4.595163916553229866e-02 9.503120332710427220e+00
1.155842845272200918e+02 1.240530898206982692e-04 4.205172778229090275e-02 9.704523407400182933e+00
1.215104175187690743e+02 1.090363730654299930e-04 3.848280151891317336e-02 9.910194890473080775e+00
1.277403898460648861e+02 9.583744079608829400e-05 3.521676969876327140e-02 1.012022524385504774e+01
1.342897796849734675e+02 8.423624887846999532e-05 3.222792569834876525e-02 1.033470684666715833e+01
1.411749639215168770e+02 7.403938968082687301e-05 2.949274461293660901e-02 1.055373403584959568e+01
1.484131591026187778e+02 6.507686770595314874e-05 2.698969809429953987e-02 1.077740314766469076e+01
1.560224644864394463e+02 5.719926553519192382e-05 2.469908490313346347e-02 1.100581256005812314e+01
1.640219072999485945e+02 5.027525283714375453e-05 2.260287584250938661e-02 1.123906273594374916e+01
1.724314903169036768e+02 4.418939691251127394e-05 2.068457185177253674e-02 1.147725626737475935e+01
1.812722418752032070e+02 3.884023827421413514e-05 1.892907414402678415e-02 1.172049792067492291e+01
1.905662684586848457e+02 3.413859917990754421e-05 1.732256536503554850e-02 1.196889468252651945e+01
2.003368099748494728e+02 3.000609691779664750e-05 1.585240083813707970e-02 1.222255580701150990e+01
2.106082978667353416e+02 2.637383706036535409e-05 1.450700903921368391e-02 1.248159286367305043e+01
2.214064162042512862e+02 2.318126490067783349e-05 1.327580051833859853e-02 1.274611978659646283e+01
2.327581659077297047e+02 2.037515592309622258e-05 1.214908455121858737e-02 1.301625292450214921e+01
2.446919322642916654e+02 1.790872847833206859e-05 1.111799286444370254e-02 1.329211109194115004e+01
2.572375559058498879e+02 1.574086386976327880e-05 1.017440983414916525e-02 1.357381562154015775e+01
2.704264074262317763e+02 1.383542084889927365e-05 9.310908608719007176e-03 1.386149041736906540e+01
2.842914658240042627e+02 1.216063309167253988e-05 8.520692652751531496e-03 1.415526200944612789e+01
2.988674009671481713e+02 1.068857961064941505e-05 7.797542252178399878e-03 1.445525960938644339e+01
3.141906602857868620e+02 9.394719274230149288e-06 7.135765559490008653e-03 1.476161516722859268e+01
3.302995599097462787e+02 8.257481672649417341e-06 6.530153793751930849e-03 1.507446342948129292e+01
3.472343804788374655e+02 7.257907509932305900e-06 5.975940242787406396e-03 1.539394199838302590e+01
3.650374678654371792e+02 6.379332526672897049e-06 5.468762744843352203e-03 1.572019139242834740e+01
3.837533390612260860e+02 5.607109684185255468e-06 5.004629354431923936e-03 1.605335510816586009e+01
4.034287934928555046e+02 4.928364978472867914e-06 4.579886922112316218e-03 1.639357968332559423e+01
4.241130300448911044e+02 4.331782813085322464e-06 4.191192340899406628e-03 1.674101476125958854e+01
4.458577700826506316e+02 3.807417352752856872e-06 3.835486232989807932e-03 1.709581315676339131e+01
4.687173867825576963e+02 3.346526712801295260e-06 3.509968869693404995e-03 1.745813092329978744e+01
4.927490410934046849e+02 2.941427220054868223e-06 3.212078135036194187e-03 1.782812742163146424e+01
5.180128246684984106e+02 2.585365315561565395e-06 2.939469359589238270e-03 1.820596538989308755e+01
5.445719101260938260e+02 2.272404963596159943e-06 2.689996865803856180e-03 1.859181101520823276e+01
5.724927090138447738e+02 1.997328689874525639e-06 2.461697079586691941e-03 1.898583400675823185e+01
6.018450378722650385e+02 1.755550599168418972e-06 2.252773075196022601e-03 1.938820767041973880e+01
6.327022928124463306e+02 1.543039922204576311e-06 2.061580431813527566e-03 1.979910898502324557e+01
6.651416330445650829e+02 1.356253817261206869e-06 1.886614290463709291e-03 2.021871868016693341e+01
6.992441738160994191e+02 1.192078306183792028e-06 1.726497509413607665e-03 2.064722131571481967e+01
7.350951892421985576e+02 1.047776360138350292e-06 1.579969824822224271e-03 2.108480536297219743e+01
7.727843255353874383e+02 9.209422696227110531e-07 1.445877931325115912e-03 2.153166328759730774e+01
8.124058251677936369e+02 8.094615380194594876e-07 1.323166404477668342e-03 2.198799163423801062e+01
8.540587625264155349e+02 7.114756300642354770e-07 1.210869393610233867e-03 2.245399111296923067e+01
8.978472916506958654e+02 6.253509875390660133e-07 1.108103019711187149e-03 2.292986668760994817e+01
9.438809066718714575e+02 5.496517956361562086e-07 1.014058418498962454e-03 2.341582766584408049e+01
9.922747156053346771e+02 4.831160459741675642e-07 9.279953739286804807e-04 2.391208779127066464e+01
1.043149728180628472e+03 4.246344972049665335e-07 8.492364920236699201e-04 2.441886533746625787e+01
1.096633158428801380e+03 3.732321824520329379e-07 7.771618691712750548e-04 2.493638320393993268e+01
1.152858742783748994e+03 3.280521552883927600e-07 7.112042129213184917e-04 2.546486901418780135e+01
1.211967074492957408e+03 2.883412032754979652e-07 6.508443768817468713e-04 2.600455521582149743e+01
1.274105955173854682e+03 2.534372908883415146e-07 5.956072745669698052e-04 2.655567918279970741e+01
1.339430764394840480e+03 2.227585224836729152e-07 5.450581400375660275e-04 2.711848331982406179e+01
1.408104848205140797e+03 1.957934413091994479e-07 4.987991058994469462e-04 2.769321516897625557e+01
1.480299927585014302e+03 1.720925028245022394e-07 4.564660717276036099e-04 2.828012751858727469e+01
1.556196527837648091e+03 1.512605801827046416e-07 4.177258382664814323e-04 2.887947851441291292e+01
1.635984429996447261e+03 1.329503769292087983e-07 3.822734848507306133e-04 2.949153177319560726e+01
1.719863145376471039e+03 1.168566370978372740e-07 3.498299694037566095e-04 3.011655649859936545e+01
1.808042414456641382e+03 1.027110561791654714e-07 3.201399321243204843e-04 3.075482759962285684e+01
1.900742731340188357e+03 9.027780811975608679e-08 2.929696855739371045e-04 3.140662581150036203e+01
1.998195895104759757e+03 7.934961378149817178e-08 2.681053753455401125e-04 3.207223781919625338e+01
2.100645589420852957e+03 6.974428531674226032e-08 2.453512968359334266e-04 3.275195638350493965e+01
2.208347991887921125e+03 6.130168884926283601e-08 2.245283548734796849e-04 3.344608046978388671e+01
2.321572414611807289e+03 5.388107482507406308e-08 2.054726540773417953e-04 3.415491537949485235e+01
2.440601977625289692e+03 4.735873152603152562e-08 1.880342088524734922e-04 3.487877288443665691e+01
2.565734316835632853e+03 4.162592262749371352e-08 1.720757628675345457e-04 3.561797136392455343e+01
2.697282328269386653e+03 3.658707441599617672e-08 1.574717087233591173e-04 3.637283594479428217e+01
2.835574950475434889e+03 3.215818244559904702e-08 1.441070993091621657e-04 3.714369864440367763e+01
2.980957987042702825e+03 2.826541106966823224e-08 1.318767430649119379e-04 3.793089851670067247e+01
3.133794971289250043e+03 2.484386250028377737e-08 1.206843760285517735e-04 3.873478180130937432e+01
3.294468075284922634e+03 2.183649487394391829e-08 1.104419041515801659e-04 3.955570207580935715e+01
3.463379065480592999e+03 1.919317128625017560e-08 1.010687099193677193e-04 4.039402041134006538e+01
3.640950307333554974e+03 1.686982394151618498e-08 9.249101781823983669e-05 4.125010553128959856e+01
3.827625821441170956e+03 1.482771948279501590e-08 8.464131365561884375e-05 4.212433397357104781e+01
4.023872393823642142e+03 1.303281325416713161e-08 7.745781316222071888e-05 4.301709025619239668e+01
4.230180743132199495e+03 1.145518173007790572e-08 7.088397569401251434e-05 4.392876704640175944e+01
4.447066747701334862e+03 1.006852364949629355e-08 6.486805920618067837e-05 4.485976533334584104e+01
4.675072735513344924e+03 8.849721538184603000e-09 5.936271299653517674e-05 4.581049460454073596e+01
4.914768840300775992e+03 7.778456308968853132e-09 5.432460501259522265e-05 4.678137302589000512e+01
5.166754427177720572e+03 6.836868514953861819e-09 4.971408078917150073e-05 4.777282762561659268e+01
5.431659591364801599e+03 6.009260608286944951e-09 4.549485133190113564e-05 4.878529448213998876e+01
5.710146733755425885e+03 5.281835240699045708e-09 4.163370749002397598e-05 4.981921891583640161e+01
6.002912217263044113e+03 4.642465242965970122e-09 3.810025857035022139e-05 5.087505568493031660e+01
6.310688108091153481e+03 4.080491448514950534e-09 3.486669313500477009e-05 5.195326918545565320e+01
6.634244006280128815e+03 3.586544990645926731e-09 3.190756010030805718e-05 5.305433365562962678e+01
6.974388970108182548e+03 3.152391110784394996e-09 2.919956841369514004e-05 5.417873338433722097e+01
7.331973539158482708e+03 2.770791873869811012e-09 2.672140373208085868e-05 5.532696292414861006e+01
7.707891861111141225e+03 2.435385502147503162e-09 2.445356065872432262e-05 5.649952730890260000e+01
8.103083927578147268e+03 2.140580315687145058e-09 2.237818921810856671e-05 5.769694227580431800e+01
8.518537924572025076e+03 1.881461511479291075e-09 2.047895436048458032e-05 5.891973449221127623e+01
8.955292703485578386e+03 1.653709226996415123e-09 1.874090739028549872e-05 6.016844178741278881e+01
9.414440378761499232e+03 1.453526522210327773e-09 1.715036830635071924e-05 6.144361338905640935e+01
9.897129058747319505e+03 1.277576079445743452e-09 1.569481812796214839e-05 6.274581016479780970e+01
1.040456571656430970e+04 1.122924565758566242e-09 1.436280035913673068e-05 6.407560486892165841e+01
1.093801920816896018e+04 9.869937302922881889e-10 1.314383081565704083e-05 6.543358239435906398e+01
1.149882344515380282e+04 8.675174213309617331e-10 1.202831510504819506e-05 6.682034002983019150e+01
1.208838073022117533e+04 7.625038064726908523e-10 1.100747311004412040e-05 6.823648772264118634e+01
1.270816526367042752e+04 6.702021660767681443e-10 1.007326988112346107e-05 6.968264834694815590e+01
1.335972682966652428e+04 5.890737063883532535e-10 9.218352394190302480e-06 7.115945797770629611e+01
1.404469467150771925e+04 5.177659057557309425e-10 8.435991675625219342e-06 7.266756617042197774e+01
1.476478156558243427e+04 4.550899662567096825e-10 7.720029839178303951e-06 7.420763624683313253e+01
1.552178810420236550e+04 4.000009948227222709e-10 7.064831617842143366e-06 7.578034558676311860e+01
1.631760719802116000e+04 3.515805834507029758e-10 6.465240009197056420e-06 7.738638592590544363e+01
1.715422880929701932e+04 3.090214980948932373e-10 5.916535685148309305e-06 7.902646366026367275e+01
1.803374492783486858e+04 2.716142209775981201e-10 5.414399846538849182e-06 8.070130015667746193e+01
1.895835480205053682e+04 2.387351219642747505e-10 4.954880230299002051e-06 8.241163207019297943e+01
1.993037043823734348e+04 2.098360618018736843e-10 4.534360001562790935e-06 8.415821166809276122e+01
2.095222238178608313e+04 1.844352538923398313e-10 4.149529285903066792e-06 8.594180716061747205e+01
2.202646579481454319e+04 1.621092322559996743e-10 3.797359117633089879e-06 8.776320303906111064e+01
2.315578684540369068e+04 1.424857917780818571e-10 3.475077599105608212e-06 8.962320042076747484e+01
2.434300942441707230e+04 1.252377830434813354e-10 3.180148083368883576e-06 9.152261740132962586e+01
2.559110220669883711e+04 1.100776583118850909e-10 2.910249208465930685e-06 9.346228941461890827e+01
2.690318607430719567e+04 9.675267770606599326e-11 2.663256626214831673e-06 9.544306960013922492e+01
2.828254192034512744e+04 8.504069569478895164e-11 2.437226281668465355e-06 9.746582917831044313e+01
2.973261885290210193e+04 7.474645762490008563e-11 2.230379111643168206e-06 9.953145783357756216e+01
3.125704281962085952e+04 6.569834456107409284e-11 2.041087041884399522e-06 1.016408641058325344e+02
3.285962567445517197e+04 5.774551216497660584e-11 1.867860172650266651e-06 1.037949757900545222e+02
3.454437470929026313e+04 5.075537591506398386e-11 1.709335051851398210e-06 1.059947403441779130e+02
3.631550267425979837e+04 4.461140074261719730e-11 1.564263943452526044e-06 1.082411253060494261e+02
3.817743831181556016e+04 3.921115823373730695e-11 1.431505006660550095e-06 1.105351187188740454e+02
4.013483743089039490e+04 3.446461900853841076e-11 1.310013308605451684e-06 1.128777295658387629e+02
4.219259454884566367e+04 3.029265180902446819e-11 1.198832599773055048e-06 1.152699882137750507e+02
4.435585513031406299e+04 2.662570427358772035e-11 1.097087787458351026e-06 1.177129468666346099e+02
4.663002845354139572e+04 2.340264340453647060e-11 1.003978047992664729e-06 1.202076800279231321e+02
4.902080113639969204e+04 2.056973639804097408e-11 9.187705235388258271e-07 1.227552849735969005e+02
5.153415135589398415e+04 1.807975484525279709e-11 8.407945538366746862e-07 1.253568822345513070e+02
5.417636379671867326e+04 1.589118737056704616e-11 7.694363975005548542e-07 1.280136160894987825e+02
5.695404536624281900e+04 1.396754758058996865e-11 7.041344013196769272e-07 1.307266550682676893e+02
5.987414171521994285e+04 1.227676578638712340e-11 6.443745795395159742e-07 1.334971924657617706e+02
6.294395460553275188e+04 1.079065435819612754e-11 5.896865683291885812e-07 1.363264468668144787e+02
6.617116016840114025e+04 9.484437799340244567e-12 5.396399235928120674e-07 1.392156626821703185e+02
6.956382809870861820e+04 8.336339705036359264e-12 4.938407329852717835e-07 1.421661106958233631e+02
7.313044183344273188e+04 7.327219720139881526e-12 4.519285154658985718e-07 1.451790886239542147e+02
7.687991976470644295e+04 6.440254443419998645e-12 4.135733839867869844e-07 1.482559216857435729e+02
8.082163754034375597e+04 5.660656958596050516e-12 3.784734489832164040e-07 1.513979631860871393e+02
8.496545150794286747e+04 4.975430316368135766e-12 3.463524422303254558e-07 1.546065951112046548e+02
8.932172336083906703e+04 4.373150857593954117e-12 3.169575423617549385e-07 1.578832287360079363e+02
9.390134604774527543e+04 3.843777765384297942e-12 2.900573849373814299e-07 1.612293052452079394e+02
9.871577101079767453e+04 3.378485671036626702e-12 2.654402413957638103e-07 1.646462963670294073e+02
1.037770368201258680e+05 2.969517523149152116e-12 2.429123525589675815e-07 1.681357050205691337e+02
1.090977992765488161e+05 2.610055267034541897e-12 2.222964035726417329e-07 1.716990659768345324e+02
1.146913630576689611e+05 2.294106178485120755e-12 2.034301282778143165e-07 1.753379465338283580e+02
1.205717149864963576e+05 2.016402956915921652e-12 1.861650320294089939e-07 1.790539472057490116e+02
1.267535590057915979e+05 1.772315912310614139e-12 1.703652229092682846e-07 1.828487024271935866e+02
1.332523529455816897e+05 1.557775781996320517e-12 1.559063421337881821e-07 1.867238812718842098e+02
1.400843471757866791e+05 1.369205890506586682e-12 1.426745852378740646e-07 1.906811881868263754e+02
1.472666252406089625e+05 1.203462521541731784e-12 1.305658063309011140e-07 1.947223637419880902e+02
1.548171465762921434e+05 1.057782507946799665e-12 1.194846983743885666e-07 1.988491853958712454e+02
1.627547914190663723e+05 9.297371659609893287e-13 1.093440430294450226e-07 2.030634682773450379e+02
1.710994080155731353e+05 8.171918057586629023e-13 1.000640241695295511e-07 2.073670659838215613e+02
1.798718622538203781e+05 7.182701432709258175e-13 9.157159965544594865e-08 2.117618713968146835e+02
1.890940898387710622e+05 6.313230199799627476e-13 8.379992642761103639e-08 2.162498175143193748e+02
1.987891511430313694e+05 5.549009092060812858e-13 7.668783439075134488e-08 2.208328783010557856e+02
2.089812888697938761e+05 4.877297505284053784e-13 7.017934494993675632e-08 2.255130695566426766e+02
2.196959886722229712e+05 4.286897094672394208e-13 6.422323040847104358e-08 2.302924498025264199e+02
2.309600428808625729e+05 3.767965083201906065e-13 5.877261075948344416e-08 2.351731211866287481e+02
2.428016174984180834e+05 3.311850169176268996e-13 5.378458469803988618e-08 2.401572304089806380e+02
2.552503226294341730e+05 2.910948297257653688e-13 4.921989194896965835e-08 2.452469696651347988e+02
2.683372865209793090e+05 2.558575888538695944e-13 4.504260425304607157e-08 2.504445776106924768e+02
2.820952333994774381e+05 2.248858416200221283e-13 4.121984257909355990e-08 2.557523403458999951e+02
2.965585652983192704e+05 1.976632469167458821e-13 3.772151833628385624e-08 2.611725924211542633e+02
3.117634480808650260e+05 1.737359671032349578e-13 3.452009654972465233e-08 2.667077178638832038e+02
3.277479018739408348e+05 1.527051019150910243e-13 3.159037913529465892e-08 2.723601512268883198e+02
3.445518961379595567e+05 1.342200382551878325e-13 2.890930656796266237e-08 2.781323786595170873e+02
3.622174496113909991e+05 1.179726049967932165e-13 2.645577638245884464e-08 2.840269390009228800e+02
3.807887353794944938e+05 1.036919353522197518e-13 2.421047707779703103e-08 2.900464248967928711e+02
4.003121913300411543e+05 9.113995115542952253e-14 2.215573611829838684e-08 2.961934839396276971e+02
4.208366362722213962e+05 8.010739377563405047e-14 2.027538083476913103e-08 3.024708198335888483e+02
4.424133920090965694e+05 7.041033549140952505e-14 1.855461113094788380e-08 3.088811935830821653e+02
4.650964116688389913e+05 6.188711316582184176e-14 1.697988299338280617e-08 3.154274247075418316e+02
4.889424146156553179e+05 5.439563310228117844e-14 1.553880188780014717e-08 3.221123924816402564e+02
5.140110282777408138e+05 4.781100214950873340e-14 1.422002520290617405e-08 3.289390372014973423e+02
5.403649372469085502e+05 4.202344556302160088e-14 1.301317297378136833e-08 3.359103614779163536e+02
5.680700400227193022e+05 3.693647691104049805e-14 1.190874618217859831e-08 3.430294315574220150e+02
5.971956137930564582e+05 3.246528951448073973e-14 1.089805199064587874e-08 3.502993786701526346e+02
6.278144876631795196e+05 2.853534260448128202e-14 9.973135322050601409e-09 3.577234004078562748e+02
6.600032247664229944e+05 2.508111862646780060e-14 9.126716245923312459e-09 3.653047621300086121e+02
6.938423137119094608e+05 2.204503097348037367e-14 8.352132678818871007e-09 3.730467983996909993e+02
7.294163698479967425e+05 1.937646393925492185e-14 7.643287947707287933e-09 3.809529144511790264e+02
7.668143468447235646e+05 1.703092888554929039e-14 6.994602803629757742e-09 3.890265876864353345e+02
8.061297591243179049e+05 1.496932255617339389e-14 6.400971507979360283e-09 3.972713692059621167e+02
8.474609156959623797e+05 1.315727517251231133e-14 5.857721645708337196e-09 4.056908853693028050e+02
8.909111659795242595e+05 1.156457744267232581e-14 5.360577349208008575e-09 4.142888393912922993e+02
9.365891582329371013e+05 1.016467693151924187e-14 4.905625643360557890e-09 4.230690129705499203e+02
9.846091112294379855e+05 8.934235395473584600e-15 4.489285646878269764e-09 4.320352679512575378e+02
1.035091099863994634e+06 7.852739702367305248e-15 4.108280387551027245e-09 4.411915480253986743e+02
1.088161355403086869e+06 6.902159849545226570e-15 3.759611009483783213e-09 4.505418804620662172e+02
1.143952581128624268e+06 6.066648379339238645e-15 3.440533169418625377e-09 4.600903778847718399e+02
1.202604284165272489e+06 5.332276180319689667e-15 3.148535436246374240e-09 4.698412400746531716e+02
1.264263124320930336e+06 4.686800270156328865e-15 2.881319523793105009e-09 4.797987558226549254e+02
1.329083280812643003e+06 4.119459688417805491e-15 2.636782201215691988e-09 4.899673048121284182e+02
1.397226837794951163e+06 3.620796096763383281e-15 2.412998738679816033e-09 5.003513595468488688e+02
1.468864189654704416e+06 3.182496095593142401e-15 2.208207757996547998e-09 5.109554873186721693e+02
1.544174467085782439e+06 2.797252628369366690e-15 2.020797368979503515e-09 5.217843522147883277e+02
1.623345985009134281e+06 2.458643163068692463e-15 1.849292482415867022e-09 5.328427171710281982e+02
1.706576713458170416e+06 2.161022619835933577e-15 1.692343199776676493e-09 5.441354460648972236e+02
1.794074772606963990e+06 1.899429259841742983e-15 1.548714188298041740e-09 5.556675058565356267e+02
1.886058953179090517e+06 1.669501966351533155e-15 1.417274957794177702e-09 5.674439687729484376e+02
1.982759263538399944e+06 1.467407538978346206e-15 1.296990962675006170e-09 5.794700145368705080e+02
2.084417504829733167e+06 1.289776789037949823e-15 1.186915459142742183e-09 5.917509326496639233e+02
2.191287875607731752e+06 1.133648370579946368e-15 1.086182053455362443e-09 6.042921247120898443e+02
2.303637607465630397e+06 9.964194107394210552e-16 9.939978826298383092e-10 6.170991068048670058e+02
2.421747633253435604e+06 8.758021163046111304e-16 9.096373738913509850e-10 6.301775119130338680e+02
2.545913289556382690e+06 7.697856330933912591e-16 8.324365337582165538e-10 6.435330924015332812e+02
2.676445055190230254e+06 6.766025222890658209e-16 7.617877218165341096e-10 6.571717225504550015e+02
2.813669327560023405e+06 5.946992948253228341e-16 6.971348680361797876e-10 6.710994011320824484e+02
2.957929238823618274e+06 5.227105126207591962e-16 6.379690960012596571e-10 6.853222540564652263e+02
3.109585513900805730e+06 4.594360248638550844e-16 5.838247175885975893e-10 6.998465370586078507e+02
