# [1] k:    [h/Mpc] 
# [2] P:    [Mpc^3/h^3] 
# [3] T:    [Mpc^3/h^3] 
# [4] Delta_k 
3.059023205018257859e-07 1.657016325173961135e+00 3.949809060980226059e+04 2.402953465166537651e-21
3.215862678579245412e-07 1.737368751453835403e+00 3.947840899972231273e+04 2.927215873561828118e-21
3.380743483904743061e-07 1.821617646532680102e+00 3.945873719685390097e+04 3.565858804445162791e-21
3.554077908890640533e-07 1.909951958893300050e+00 3.943907519630118622e+04 4.343837134829103779e-21
3.736299379885273404e-07 2.002569799553657326e+00 3.941942299317973811e+04 5.291550251624840489e-21
3.927863545481053003e-07 2.099678886376953990e+00 3.939978058259861427e+04 6.446029903135348734e-21
4.129249415873286729e-07 2.201497009932833482e+00 3.938014795969618717e+04 7.852387209093427677e-21
4.340960560635169786e-07 2.308252521939721191e+00 3.936052511958635296e+04 9.565575370902673516e-21
4.563526367904018199e-07 2.420184847401275707e+00 3.934091205738548888e+04 1.165253695976904457e-20
4.797503368127355169e-07 2.537545021578172300e+00 3.932130876823921426e+04 1.419481968767677716e-20
5.043476625678916271e-07 2.660596252988835175e+00 3.930171524726874486e+04 1.729176287200966818e-20
5.302061201824328858e-07 2.789614513721029088e+00 3.928213148959774117e+04 2.106437910453059220e-20
5.573903692694645323e-07 2.924889158369862407e+00 3.926255749037909118e+04 2.566008280033848498e-20
5.859683846113473662e-07 3.066723572977900325e+00 3.924299324474127934e+04 3.125845039404022041e-20
6.160116261320592563e-07 3.215435855456465042e+00 3.922343874782418425e+04 3.807823726210959555e-20
6.475952175842278093e-07 3.371359528994265276e+00 3.920389399476116523e+04 4.638592555647934179e-20
6.807981343976415384e-07 3.534844290069680373e+00 3.918435898071476549e+04 5.650613695485565528e-20
7.157034011589609116e-07 3.706256792720558746e+00 3.916483370082319016e+04 6.883431720410890370e-20
7.523982992164306405e-07 3.885981470860348619e+00 3.914531815023598028e+04 8.385218810376830694e-20
7.909745849287134463e-07 4.074421400462447274e+00 3.912581232410509256e+04 1.021465707132783517e-19
8.315287191035797356e-07 4.271999203555394864e+00 3.910631621758489928e+04 1.244323152971359414e-19
8.741621082001717898e-07 4.479157996054741631e+00 3.908682982583219564e+04 1.515802339920670813e-19
9.189813578979717484e-07 4.696362381555340804e+00 3.906735314399730123e+04 1.846511276609500291e-19
9.660985396665287929e-07 4.924099493325536869e+00 3.904788616725958855e+04 2.249372365282163536e-19
1.015631471002508262e-06 5.162880086808542046e+00 3.902842889077420841e+04 2.740127342728992941e-19
1.067704010034801725e-06 5.413239685120624145e+00 3.900898130969872727e+04 3.337952386298562023e-19
1.122446365234364056e-06 5.675739780098600029e+00 3.898954341921972082e+04 4.066207420164888698e-19
1.179995421003214005e-06 5.950969091566423508e+00 3.897011521449957218e+04 4.953348900862661762e-19
1.240495079956737545e-06 6.239544887688205144e+00 3.895069669070308737e+04 6.034041749073246605e-19
1.304096622755184042e-06 6.542114369349906866e+00 3.893128784302403801e+04 7.350513876225127823e-19
1.370959086384113674e-06 6.859356121646847271e+00 3.891188866663203225e+04 8.954206233802759803e-19
1.441249661829700436e-06 7.191981635785694493e+00 3.889249915670794144e+04 1.090778286084241187e-18
1.515144112143284134e-06 7.540736904772344928e+00 3.887311930843502341e+04 1.328757947188334958e-18
1.592827211940548929e-06 7.906404096477888110e+00 3.885374911699013319e+04 1.618658626359011934e-18
1.674493209434307728e-06 8.289803307852999126e+00 3.883438857757898950e+04 1.971808149280822673e-18
1.760346312156213177e-06 8.691794404172153321e+00 3.881503768538324221e+04 2.402005780746949917e-18
1.850601197581954108e-06 9.113278947503138383e+00 3.879569643559573888e+04 2.926061428869843232e-18
1.945483549936765273e-06 9.555202218669609948e+00 3.877636482340292423e+04 3.564452489724403259e-18
2.045230624523543909e-06 1.001855533728890002e+01 3.875704284402009944e+04 4.342123998543484687e-18
2.150091840984688092e-06 1.050437748457145659e+01 3.873773049263847497e+04 5.289463353230166344e-18
2.260329406981118614e-06 1.101375823395223641e+01 3.871842776446048811e+04 6.443487697391956929e-18
2.376218973848010330e-06 1.154783999471544398e+01 3.869913465468658251e+04 7.849290359687860253e-18
2.498050325866710336e-06 1.210782057413357116e+01 3.867985115853275784e+04 9.561802868909014071e-18
2.626128104876382668e-06 1.269495586382094565e+01 3.866057727119983610e+04 1.164794139523864472e-17
2.760772572037287162e-06 1.331056265639546687e+01 3.864131298790859728e+04 1.418922148961078148e-17
2.902320408650496801e-06 1.395602159868116665e+01 3.862205830386463640e+04 1.728494329165218904e-17
3.051125558036519890e-06 1.463278028816243115e+01 3.860281321428909723e+04 2.105607166780671752e-17
3.207560110577962700e-06 1.534235651956617552e+01 3.858357771440991928e+04 2.564996289540246067e-17
3.372015234139298021e-06 1.608634168885805593e+01 3.856435179943106778e+04 3.124612258710838570e-17
3.544902152190277809e-06 1.686640436237688334e+01 3.854513546458961355e+04 3.806321984597584701e-17
3.726653172078803499e-06 1.768429401895514630e+01 3.852592870510308421e+04 4.636763172786480412e-17
3.917722766024474580e-06 1.854184497357679717e+01 3.850673151620452700e+04 5.648385188512052279e-17
4.118588707535861475e-06 1.944098049126115768e+01 3.848754389312936837e+04 6.880717010749728139e-17
4.329753266093139866e-06 2.038371710043493934e+01 3.846836583110228094e+04 8.381911821152152233e-17
4.551744463083409039e-06 2.137216911551491449e+01 3.844919732536780066e+04 1.021062858243177253e-16
4.785117392129195949e-06 2.240855337873185604e+01 3.843003837115535134e+04 1.243832412854217477e-16
5.030455607111644826e-06 2.349519423197786594e+01 3.841088896371860028e+04 1.515204532979873231e-16
5.288372581359179674e-06 2.463452872964328222e+01 3.839174909828298405e+04 1.845783043628398258e-16
5.559513241650373021e-06 2.582911210436644467e+01 3.837261877010251919e+04 2.248485250665062642e-16
5.844555580866815540e-06 2.708162349772476674e+01 3.835349797442923591e+04 2.739046682605300222e-16
6.144212353328471540e-06 2.839487196884196507e+01 3.833438670650441782e+04 3.336635954036358440e-16
6.459232857050738118e-06 2.977180279442424649e+01 3.831528496158919006e+04 4.064603776369761638e-16
6.790404807379771878e-06 3.121550407420395246e+01 3.829619273492958746e+04 4.951395383392020439e-16
7.138556306691162195e-06 3.272921365679385275e+01 3.827711002178708441e+04 6.031662024526332324e-16
7.504557915077204533e-06 3.431632640133393863e+01 3.825803681742987101e+04 7.347614957221743110e-16
7.889324827200587103e-06 3.598040179122689608e+01 3.823897311710238864e+04 8.950674845513109320e-16
8.293819160757753291e-06 3.772517191723908070e+01 3.821991891608189326e+04 1.090348101479869339e-15
8.719052362274285227e-06 3.955454984752107350e+01 3.820087420962625765e+04 1.328233907409170532e-15
9.166087736248057605e-06 4.147263840367244114e+01 3.818183899300875055e+04 1.618020254629679271e-15
9.636043103964330830e-06 4.348373936228589542e+01 3.816281326150500536e+04 1.971030501321180212e-15
1.013009359863121538e-05 4.559236310268972403e+01 3.814379701037996711e+04 2.401058470078732943e-15
1.064947460382478790e-05 4.780323872262984253e+01 3.812479023491832049e+04 2.924907439470757262e-15
1.119548484259151579e-05 5.012132464433292256e+01 3.810579293038973265e+04 3.563046729632105233e-15
1.176948962493235138e-05 5.255181973506174131e+01 3.808680509208790318e+04 4.340411537892955261e-15
1.237292426178888029e-05 5.510017496669288306e+01 3.806782671527856292e+04 5.287377277875551866e-15
1.300729765406831334e-05 5.777210564100177237e+01 3.804885779526009719e+04 6.440946494251694147e-15
1.367419606568169201e-05 6.057360420746086760e+01 3.802989832731161732e+04 7.846194731629324100e-15
1.437528709002991615e-05 6.351095370285516140e+01 3.801094830672754324e+04 9.558031854726671616e-15
1.511232381985586521e-05 6.659074184247268136e+01 3.799200772880464501e+04 1.164334764312166281e-14
1.588714923088939049e-05 6.981987579459834592e+01 3.797307658882907708e+04 1.418362549937684536e-14
1.670170079024660794e-05 7.320559767159529940e+01 3.795415488210228796e+04 1.727812640082228932e-14
1.755801530110687162e-05 7.675550077206703747e+01 3.793524260393239092e+04 2.104776750740097675e-14
1.845823399578163895e-05 8.047754661053799907e+01 3.791633974960396154e+04 2.563984698157529296e-14
1.940460788991057802e-05 8.438008277329615225e+01 3.789744631443408434e+04 3.123379964205630842e-14
2.039950341117315543e-05 8.847186163965855599e+01 3.787856229372066446e+04 3.804820835244984397e-14
2.144540831659045798e-05 9.276206001144103652e+01 3.785968768277684285e+04 4.634934511400724829e-14
2.254493791321357228e-05 9.726029969410004128e+01 3.784082247691810335e+04 5.646157560424256999e-14
2.370084159775344190e-05 1.019766690758839047e+02 3.782196667144936509e+04 6.878003371722842088e-14
2.491600973150475266e-05 1.069217457536332461e+02 3.780312026169506862e+04 8.378606136150262648e-14
2.619348086775470484e-05 1.121066202554125510e+02 3.778428324296481151e+04 1.020660168230398992e-13
2.753644934974891994e-05 1.175429209138874000e+02 3.776545561058770545e+04 1.243341866277291385e-13
2.894827329821342076e-05 1.232428399454686883e+02 3.774663735987801192e+04 1.514606961803736581e-13
3.043248300840562692e-05 1.292191607945089515e+02 3.772782848616949195e+04 1.845055097849705541e-13
3.199278977769132648e-05 1.354852868030744162e+02 3.770902898478537099e+04 2.247598485911560506e-13
3.363309518572123809e-05 1.420552712712493246e+02 3.769023885105120280e+04 2.737966448675827390e-13
3.535750085041236633e-05 1.489438489751386214e+02 3.767145808030557964e+04 3.335320040952499800e-13
3.717031868412924126e-05 1.561664692130387380e+02 3.765268666788299015e+04 4.063000765024291273e-13
3.907608167571078754e-05 1.637393304542422641e+02 3.763392460911811213e+04 4.949442636357474015e-13
4.107955522530357004e-05 1.716794166680120099e+02 3.761517189934581256e+04 6.029283238503491842e-13
4.318574906034433776e-05 1.800045354143476857e+02 3.759642853391396056e+04 7.344717181499978806e-13
4.539992976248807967e-05 1.887333577815693673e+02 3.757769450816421886e+04 8.947144849942472733e-13
4.772763393680535859e-05 1.978854602608344919e+02 3.755896981744267396e+04 1.089918086532816011e-12
5.017468205617894183e-05 2.074813686511241428e+02 3.754025445709776977e+04 1.327710074302643372e-12
5.274719301551768723e-05 2.175426040933033676e+02 3.752154842248022760e+04 1.617382134663433842e-12
5.545159943218107865e-05 2.280917313364720940e+02 3.750285170894311159e+04 1.970253160052592508e-12
5.829466373087315435e-05 2.391524093448631163e+02 3.748416431184180692e+04 2.400111533014426162e-12
6.128349505322671351e-05 2.507494443587820285e+02 3.746548622653398343e+04 2.923753905186038503e-12
6.442556703436033705e-05 2.629088455285875057e+02 3.744681744837966107e+04 3.561641523947974723e-12
6.772873649085907528e-05 2.756578832464863353e+02 3.742815797274113720e+04 4.338699752605613616e-12
7.120126306690828879e-05 2.890251503070096533e+02 3.740950779498516931e+04 5.285292025233377971e-12
7.485182988770643921e-05 3.030406260331192811e+02 3.739086691047444037e+04 6.438406293317800057e-12
7.868956527180084881e-05 3.177357435122393099e+02 3.737223531457819627e+04 7.843100324432658465e-12
8.272406555663884206e-05 3.331434600925549603e+02 3.735361300267223123e+04 9.554262327769930051e-12
8.696541909440986997e-05 3.492983312976772936e+02 3.733499997013040411e+04 1.163875570270194540e-11
9.142423147818073699e-05 3.662365883257364771e+02 3.731639621232462378e+04 1.417803171611048232e-11
9.611165206140254191e-05 3.839962193067781300e+02 3.729780172463548661e+04 1.727131219846527008e-11
1.010394018371016720e-04 4.026170545001696155e+02 3.727921650244375633e+04 2.103946662200659561e-11
1.062198027464676133e-04 4.221408556236058303e+02 3.726064054113251041e+04 2.562973505729716782e-11
1.116658084901241013e-04 4.426114095138386233e+02 3.724207383608711098e+04 3.122148155695967195e-11
1.173910369191279803e-04 4.640746263292298295e+02 3.722351638269522664e+04 3.803320277920825706e-11
1.234098040866900780e-04 4.865786425143672886e+02 3.720496817634683975e+04 4.633106571209258038e-11
1.297371600457651012e-04 5.101739287576562560e+02 3.718642921243421006e+04 5.643930810874798980e-11
1.363889264820232711e-04 5.349134031840244461e+02 3.716789948635188921e+04 6.875290802911121950e-11
1.433817362763056455e-04 5.608525500366171173e+02 3.714937899349779764e+04 8.375301754854475696e-11
1.507330750954898936e-04 5.880495441134492012e+02 3.713086772926792764e+04 1.020257637032015276e-10
1.584613251157653230e-04 6.165653812387906783e+02 3.711236568906792672e+04 1.242851513163598171e-10
1.665858109876483387e-04 6.464640150605623603e+02 3.709387286829837103e+04 1.514009626300398090e-10
1.751268481576742783e-04 6.778125004821981747e+02 3.707538926236634870e+04 1.844327439160902145e-10
1.841057936675958640e-04 7.106811440492776910e+02 3.705691486668015568e+04 2.246712070882766796e-10
1.935450995581117185e-04 7.451436616290476422e+02 3.703844967665251170e+04 2.736886640773172099e-10
2.034683690106629794e-04 7.812773437356302111e+02 3.701999368768999557e+04 3.334004646842823861e-10
2.139004153676812446e-04 8.191632288735438578e+02 3.700154689521512773e+04 4.061398385879511158e-10
2.248673241788693637e-04 8.588862852850855916e+02 3.698310929464118090e+04 4.947490659451833495e-10
2.363965184286629729e-04 9.005356015128110130e+02 3.696468088138893654e+04 6.026905390632444681e-10
2.485168271079757005e-04 9.442045862018643447e+02 3.694626165088094422e+04 7.341820548613223385e-10
2.612585573016925852e-04 9.899911775913284373e+02 3.692785159853994264e+04 8.943616246542668370e-10
2.746535699721688829e-04 1.037998063164630594e+03 3.690945071979408385e+04 1.089488241176550835e-09
2.887353596282311993e-04 1.088332909950760950e+03 3.689105901007223292e+04 1.327186447787113552e-09
3.035391380788964293e-04 1.141108605993613082e+03 3.687267646480449184e+04 1.616744266360823381e-09
3.191019224812350285e-04 1.196443513530794235e+03 3.685430307942480431e+04 1.969476125354358086e-09
3.354626279025451924e-04 1.254461734449423830e+03 3.683593884936885297e+04 2.399164969405969991e-09
3.526621646282911485e-04 1.315293388614625655e+03 3.681758377007513627e+04 2.922600825835990576e-09
3.707435404591257876e-04 1.379074905694572635e+03 3.679923783698285115e+04 3.560236872453083947e-09
3.897519682527942697e-04 1.445949331137201625e+03 3.678090104553503625e+04 4.336988642418837487e-09
4.097349789798286580e-04 1.516066646983986629e+03 3.676257339117660740e+04 5.283207594979481099e-09
4.307425405757319271e-04 1.589584108240909018e+03 3.674425486935448862e+04 6.435867094196805569e-09
4.528271828868440083e-04 1.666666595560796623e+03 3.672594547551812866e+04 7.840007137619716006e-09
4.760441290223192071e-04 1.747486985027898527e+03 3.670764520511873707e+04 9.550494287452015762e-09
5.004514334406633081e-04 1.832226535874393448e+03 3.668935405361055018e+04 1.163416557326594281e-08
5.261101271161193775e-04 1.921061710136778174e+03 3.667094233760749194e+04 1.417233990394028670e-08
5.530843701478924991e-04 2.014179464660884605e+03 3.665231624439396546e+04 1.726404581960121886e-08
5.814416121938181326e-04 2.111758120798141590e+03 3.663324247356006526e+04 2.102968470175374611e-08
6.112527611296385451e-04 2.214018830571054423e+03 3.661380465476948302e+04 2.561616258251048829e-08
6.425923603556274889e-04 2.321110636252501536e+03 3.659342475409579492e+04 3.120130613747835835e-08
6.755387751939181127e-04 2.433336243918483433e+03 3.657270889737054677e+04 3.800346802152825873e-08
7.101743888426273075e-04 2.550763242275478206e+03 3.655039482477144338e+04 4.628448412105153800e-08
7.465858083767621441e-04 2.673803343690278780e+03 3.652772794706854620e+04 5.636881588625845141e-08
7.848640813110194670e-04 2.802470434235264747e+03 3.650306899026646715e+04 6.864274803109911943e-08
8.251049232659968648e-04 2.937207217248604138e+03 3.647766946206062858e+04 8.358577644928586243e-08
8.674089573071004124e-04 3.078093444184484269e+03 3.645034315307596989e+04 1.017709354900737759e-07
9.118819655546198935e-04 3.225475897212957534e+03 3.642156076921855129e+04 1.239024630850426691e-07
9.586351536941296880e-04 3.379596603300899915e+03 3.639108594511019328e+04 1.508325857199379181e-07
1.007785429048626679e-03 3.540614520945868207e+03 3.635823874208804773e+04 1.835917365429974480e-07
1.059455692907732439e-03 3.709034274633847872e+03 3.632410046465195046e+04 2.234495592882223039e-07
1.113775147844932919e-03 3.884708505756775139e+03 3.628645935186158022e+04 2.719075486858888500e-07
1.170879620791311689e-03 4.068527540805560875e+03 3.624807408212410519e+04 3.308599963276065341e-07
1.230911902673626282e-03 4.259905153383160723e+03 3.620488750615747995e+04 4.024863000914753476e-07
1.294022105466001958e-03 4.460023992400510906e+03 3.616069475350902212e+04 4.895900014671715812e-07
1.360368037548055848e-03 4.668386138364952785e+03 3.611207841702645237e+04 5.953965147723751506e-07
1.430115598308045934e-03 4.885851285050772276e+03 3.606119814407494414e+04 7.239756064649536404e-07
1.503439192977754080e-03 5.112335672100965894e+03 3.600647794387404429e+04 8.801308082341255181e-07
1.580522168736409397e-03 5.348165028582479863e+03 3.594796349486945837e+04 1.069736548124408090e-06
1.661557273174137529e-03 5.593904937805677037e+03 3.588643885771970963e+04 1.299963888135212422e-06
1.746747136261333697e-03 5.849057183573730072e+03 3.581926644293437130e+04 1.579233128876375391e-06
1.836304777029133936e-03 6.115145895579951684e+03 3.575016875908360089e+04 1.918277239547360776e-06
1.930454136227949345e-03 6.390479370266248225e+03 3.567322181506497145e+04 2.329067956978506523e-06
2.029430636295988157e-03 6.677581550855266869e+03 3.559476638063146675e+04 2.827561737411225440e-06
2.133481770037976965e-03 6.974185698419260916e+03 3.550783809392117837e+04 3.431077870713862049e-06
2.242867719486086112e-03 7.282728485746587467e+03 3.541811696544626466e+04 4.162702358076477178e-06
2.357862006490532136e-03 7.601644999133004603e+03 3.532101142891036579e+04 5.048158664033191183e-06
2.478752176666675511e-03 7.932081634544359986e+03 3.521874351542313525e+04 6.120075218730657990e-06
2.605840518408833982e-03 8.273940113018490592e+03 3.511053019153985952e+04 7.416963300585761138e-06
2.739444818768723561e-03 8.626448540600300475e+03 3.499436763032706222e+04 8.984418329971516091e-06
2.879899158088616417e-03 8.991646118520495293e+03 3.487407249040951865e+04 1.088031096017942930e-05
3.027554745376210416e-03 9.366054004835483283e+03 3.474260050794225390e+04 1.316748800584257346e-05
3.182780796510085389e-03 9.754615287211179748e+03 3.460907544663662702e+04 1.593311137810604974e-05
3.345965457471714814e-03 1.015040494652687266e+04 3.446097334563610639e+04 1.926273664017456180e-05
3.517516774912597243e-03 1.056029007187467687e+04 3.431031539473656449e+04 2.328384171839628403e-05
3.697863716483424691e-03 1.097812520704125745e+04 3.414694123832556215e+04 2.812231980101033234e-05
3.887457243476651579e-03 1.140797217818891659e+04 3.397761373999661009e+04 3.395279948147389854e-05
4.086771438464619106e-03 1.184678070108950669e+04 3.379790288881881133e+04 4.096487714500643846e-05
4.296304690752923532e-03 1.229455436072437988e+04 3.360832790711145935e+04 4.939332601371375955e-05
4.516580942613284376e-03 1.275268532228432923e+04 3.341121450957074558e+04 5.952525924718794309e-05
4.748150999412126434e-03 1.321556274254011259e+04 3.319977973128480517e+04 7.166869314185861275e-05
4.991593906910903912e-03 1.369069461371299985e+04 3.298420677407686890e+04 8.626079965530278055e-05
5.247518399182111472e-03 1.416494601770199552e+04 3.274927541394835862e+04 1.036924396915673039e-04
5.516564420761540903e-03 1.465176690617704480e+04 3.251173639442432250e+04 1.246138580917422552e-04
5.799404726842954938e-03 1.513484255080861476e+04 3.225410898884430208e+04 1.495541334764238003e-04
6.096746565516493986e-03 1.562659370679531639e+04 3.199110097982070874e+04 1.794027130363733547e-04
6.409333446257287764e-03 1.611535446456069076e+04 3.171158055609365329e+04 2.149555786075167077e-04
6.737946999086424568e-03 1.660557386862466228e+04 3.142142179341170049e+04 2.573397764108083501e-04
7.083408929053131541e-03 1.709430468562665192e+04 3.111899331420461749e+04 3.077858452176238991e-04
7.446583070925409317e-03 1.757515386604949526e+04 3.079997173109185314e+04 3.676550289456830250e-04
7.828377549226901017e-03 1.805702422913088958e+04 3.047367077262343446e+04 4.388657895350295116e-04
8.229747049021221908e-03 1.851916951439100012e+04 3.012405038138238160e+04 5.229392341731183306e-04
8.651695203121895217e-03 1.898569535128963616e+04 2.977260232641635957e+04 6.228742821067099946e-04
9.095277101697147801e-03 1.941865112503618366e+04 2.939097566705345889e+04 7.401796204692886755e-04
9.561601930544914862e-03 1.985159840369830272e+04 2.900702203806884063e+04 8.791393457377118161e-04
1.005183574463506743e-02 2.025173265209080637e+04 2.859811631071267402e+04 1.042002099979360066e-03
1.056720438385422289e-02 2.063784974505089485e+04 2.817990270953294385e+04 1.233715517302541326e-03
1.110899653824396448e-02 2.099368311620001623e+04 2.774294212920665814e+04 1.458086841943669444e-03
1.167856697039719623e-02 2.131812129163680220e+04 2.728874684845697993e+04 1.720235296210802928e-03
1.227733990307029038e-02 2.161714081983960205e+04 2.682311334690866352e+04 2.026662116522849784e-03
1.290681258048182248e-02 2.186369015364392180e+04 2.633132550938177155e+04 2.381500813142951346e-03
1.356855901220299469e-02 2.209268214872710450e+04 2.583664648537891117e+04 2.795888750861660454e-03
1.426423390900143431e-02 2.224424864424557381e+04 2.530589618989776864e+04 3.270644607001259654e-03
1.499557682048000690e-02 2.238002513801875102e+04 2.477673452772355085e+04 3.823141366107963342e-03
1.576441648485692182e-02 2.242926701111637158e+04 2.421153107644109332e+04 4.451629793035624498e-03
1.657267540176381518e-02 2.246292169988814203e+04 2.365095958741759023e+04 5.179816501100099196e-03
1.742237463949622076e-02 2.245682957367655035e+04 2.308292267979604367e+04 6.016456027793249360e-03
1.831563888873704443e-02 2.237861911387445070e+04 2.249231455460450161e+04 6.965780107396313606e-03
1.925470177538994923e-02 2.221818422638233824e+04 2.187624199091751871e+04 8.035061623900005903e-03
2.024191144580758314e-02 2.197830922941473909e+04 2.123814138976147660e+04 9.234621510662429159e-03
2.127973643838054069e-02 2.169756391312751657e+04 2.059803477564186687e+04 1.059204870941584352e-02
2.237077185616915750e-02 2.127143118872421473e+04 1.990763114317745567e+04 1.206451524173587052e-02
2.351774585601286785e-02 2.082257768588238469e+04 1.922602072782089817e+04 1.372119159383197555e-02
2.472352647034336062e-02 2.029249546255172390e+04 1.852639077506481772e+04 1.553591968231877660e-02
2.599112877875953478e-02 1.975454085632850911e+04 1.784257342026926199e+04 1.757165315479216131e-02
2.732372244729698585e-02 1.914355210310946859e+04 1.714494971492065451e+04 1.978392145010470296e-02
2.872463965424410307e-02 1.850162274648520179e+04 1.645245815640012734e+04 2.221487367657941359e-02
3.019738342232343442e-02 1.780082152383874200e+04 1.575240387397733321e+04 2.483237424497035037e-02
3.174563637807315680e-02 1.707414667238647235e+04 1.505903872100955596e+04 2.767332726441745078e-02
3.337326996033158216e-02 1.633703630105715638e+04 1.437855735071462550e+04 3.076378854646472441e-02
3.508435410085083278e-02 1.566900073951552804e+04 1.374517452079106442e+04 3.428088434267272111e-02
3.688316740124613496e-02 1.504102289789393944e+04 1.314526134823299981e+04 3.823246155735277041e-02
3.877420783172848273e-02 1.432781272505315064e+04 1.252337593848346478e+04 4.231350066645354208e-02
4.076220397837305304e-02 1.363407868713706375e+04 1.192464060140023503e+04 4.678094912270319011e-02
4.285212686704739649e-02 1.293047788200868672e+04 1.133549838358103989e+04 5.154683216989059541e-02
4.504920239356542677e-02 1.229398915629713338e+04 1.078898713490894625e+04 5.694090992603381696e-02
4.735892439114896407e-02 1.176339167375822581e+04 1.030152384260280269e+04 6.330067003894587763e-02
4.978706836787243073e-02 1.128296173860426461e+04 9.847991881074905905e+03 7.054123149686103433e-02
5.233970594844135349e-02 1.085235546326973599e+04 9.427554685997001798e+03 7.882937885738269812e-02
5.502322005641668845e-02 1.049191725361373938e+04 9.048267144154073321e+03 8.854481261256913482e-02
5.784432087484844831e-02 1.017196490843021274e+04 8.696436767252642312e+03 9.973722759786016190e-02
6.081006262522850592e-02 9.839047297245988375e+03 8.348652256359546300e+03 1.120855582599532829e-01
6.392786120671870020e-02 9.511455825099827052e+03 8.012430515042831757e+03 1.258889984704525677e-01
6.720551273976151097e-02 9.099138289157064719e+03 7.649654884515805861e+03 1.399217476866523313e-01
7.065121306044198912e-02 8.686198135851334882e+03 7.295541063504933845e+03 1.551882584393531050e-01
7.427357821434696361e-02 8.218097315042814444e+03 6.926745180569145305e+03 1.705864690110086568e-01
7.808166600116696332e-02 7.710241999714802660e+03 6.549053028165993055e+03 1.859454182835322267e-01
8.208499862391337165e-02 7.132784098439406989e+03 6.148582044348821000e+03 1.998576255018140180e-01
8.629358649938589920e-02 6.542612451308575146e+03 5.748068857117586958e+03 2.129889206864383211e-01
9.071795328942874881e-02 5.960532475712973792e+03 5.355374227654199785e+03 2.254421137815227905e-01
9.536916221556676621e-02 5.441980705264888456e+03 4.994899158117552361e+03 2.391394131623031660e-01
1.002588437228218304e-01 4.972364005120092770e+03 4.660479626127123993e+03 2.538640754301630942e-01
1.053992245618834284e-01 4.633775131214732028e+03 4.391547301243658694e+03 2.748637456974658000e-01
1.108031583623540345e-01 4.335075098924971826e+03 4.146191254716074582e+03 2.987605868123552333e-01
1.164841577735182265e-01 4.134219325734809900e+03 3.952289111295870043e+03 3.310277205246406895e-01
1.224564282530043596e-01 3.935664088064262614e+03 3.764106410637691624e+03 3.661280874084378856e-01
1.287349035878279091e-01 3.729793621106475712e+03 3.576812809650817144e+03 4.031289590370860099e-01
1.353352832366376823e-01 3.476015062461495290e+03 3.370509588878396698e+03 4.365007730834298827e-01
1.422740715865399574e-01 3.177642682610111478e+03 3.145634093786898575e+03 4.636097919663901834e-01
1.495686192226629019e-01 2.861375106699183561e+03 2.913694413341101153e+03 4.850276606239786736e-01
1.572371663136570008e-01 2.555415659531378878e+03 2.687746535810987552e+03 5.032658205959442688e-01
1.652988882216175348e-01 2.336311780941100551e+03 2.508556373997903393e+03 5.345777215063088894e-01
1.737739434504778357e-01 2.146973359143891230e+03 2.347322298676254832e+03 5.707565241126927313e-01
1.826835240527691917e-01 2.025223641449491197e+03 2.225342292822443142e+03 6.255202730847259085e-01
1.920499086207905493e-01 1.898284251035345051e+03 2.103012629413439299e+03 6.811987120875022672e-01
2.018965179946938526e-01 1.732375392092214497e+03 1.961025280533622663e+03 7.222686285835500097e-01
2.122479738267836202e-01 1.568517879778168663e+03 1.821410589100871221e+03 7.597844340008294006e-01
2.231301601484726449e-01 1.401475988981810360e+03 1.680571065285095074e+03 7.887343442214955758e-01
2.345702880938428103e-01 1.276876727668084641e+03 1.565811462074426117e+03 8.349072537587673981e-01
2.465969639416541459e-01 1.181636489137325725e+03 1.470306441039407673e+03 8.976712756994007503e-01
2.592402606459418002e-01 1.080893643612071628e+03 1.372645293545042932e+03 9.540267896851618579e-01
2.725317930340656614e-01 9.846664705862719984e+02 1.278828627365574903e+03 1.009743181756695529e+00
2.865047968602461026e-01 8.863508430673090288e+02 1.184326744748108013e+03 1.056018712575138130e+00
3.011942119122611450e-01 7.984466264115583272e+02 1.097217136089708220e+03 1.105238524385604881e+00
3.166367693791155569e-01 7.308315518807982016e+02 1.024658652761849225e+03 1.175361836036702412e+00
3.328710836981453314e-01 6.654165047082514093e+02 9.543733042368953647e+02 1.243346102707423961e+00
3.499377491112247163e-01 5.977952076533887293e+02 8.829754806598326695e+02 1.297762049918607774e+00
3.678794411715154977e-01 5.396426527077932178e+02 8.188917473797737330e+02 1.361109551748037605e+00
3.867410234545784475e-01 4.898612494151732335e+02 7.615717643581776883e+02 1.435502890683742594e+00
4.065696597406806001e-01 4.420215912558103923e+02 7.061500005871714620e+02 1.504938114800520754e+00
4.274149319488126375e-01 3.975523904389172571e+02 6.536922520117601607e+02 1.572583444418708343e+00
4.493289641173122684e-01 3.583660524430749206e+02 6.058156875443286253e+02 1.646987735520249352e+00
4.723665527411103904e-01 3.231848805340668491e+02 5.615695257199993193e+02 1.725673817010859423e+00
4.965853037915104462e-01 2.906925942585586427e+02 5.198714041360747160e+02 1.803374044484955530e+00
5.220457767611225153e-01 2.613816827656839337e+02 4.811909505814407453e+02 1.883957792732119829e+00
5.488116360941387439e-01 2.347036042269777170e+02 4.450826722046917325e+02 1.965440724050720345e+00
5.769498103806052214e-01 2.106794879872435331e+02 4.116165851839004972e+02 2.049777010909192398e+00
6.065306597127584354e-01 1.890108297942175852e+02 3.805625194072501927e+02 2.136560646602132074e+00
6.376281516219051149e-01 1.694524334911332062e+02 3.517284556013238443e+02 2.225463718713009076e+00
6.703200460357783275e-01 1.518330635372041115e+02 3.249882867660633678e+02 2.316771678775918275e+00
7.046880897188601001e-01 1.359258200924886637e+02 3.001486835225736627e+02 2.409700206627987562e+00
7.408182206818726412e-01 1.216469525362825976e+02 2.771641207252566801e+02 2.505569528993953021e+00
7.788007830715680813e-01 1.087522548669033142e+02 2.558034861539136955e+02 2.602481601423335178e+00
8.187307530781540166e-01 9.720459541550641802e+01 2.360650280250580693e+02 2.702591252795676802e+00
8.607079764252394405e-01 8.679790302779328215e+01 2.177427993504900599e+02 2.803799636902574388e+00
9.048374180361511421e-01 7.748334819797767636e+01 2.008141475099515390e+02 2.907972488653578935e+00
9.512294245009160765e-01 6.911861447238821654e+01 1.851350122642515998e+02 3.013846370038122391e+00
1.000000000000213163e+00 6.162809838540837859e+01 1.706402040553259383e+02 3.122115937020007337e+00
1.051271096376248826e+00 5.491978295087566408e+01 1.572379290450581379e+02 3.232535056244526750e+00
1.105170918075884856e+00 4.891108547791569094e+01 1.448429930551949951e+02 3.344767269153283262e+00
1.161834242728533306e+00 4.354490292352451775e+01 1.334023358981897900e+02 3.459713231436934322e+00
1.221402758160433644e+00 3.873915068039097775e+01 1.228204683851821812e+02 3.575996154321841924e+00
1.284025416688019838e+00 3.445824623214089399e+01 1.130689131688457536e+02 3.695594315709437083e+00
1.349858807576296504e+00 3.062327395261695884e+01 1.040455171897158948e+02 3.815811496933140923e+00
1.419067548593566874e+00 2.721077299842871611e+01 9.573460155991179477e+01 3.939311684761703347e+00
1.491824697641596753e+00 2.416233748369716139e+01 8.805801641351003184e+01 4.064083134056151181e+00
1.568312185490513100e+00 2.144897521776095672e+01 8.098482162967079034e+01 4.191547160856829102e+00
1.648721270700491237e+00 1.903073667078811226e+01 7.446103818467123858e+01 4.320834000631038840e+00
1.733253017867778301e+00 1.687780120565635045e+01 6.844790367211142268e+01 4.452172895367650263e+00
1.822118800390913007e+00 1.496322312646134733e+01 6.290942634582013682e+01 4.585909483692724109e+00
1.915540829014322100e+00 1.325874413448405775e+01 5.780365159872475544e+01 4.721140100713429710e+00
2.013752707470925607e+00 1.174618978071561770e+01 5.310721381534100516e+01 4.859433958876121729e+00
2.117000016613148627e+00 1.039921964174734725e+01 4.877601518121966251e+01 4.998429767577406757e+00
2.225540928492967474e+00 9.205542233071946967e+00 4.479520825305674947e+01 5.140748888753108758e+00
2.339646851926517890e+00 8.143949498605316251e+00 4.112683979632104325e+01 5.283920316905670767e+00
2.459603111157505406e+00 7.203423518737446685e+00 3.775532465719405195e+01 5.430056013577139851e+00
2.585709659316432152e+00 6.368474899829651648e+00 3.465192661575949984e+01 5.577569285011505507e+00
2.718281828459663263e+00 5.628660388601419484e+00 3.179897483932187185e+01 5.727416290917211050e+00
2.857651118063815776e+00 4.973115009825344934e+00 2.917600189813155964e+01 5.879310270278405248e+00
3.004166023947120401e+00 4.392173839124724921e+00 2.676407377845916713e+01 6.032836704371164593e+00
3.158192909690492378e+00 3.878254133079737986e+00 2.454887083646246637e+01 6.189028541591538257e+00
3.320116922737311960e+00 3.422799775249785181e+00 2.251153281295705000e+01 6.346172730824954478e+00
3.490342957462647444e+00 3.020510996579218954e+00 2.064217526953714099e+01 6.506613160379014715e+00
3.669296667620093988e+00 2.664025987526826178e+00 1.892280047389180098e+01 6.667410511923297811e+00
3.857425530697870641e+00 2.349365931433847532e+00 1.734572456181681943e+01 6.831460748250413495e+00
4.055199966845619564e+00 2.070951898701733906e+00 1.589655618165109985e+01 6.996439688682436930e+00
4.263114515169814212e+00 1.825172771461382570e+00 1.456702833085672211e+01 7.163994379063320039e+00
4.481689070339116121e+00 1.608032913353865778e+00 1.334649942268051248e+01 7.333146497799878816e+00
4.711470182591849465e+00 1.416330764970068046e+00 1.222652894900216047e+01 7.504198071534290193e+00
4.953032424396282885e+00 1.247204058846452801e+00 1.119929087952258406e+01 7.677525854271999961e+00
5.206979827181080545e+00 1.097874429649367434e+00 1.025649642399086936e+01 7.852005850359319084e+00
5.473947391728498424e+00 9.662993557891128571e-01 9.392462586114273648e+00 8.029413182042823394e+00
5.754602676007100293e+00 8.501228777466474096e-01 8.599345764421682858e+00 8.207256236416382578e+00
6.049647464414390718e+00 7.478508405420711824e-01 7.872868248321601037e+00 8.388328839277072291e+00
6.359819522603354258e+00 6.576112714094628497e-01 7.206278556901717813e+00 8.569863052206507348e+00
6.685894442280875261e+00 5.781887404053910329e-01 6.595719340564611954e+00 8.754239739053220504e+00
7.028687580590986528e+00 5.081985728222951915e-01 6.035941247681601673e+00 8.939771515805489344e+00
7.389056098932435646e+00 4.466807659338665193e-01 5.523671469978799209e+00 9.129235334769406407e+00
7.767901106308653603e+00 3.926097343154779651e-01 5.054877981122988473e+00 9.322714529141210349e+00
8.166169912569634093e+00 3.450840404041288778e-01 4.625870952484452125e+00 9.520294198227679416e+00
8.584858397179985445e+00 3.033113663095048373e-01 4.233273710849402960e+00 9.722061244876224251e+00
9.025013499436326470e+00 2.665953047982141388e-01 3.873996160948649514e+00 9.928104413697568020e+00
9.487735836360851494e+00 2.343237492390216337e-01 3.545210463613902352e+00 1.013851433009945779e+01
9.974182454817173138e+00 2.059586889536186016e-01 3.244328778126509327e+00 1.035338354014622553e+01
1.048556972473016025e+01 1.810272398476577005e-01 2.968982893571407988e+00 1.057280655126545454e+01
1.102317638064432792e+01 1.591137607903519713e-01 2.717005588875554878e+00 1.079687987381370995e+01
1.158834671922626214e+01 1.398529243121393872e-01 2.486413574818919781e+00 1.102570206352767634e+01
1.218249396070650370e+01 1.229236260993594870e-01 2.275391883754726674e+00 1.125937376487020991e+01
1.280710378266622662e+01 1.080436317491020870e-01 2.082279584173382325e+00 1.149799775530050994e+01
1.346373803500505772e+01 9.496487153819840876e-02 1.905556707669347594e+00 1.174167899047583496e+01
1.415403864537935341e+01 8.346930476392011578e-02 1.743832285415758188e+00 1.199052465041804538e+01
1.487973172487657614e+01 7.336528470919811973e-02 1.595833399981952061e+00 1.224464418665391463e+01
1.564263188419211659e+01 6.448436363145831907e-02 1.460395166322297600e+00 1.250414937035541918e+01
1.644464677110120832e+01 5.667848450989077663e-02 1.336451563077713178e+00 1.276915434150165396e+01
1.728778184057202338e+01 4.981751273375132488e-02 1.223027042023713040e+00 1.303977565908274627e+01
1.817414536944768244e+01 4.378706658157836829e-02 1.119228849623722155e+00 1.331613235236496529e+01
1.910595372823652127e+01 3.848661032248897051e-02 1.024240000251551930e+00 1.359834597324419470e+01
2.008553692319280515e+01 3.382777814895318591e-02 9.373128457758879151e-01 1.388654064971053792e+01
2.111534442254602695e+01 2.973290099871863518e-02 8.577631908934760796e-01 1.418084314044432404e+01
2.219795128144734164e+01 2.613371170601063928e-02 7.849649078933976787e-01 1.448138289056780792e+01
2.333606458094873304e+01 2.297020689512443981e-02 7.183450084658445922e-01 1.478829208857897015e+01
2.453253019711569394e+01 2.018964664263510692e-02 6.573791337661775147e-01 1.510170572449828796e+01
2.579033991719975205e+01 1.774567523120570284e-02 6.015874272365372422e-01 1.542176164923629145e+01
2.711263892066493852e+01 1.559754833680066476e-02 5.505307577009319608e-01 1.574860063522762665e+01
2.850273364377471097e+01 1.370945376544476305e-02 5.038072630058143542e-01 1.608236643834743518e+01
2.996410004740484823e+01 1.204991441529555847e-02 4.610491870016565352e-01 1.642320586114523806e+01
3.150039230875619012e+01 1.059126351058005573e-02 4.219199849693893722e-01 1.677126881740518272e+01
3.311545195870102276e+01 9.309183358858996726e-03 3.861116747092976920e-01 1.712670839809184997e+01
3.481331748761120082e+01 8.182299942050622055e-03 3.533424124425837975e-01 1.748968093868216656e+01
3.659823444368765877e+01 7.191826582507836359e-03 3.233542744459743101e-01 1.786034608792563461e+01
3.847466604904231957e+01 6.321250743577717240e-03 2.959112269588344279e-01 1.823886687806542639e+01
4.044730436007814234e+01 5.556058743180673255e-03 2.707972683840703110e-01 1.862540979654823303e+01
4.252108200007410943e+01 4.883493791009529614e-03 2.478147291602346425e-01 1.902014485924964049e+01
4.470118449331276622e+01 4.292343315501860428e-03 2.267827159233312684e-01 1.942324568525004125e+01
4.699306323159186860e+01 3.772752035039412654e-03 2.075356877125247856e-01 1.983488957320529522e+01
4.940244910554343960e+01 3.316057657012143767e-03 1.899221530130758562e-01 2.025525757932592796e+01
5.193536683484541783e+01 2.914646465630425180e-03 1.738034773811255873e-01 2.068453459700777941e+01
5.459815003315897997e+01 2.561826390940303254e-03 1.590527922653354742e-01 2.112290943816884692e+01
5.739745704546173499e+01 2.251715442921796949e-03 1.455539964365855088e-01 2.157057491627464429e+01
6.034028759737834946e+01 1.979143650726279766e-03 1.332008421664087061e-01 2.202772793116489680e+01
6.343400029814058882e+01 1.739566872236615299e-03 1.218960989612608153e-01 2.249456955564762595e+01
6.668633104094334385e+01 1.528991037043858159e-03 1.115507882706148618e-01 2.297130512393491486e+01
7.010541234670704114e+01 1.343905559867853306e-03 1.020834831453538427e-01 2.345814432197017396e+01
7.369979369961600923e+01 1.181224814329581013e-03 9.341966733401284306e-02 2.395530127963919753e+01
7.747846292528217305e+01 1.038236691367716655e-03 8.549114877252876610e-02 2.446299466496147801e+01
8.145086866499057976e+01 9.125573846957301706e-04 7.823552285104369564e-02 2.498144778027242197e+01
8.562694400222423496e+01 8.020916495115735416e-04 7.159568123317207322e-02 2.551088866042375258e+01
9.001713130054676526e+01 7.049978719209457761e-04 6.551936236179636830e-02 2.605155017310518772e+01
9.463240831495036787e+01 6.196573667307812882e-04 5.995874011332887055e-02 2.660367012125018249e+01
9.948431564196151555e+01 5.446473917679582350e-04 5.487004736288223633e-02 2.716749134763289675e+01
1.045849855771433994e+02 4.787174288343753765e-04 5.021323149743191216e-02 2.774326184168693743e+01
1.099471724521542768e+02 4.207683358694161218e-04 4.595163916553229866e-02 2.833123484857773633e+01
1.155842845272200918e+02 3.698340227582382024e-04 4.205172778229090275e-02 2.893166898057753400e+01
1.215104175187690743e+02 3.250653452972500812e-04 3.848280151891317336e-02 2.954482833083192617e+01
1.277403898460648861e+02 2.857159488062827523e-04 3.521676969876327140e-02 3.017098258950336387e+01
1.342897796849734675e+02 2.511298253821545512e-04 3.222792569834876525e-02 3.081040716240427102e+01
1.411749639215168770e+02 2.207303773553913827e-04 2.949274461293660901e-02 3.146338329210688656e+01
1.484131591026187778e+02 1.940108046239300053e-04 2.698969809429953987e-02 3.213019818167472863e+01
1.560224644864394463e+02 1.705256556065815130e-04 2.469908490313346347e-02 3.281114512095218316e+01
1.640219072999485945e+02 1.498834009602078947e-04 2.260287584250938661e-02 3.350652361560735670e+01
1.724314903169036768e+02 1.317399062533283966e-04 2.068457185177253674e-02 3.421663951881820509e+01
1.812722418752032070e+02 1.157926947777192489e-04 1.892907414402678415e-02 3.494180516581972284e+01
1.905662684586848457e+02 1.017759048507771582e-04 1.732256536503554850e-02 3.568233951130418546e+01
2.003368099748494728e+02 8.945585753988003798e-05 1.585240083813707970e-02 3.643856826966290896e+01
2.106082978667353416e+02 7.862716091717839061e-05 1.450700903921368391e-02 3.721082405826962969e+01
2.214064162042512862e+02 6.910928589713846108e-05 1.327580051833859853e-02 3.799944654380405495e+01
2.327581659077297047e+02 6.074355657127480365e-05 1.214908455121858737e-02 3.880478259159104226e+01
2.446919322642916654e+02 5.339050486529260670e-05 1.111799286444370254e-02 3.962718641822800691e+01
2.572375559058498879e+02 4.692754541671281088e-05 1.017440983414916525e-02 4.046701974734065743e+01
2.704264074262317763e+02 4.124693191033986233e-05 9.310908608719007176e-03 4.132465196868496804e+01
2.842914658240042627e+02 3.625396080082013688e-05 8.520692652751531496e-03 4.220046030064183640e+01
2.988674009671481713e+02 3.186539247584784928e-05 7.797542252178399878e-03 4.309482995611834610e+01
3.141906602857868620e+02 2.800806353872190168e-05 7.135765559490008653e-03 4.400815431196362226e+01
3.302995599097462787e+02 2.461766707513976372e-05 6.530153793751930849e-03 4.494083508201999422e+01
3.472343804788374655e+02 2.163768056954620039e-05 5.975940242787406396e-03 4.589328249379142477e+01
3.650374678654371792e+02 1.901842359800915742e-05 5.468762744843352203e-03 4.686591546888800508e+01
3.837533390612260860e+02 1.671622958804296438e-05 5.004629354431923936e-03 4.785916180726108848e+01
4.034287934928555046e+02 1.469271783753124230e-05 4.579886922112316218e-03 4.887345837540302540e+01
4.241130300448911044e+02 1.291415365626017419e-05 4.191192340899406628e-03 4.990925129846016262e+01
4.458577700826506316e+02 1.135088596280305980e-05 3.835486232989807932e-03 5.096699615646406301e+01
4.687173867825576963e+02 9.976852960712832193e-06 3.509968869693404995e-03 5.204715818474262079e+01
4.927490410934046849e+02 8.769147652958880356e-06 3.212078135036194187e-03 5.315021247853113806e+01
5.180128246684984106e+02 7.707635951154043297e-06 2.939469359589238270e-03 5.427664420187609551e+01
5.445719101260938260e+02 6.774621012965149887e-06 2.689996865803856180e-03 5.542694880114261480e+01
5.724927090138447738e+02 5.954548211692252911e-06 2.461697079586691941e-03 5.660163222285176943e+01
6.018450378722650385e+02 5.233745819507701223e-06 2.252773075196022601e-03 5.780121113619446760e+01
6.327022928124463306e+02 4.600197081187584252e-06 2.061580431813527566e-03 5.902621316037698307e+01
6.651416330445650829e+02 4.043339878465802821e-06 1.886614290463709291e-03 6.027717709660510792e+01
6.992441738160994191e+02 3.553890645174556364e-06 1.726497509413607665e-03 6.155465316508693263e+01
7.350951892421985576e+02 3.123689597583047197e-06 1.579969824822224271e-03 6.285920324703923967e+01
7.727843255353874383e+02 2.745564699718110696e-06 1.445877931325115912e-03 6.419140113186715269e+01
8.124058251677936369e+02 2.413212095776899861e-06 1.323166404477668342e-03 6.555183276948838511e+01
8.540587625264155349e+02 2.121091016285237845e-06 1.210869393610233867e-03 6.694109652802532651e+01
8.978472916506958654e+02 1.864331405946337376e-06 1.108103019711187149e-03 6.835980345710002837e+01
9.438809066718714575e+02 1.638652733198519575e-06 1.014058418498962454e-03 6.980857755650880847e+01
9.922747156053346771e+02 1.440292627937984422e-06 9.279953739286804807e-04 7.128805605064621886e+01
1.043149728180628472e+03 1.265944157700711828e-06 8.492364920236699201e-04 7.279888966892981728e+01
1.096633158428801380e+03 1.112700696601603815e-06 7.771618691712750548e-04 7.434174293186646310e+01
1.152858742783748994e+03 9.780074679330839547e-07 7.112042129213184917e-04 7.591729444337737220e+01
1.211967074492957408e+03 8.596189525666750216e-07 6.508443768817468713e-04 7.752623718930807684e+01
1.274105955173854682e+03 7.555614530976907985e-07 5.956072745669698052e-04 7.916927884220548606e+01
1.339430764394840480e+03 6.641001896276224774e-07 5.450581400375660275e-04 8.084714207254936014e+01
1.408104848205140797e+03 5.837103786267690952e-07 4.987991058994469462e-04 8.256056486666496141e+01
1.480299927585014302e+03 5.130518127207489244e-07 4.564660717276036099e-04 8.431030085128934104e+01
1.556196527837648091e+03 4.509465176125019810e-07 4.177258382664814323e-04 8.609711962501557991e+01
1.635984429996447261e+03 3.963591136506251663e-07 3.822734848507306133e-04 8.792180709684754447e+01
1.719863145376471039e+03 3.483795546435625806e-07 3.498299694037566095e-04 8.978516583183380817e+01
1.808042414456641382e+03 3.062079561532231620e-07 3.201399321243204843e-04 9.168801540408593098e+01
1.900742731340188357e+03 2.691412603344521814e-07 2.929696855739371045e-04 9.363119275721496138e+01
1.998195895104759757e+03 2.365615150057120579e-07 2.681053753455401125e-04 9.561555257250195439e+01
2.100645589420852957e+03 2.079255715465897098e-07 2.453512968359334266e-04 9.764196764483149593e+01
2.208347991887921125e+03 1.827560298720909328e-07 2.245283548734796849e-04 9.971132926648050443e+01
2.321572414611807289e+03 1.606332795248921423e-07 2.054726540773417953e-04 1.018245476192743268e+02
2.440601977625289692e+03 1.411885041986054383e-07 1.880342088524734922e-04 1.039825521747699071e+02
2.565734316835632853e+03 1.240975330691085750e-07 1.720757628675345457e-04 1.061862921032226126e+02
2.697282328269386653e+03 1.090754364262935727e-07 1.574717087233591173e-04 1.084367366909731061e+02
2.835574950475434889e+03 9.587177550868913467e-08 1.441070993091621657e-04 1.107348757667742802e+02
2.980957987042702825e+03 8.426642734912719016e-08 1.318767430649119379e-04 1.130817201372543792e+02
3.133794971289250043e+03 7.406591502567668445e-08 1.206843760285517735e-04 1.154783020313825403e+02
3.294468075284922634e+03 6.510018213849318804e-08 1.104419041515801659e-04 1.179256755544519280e+02
3.463379065480592999e+03 5.721975773873428335e-08 1.010687099193677193e-04 1.204249171519762740e+02
3.640950307333554974e+03 5.029326444453601696e-08 9.249101781823983669e-05 1.229771260827817798e+02
3.827625821441170956e+03 4.420522820172273372e-08 8.464131365561884375e-05 1.255834249027944907e+02
4.023872393823642142e+03 3.885415317435562182e-08 7.745781316222071888e-05 1.282449599586464615e+02
4.230180743132199495e+03 3.415082967126963457e-08 7.088397569401251434e-05 1.309629018919411578e+02
4.447066747701334862e+03 3.001684689927302989e-08 6.486805920618067837e-05 1.337384461539923279e+02
4.675072735513344924e+03 2.638328574876771232e-08 5.936271299653517674e-05 1.365728135319288583e+02
4.914768840300775992e+03 2.318956981847911203e-08 5.432460501259522265e-05 1.394672506853745517e+02
5.166754427177720572e+03 2.038245552455915261e-08 4.971408078917150073e-05 1.424230306947964948e+02
5.431659591364801599e+03 1.791514445772846675e-08 4.549485133190113564e-05 1.454414536216146985e+02
5.710146733755425885e+03 1.574650319018516366e-08 4.163370749002397598e-05 1.485238470798885260e+02
6.002912217263044113e+03 1.384037752548531531e-08 3.810025857035022139e-05 1.516715668203194696e+02
6.310688108091153481e+03 1.216498975894978250e-08 3.486669313500477009e-05 1.548859973263865015e+02
6.634244006280128815e+03 1.069240890018262365e-08 3.190756010030805718e-05 1.581685524236370100e+02
6.974388970108182548e+03 9.398085025482190282e-09 2.919956841369514004e-05 1.615206759012322948e+02
7.331973539158482708e+03 8.260439997264224681e-09 2.672140373208085868e-05 1.649438421470070466e+02
7.707891861111141225e+03 7.260507727200693633e-09 2.445356065872432262e-05 1.684395567961414883e+02
8.103083927578147268e+03 6.381617985750375809e-09 2.237818921810856671e-05 1.720093573932911113e+02
8.518537924572025076e+03 5.609118486777755827e-09 2.047895436048458032e-05 1.756548140686942077e+02
8.955292703485578386e+03 4.930130614049843442e-09 1.874090739028549872e-05 1.793775302291656999e+02
9.414440378761499232e+03 4.333334717190927212e-09 1.715036830635071924e-05 1.831791432629447058e+02
9.897129058747319505e+03 3.808781397738968989e-09 1.569481812796214839e-05 1.870613252601148702e+02
1.040456571656430970e+04 3.347725639150065297e-09 1.436280035913673068e-05 1.910257837478442582e+02
1.093801920816896018e+04 2.942481015497057410e-09 1.314383081565704083e-05 1.950742624417139268e+02
1.149882344515380282e+04 2.586291548299272662e-09 1.202831510504819506e-05 1.992085420123257791e+02
1.208838073022117533e+04 2.273219075186728836e-09 1.100747311004412040e-05 2.034304408687675902e+02
1.270816526367042752e+04 1.998044252663987243e-09 1.007326988112346107e-05 2.077418159583768045e+02
1.335972682966652428e+04 1.756179542561943428e-09 9.218352394190302480e-06 2.121445635834525945e+02
1.404469467150771925e+04 1.543592731543191256e-09 8.435991675625219342e-06 2.166406202352687274e+02
1.476478156558243427e+04 1.356739708627131399e-09 7.720029839178303951e-06 2.212319634457599591e+02
1.552178810420236550e+04 1.192505380046580139e-09 7.064831617842143366e-06 2.259206126576131055e+02
1.631760719802116000e+04 1.048151736399288006e-09 6.465240009197056420e-06 2.307086301120393159e+02
1.715422880929701932e+04 9.212722063142249336e-10 5.916535685148309305e-06 2.355981217563878545e+02
1.803374492783486858e+04 8.097515356342984655e-10 5.414399846538849182e-06 2.405912381699031926e+02
1.895835480205053682e+04 7.117305232569435519e-10 4.954880230299002051e-06 2.456901755098879505e+02
1.993037043823734348e+04 6.255750257256773736e-10 4.534360001562790935e-06 2.508971764777184319e+02
2.095222238178608313e+04 5.498487138371946615e-10 4.149529285903066792e-06 2.562145313048113167e+02
2.202646579481454319e+04 4.832891270837378837e-10 3.797359117633089879e-06 2.616445787605716191e+02
2.315578684540369068e+04 4.247866267204275697e-10 3.475077599105608212e-06 2.671897071809156614e+02
2.434300942441707230e+04 3.733658965789505689e-10 3.180148083368883576e-06 2.728523555182680980e+02
2.559110220669883711e+04 3.281696832229861996e-10 2.910249208465930685e-06 2.786350144149000698e+02
2.690318607430719567e+04 2.884445043681236552e-10 2.663256626214831673e-06 2.845402272981067426e+02
2.828254192034512744e+04 2.535280873085947103e-10 2.437226281668465355e-06 2.905705914990232372e+02
2.973261885290210193e+04 2.228383279312126625e-10 2.230379111643168206e-06 2.967287593947709183e+02
3.125704281962085952e+04 1.958635862492219172e-10 2.041087041884399522e-06 3.030174395753862200e+02
3.285962567445517197e+04 1.721541566685326344e-10 1.867860172650266651e-06 3.094393980352505196e+02
3.454437470929026313e+04 1.513147707840705628e-10 1.709335051851398210e-06 3.159974593890491974e+02
3.631550267425979837e+04 1.329980077188622930e-10 1.564263943452526044e-06 3.226945081148273289e+02
3.817743831181556016e+04 1.168985021457584064e-10 1.431505006660550095e-06 3.295334898223533173e+02
4.013483743089039490e+04 1.027478534325960753e-10 1.310013308605451684e-06 3.365174125488430263e+02
4.219259454884566367e+04 9.031015103887284824e-11 1.198832599773055048e-06 3.436493480816316719e+02
4.435585513031406299e+04 7.937804156675794592e-11 1.097087787458351026e-06 3.509324333101009188e+02
4.663002845354139572e+04 6.976927189791089551e-11 1.003978047992664729e-06 3.583698716043123227e+02
4.902080113639969204e+04 6.132365078660652617e-11 9.187705235388258271e-07 3.659649342248332573e+02
5.153415135589398415e+04 5.390037825391540085e-11 8.407945538366746862e-07 3.737209617611586054e+02
5.417636379671867326e+04 4.737569826077088553e-11 7.694363975005548542e-07 3.816413656011062585e+02
5.695404536624281900e+04 4.164083552665193254e-11 7.041344013196769272e-07 3.897296294312795908e+02
5.987414171521994285e+04 3.660018209786409693e-11 6.443745795395159742e-07 3.979893107693127945e+02
6.294395460553275188e+04 3.216970343305004063e-11 5.896865683291885812e-07 4.064240425285953506e+02
6.617116016840114025e+04 2.827553743320816151e-11 5.396399235928120674e-07 4.150375346161699781e+02
6.956382809870861820e+04 2.485276306014593946e-11 4.938407329852717835e-07 4.238335755644889673e+02
7.313044183344273188e+04 2.184431801456573013e-11 4.519285154658985718e-07 4.328160341977481380e+02
7.687991976470644295e+04 1.920004743000947333e-11 4.135733839867869844e-07 4.419888613336285061e+02
8.082163754034375597e+04 1.687586772306808006e-11 3.784734489832164040e-07 4.513560915205183051e+02
8.496545150794286747e+04 1.483303166019731053e-11 3.463524422303254558e-07 4.609218448131760510e+02
8.932172336083906703e+04 1.303748238863096155e-11 3.169575423617549385e-07 4.706903285834506505e+02
9.390134604774527543e+04 1.145928566241609858e-11 2.900573849373814299e-07 4.806658393719598621e+02
9.871577101079767453e+04 1.007213079784219544e-11 2.654402413957638103e-07 4.908527647773564127e+02
1.037770368201258680e+05 8.852892038599502182e-12 2.429123525589675815e-07 5.012555853862686490e+02
1.090977992765488161e+05 7.781243018000606674e-12 2.222964035726417329e-07 5.118788767440256606e+02
1.146913630576689611e+05 6.839317890831909331e-12 2.034301282778143165e-07 5.227273113672575846e+02
1.205717149864963576e+05 6.011413485433352372e-12 1.861650320294089939e-07 5.338056607985785149e+02
1.267535590057915979e+05 5.283727510500960855e-12 1.703652229092682846e-07 5.451187977059955756e+02
1.332523529455816897e+05 4.644128452130928569e-12 1.559063421337881821e-07 5.566716980256169336e+02
1.400843471757866791e+05 4.081953325001636075e-12 1.426745852378740646e-07 5.684694431503646683e+02
1.472666252406089625e+05 3.587829905920561000e-12 1.305658063309011140e-07 5.805172221649615949e+02
1.548171465762921434e+05 3.153520486129720340e-12 1.194846983743885666e-07 5.928203341282942347e+02
1.627547914190663723e+05 2.771784537508751558e-12 1.093440430294450226e-07 6.053841904042592432e+02
1.710994080155731353e+05 2.436258003130916603e-12 1.000640241695295511e-07 6.182143170413288544e+02
1.798718622538203781e+05 2.141347199791390904e-12 9.157159965544594865e-08 6.313163572039410383e+02
1.890940898387710622e+05 1.882135563705337214e-12 8.379992642761103639e-08 6.446960736540349899e+02
1.987891511430313694e+05 1.654301684710213320e-12 7.668783439075134488e-08 6.583593512858465147e+02
2.089812888697938761e+05 1.454047262486609493e-12 7.017934494993675632e-08 6.723121997141557813e+02
2.196959886722229712e+05 1.278033783733101202e-12 6.422323040847104358e-08 6.865607559184487627e+02
2.309600428808625729e+05 1.123326864608759472e-12 5.877261075948344416e-08 7.011112869399051988e+02
2.428016174984180834e+05 9.873473305738213524e-13 5.378458469803988618e-08 7.159701926409486532e+02
2.552503226294341730e+05 8.678282180412200438e-13 4.921989194896965835e-08 7.311440085178018080e+02
2.683372865209793090e+05 7.627769810152817268e-13 4.504260425304607157e-08 7.466394085759876589e+02
2.820952333994774381e+05 6.704422726424317753e-13 4.121984257909355990e-08 7.624632082656631837e+02
2.965585652983192704e+05 5.892847478795949031e-13 3.772151833628385624e-08 7.786223674792897782e+02
3.117634480808650260e+05 5.179514005209526646e-13 3.452009654972465233e-08 7.951239936130256183e+02
3.277479018739408348e+05 4.552530067456796240e-13 3.159037913529465892e-08 8.119753446921041586e+02
3.445518961379595567e+05 4.001442991418207715e-13 2.890930656796266237e-08 8.291838325642729615e+02
3.622174496113909991e+05 3.517065406778192940e-13 2.645577638245884464e-08 8.467570261590813061e+02
3.807887353794944938e+05 3.091322081080485720e-13 2.421047707779703103e-08 8.647026548171320428e+02
4.003121913300411543e+05 2.717115294630720612e-13 2.215573611829838684e-08 8.830286116895475743e+02
4.208366362722213962e+05 2.388206511868579763e-13 2.027538083476913103e-08 9.017429572106776732e+02
4.424133920090965694e+05 2.099112376498041242e-13 1.855461113094788380e-08 9.208539226415714438e+02
4.650964116688389913e+05 1.845013296491976669e-13 1.697988299338280617e-08 9.403699136915593044e+02
4.889424146156553179e+05 1.621673094944646325e-13 1.553880188780014717e-08 9.602995142156365773e+02
5.140110282777408138e+05 1.425368387245546230e-13 1.422002520290617405e-08 9.806514899893571737e+02
5.403649372469085502e+05 1.252826507199255060e-13 1.301317297378136833e-08 1.001434792564300551e+03
5.680700400227193022e+05 1.101170947234853337e-13 1.190874618217859831e-08 1.022658563206425129e+03
5.971956137930564582e+05 9.678734031135684490e-14 1.089805199064587874e-08 1.044332136914479634e+03
6.278144876631795196e+05 8.507116236647746590e-14 9.973135322050601409e-09 1.066465046528162020e+03
6.600032247664229944e+05 7.477323628383718119e-14 9.126716245923312459e-09 1.089067026920117542e+03
6.938423137119094608e+05 6.572188164386908371e-14 8.352132678818871007e-09 1.112148019276658260e+03
7.294163698479967425e+05 5.776620006677910043e-14 7.643287947707287933e-09 1.135718175473021347e+03
7.668143468447235646e+05 5.077355953129380990e-14 6.994602803629757742e-09 1.159787862534795295e+03
8.061297591243179049e+05 4.462738321888633906e-14 6.400971507979360283e-09 1.184367667201785707e+03
8.474609156959623797e+05 3.922520601961997944e-14 5.857721645708337196e-09 1.209468400580268053e+03
8.909111659795242595e+05 3.447696629970649532e-14 5.360577349208008575e-09 1.235101102901820241e+03
9.365891582329371013e+05 3.030350445164316517e-14 4.905625643360557890e-09 1.261277048378276049e+03
9.846091112294379855e+05 2.663524319589922522e-14 4.489285646878269764e-09 1.288007750155910344e+03
1.035091099863994634e+06 2.341102763339045883e-14 4.108280387551027245e-09 1.315304965390256484e+03
1.088161355403086869e+06 2.057710570987971566e-14 3.759611009483783213e-09 1.343180700401595459e+03
1.143952581128624268e+06 1.808623209654564600e-14 3.440533169418625377e-09 1.371647215973592665e+03
1.202604284165272489e+06 1.589688054586869321e-14 3.148535436246374240e-09 1.400717032729122820e+03
1.264263124320930336e+06 1.397255159288343563e-14 2.881319523793105009e-09 1.430402936652069911e+03
1.329083280812643003e+06 1.228116405935553636e-14 2.636782201215691988e-09 1.460717984699869703e+03
1.397226837794951163e+06 1.079452021702001096e-14 2.412998738679816033e-09 1.491675510551364823e+03
1.468864189654704416e+06 9.487835693143811819e-15 2.208207757996547998e-09 1.523289130472997840e+03
1.544174467085782439e+06 8.339326281321583845e-15 2.020797368979503515e-09 1.555572749302843931e+03
1.623345985009134281e+06 7.329844769195074664e-15 1.849292482415867022e-09 1.588540566572096395e+03
1.706576713458170416e+06 6.442561728374772980e-15 1.692343199776676493e-09 1.622207082744923810e+03
1.794074772606963990e+06 5.662684945028799579e-15 1.548714188298041740e-09 1.656587105601223129e+03
1.886058953179090517e+06 4.977212813570368443e-15 1.417274957794177702e-09 1.691695756748366421e+03
1.982759263538399944e+06 4.374717582210337631e-15 1.296990962675006170e-09 1.727548478266020084e+03
2.084417504829733167e+06 3.845154836848889286e-15 1.186915459142742183e-09 1.764161039512044681e+03
2.191287875607731752e+06 3.379696046998008358e-15 1.086182053455362443e-09 1.801549544041311037e+03
2.303637607465630397e+06 2.970581382219363513e-15 9.939978826298383092e-10 1.839730436702754332e+03
2.421747633253435604e+06 2.610990345192266099e-15 9.096373738913509850e-10 1.878720510867019129e+03
2.545913289556382690e+06 2.294928064749617474e-15 8.324365337582165538e-10 1.918536915806810157e+03
2.676445055190230254e+06 2.017125353251654823e-15 7.617877218165341096e-10 1.959197164255099096e+03
2.813669327560023405e+06 1.772950862043254455e-15 6.971348680361797876e-10 2.000719140087962160e+03
2.957929238823618274e+06 1.558333870603044438e-15 6.379690960012596571e-10 2.043121106211707911e+03
3.109585513900805730e+06 1.369696422080595596e-15 5.838247175885975893e-10 2.086421712574075627e+03
