# [1] k:    [h/Mpc] 
# [2] P:    [Mpc^3/h^3] 
# [3] T:    [Mpc^3/h^3] 
# [4] Delta_k 
3.059023205018257859e-07 4.830880408349053079e-01 3.949809060980226059e+04 7.005592305090184623e-22
3.215862678579245412e-07 5.065140599984766512e-01 3.947840899972231273e+04 8.534031680776306983e-22
3.380743483904743061e-07 5.310760592062222507e-01 3.945873719685390097e+04 1.039593706810615208e-21
3.554077908890640533e-07 5.568291246700224351e-01 3.943907519630118622e+04 1.266406214163390127e-21
3.736299379885273404e-07 5.838310138555584672e-01 3.941942299317973811e+04 1.542703354940398994e-21
3.927863545481053003e-07 6.121422850168778407e-01 3.939978058259861427e+04 1.879281398595728268e-21
4.129249415873286729e-07 6.418264330139908935e-01 3.938014795969618717e+04 2.289292081850639782e-21
4.340960560635169786e-07 6.729500317137925292e-01 3.936052511958635296e+04 2.788756510834518084e-21
4.563526367904018199e-07 7.055828832987887100e-01 3.934091205738548888e+04 3.397191183412235248e-21
4.797503368127355169e-07 7.397981748163349192e-01 3.932130876823921426e+04 4.138370593424638362e-21
5.043476625678916271e-07 7.756726423163813333e-01 3.930171524726874486e+04 5.041256215471466938e-21
5.302061201824328858e-07 8.132867429514484270e-01 3.928213148959774117e+04 6.141128170202565604e-21
5.573903692694645323e-07 8.527248354223733173e-01 3.926255749037909118e+04 7.480963789765624653e-21
5.859683846113473662e-07 8.940753691708983597e-01 3.924299324474127934e+04 9.113116950616981140e-21
6.160116261320592563e-07 9.374310827503132826e-01 3.922343874782418425e+04 1.110136379342424950e-20
6.475952175842278093e-07 9.828892118132538380e-01 3.920389399476116523e+04 1.352339476621684212e-20
6.807981343976415384e-07 1.030551707187880472e+00 3.918435898071476549e+04 1.647385036704699058e-20
7.157034011589609116e-07 1.080525463524606433e+00 3.916483370082319016e+04 2.006801920726409105e-20
7.523982992164306405e-07 1.132922559034887700e+00 3.914531815023598028e+04 2.444634289678253837e-20
7.909745849287134463e-07 1.187860506853228193e+00 3.912581232410509256e+04 2.977990377898114674e-20
8.315287191035797356e-07 1.245462518588759115e+00 3.910631621758489928e+04 3.627710994768498280e-20
8.741621082001717898e-07 1.305857780656999312e+00 3.908682982583219564e+04 4.419183876226213570e-20
9.189813578979717484e-07 1.369181744010962154e+00 3.906735314399730123e+04 5.383335706745011156e-20
9.660985396665287929e-07 1.435576427925083332e+00 3.904788616725958855e+04 6.557840574915583568e-20
1.015631471002508262e-06 1.505190738504063708e+00 3.902842889077420841e+04 7.988592082809605941e-20
1.067704010034801725e-06 1.578180802642448199e+00 3.900898130969872727e+04 9.731496631621187776e-20
1.122446365234364056e-06 1.654710318179100526e+00 3.898954341921972082e+04 1.185465795594726787e-19
1.179995421003214005e-06 1.734950921024924542e+00 3.897011521449957218e+04 1.444103826700828991e-19
1.240495079956737545e-06 1.819082570099781471e+00 3.895069669070308737e+04 1.759169998865145497e-19
1.304096622755184042e-06 1.907293950936381766e+00 3.893128784302403801e+04 2.142975475647528695e-19
1.370959086384113674e-06 1.999782898848268875e+00 3.891188866663203225e+04 2.610517398653480585e-19
1.441249661829700436e-06 2.096756842626505080e+00 3.889249915670794144e+04 3.180064898602422788e-19
1.515144112143284134e-06 2.198433269747960495e+00 3.887311930843502341e+04 3.873872958877635635e-19
1.592827211940548929e-06 2.305040214142480615e+00 3.885374911699013319e+04 4.719052025671483785e-19
1.674493209434307728e-06 2.416816767618141792e+00 3.883438857757898950e+04 5.748627344624206436e-19
1.760346312156213177e-06 2.534013616076172148e+00 3.881503768538324221e+04 7.002829417346513617e-19
1.850601197581954108e-06 2.656893601738705701e+00 3.879569643559573888e+04 8.530666002261071825e-19
1.945483549936765273e-06 2.785732312633572683e+00 3.877636482340292423e+04 1.039183708542687842e-18
2.045230624523543909e-06 2.920818700672047630e+00 3.875704284402009944e+04 1.265906764858437546e-18
2.150091840984688092e-06 3.062455729685806372e+00 3.873773049263847497e+04 1.542094938691524255e-18
2.260329406981118614e-06 3.210961054901321887e+00 3.871842776446048811e+04 1.878540241629838025e-18
2.376218973848010330e-06 3.366667735356426938e+00 3.869913465468658251e+04 2.288389223568939135e-18
2.498050325866710336e-06 3.529924980868656803e+00 3.867985115853275784e+04 2.787656672185087957e-18
2.626128104876382668e-06 3.701098935217193908e+00 3.866057727119983610e+04 3.395851388365081197e-18
2.760772572037287162e-06 3.880573497314983467e+00 3.864131298790859728e+04 4.136738489688078224e-18
2.902320408650496801e-06 4.068751182188084847e+00 3.862205830386463640e+04 5.039268028834909160e-18
3.051125558036519890e-06 4.266054023718736765e+00 3.860281321428909723e+04 6.138706212572862550e-18
3.207560110577962700e-06 4.472924521156873112e+00 3.858357771440991928e+04 7.478013423511105384e-18
3.372015234139298021e-06 4.689826631524257827e+00 3.856435179943106778e+04 9.109522890614061935e-18
3.544902152190277809e-06 4.917246810163165449e+00 3.854513546458961355e+04 1.109698560231767579e-17
3.726653172078803499e-06 5.155695101717593154e+00 3.852592870510308421e+04 1.351806136684674420e-17
3.917722766024474580e-06 5.405706284040002529e+00 3.850673151620452700e+04 1.646735335762429715e-17
4.118588707535861475e-06 5.667841067556763868e+00 3.848754389312936837e+04 2.006010471812042411e-17
4.329753266093139866e-06 5.942687352792542121e+00 3.846836583110228094e+04 2.443670167043285968e-17
4.551744463083409039e-06 6.230861548888147361e+00 3.844919732536780066e+04 2.976815908595233521e-17
4.785117392129195949e-06 6.533009956036180732e+00 3.843003837115535134e+04 3.626280286584446038e-17
5.030455607111644826e-06 6.849810214977909872e+00 3.841088896371860028e+04 4.417441024454387868e-17
5.288372581359179674e-06 7.181972826758468820e+00 3.839174909828298405e+04 5.381212609713513653e-17
5.559513241650373021e-06 7.530242746216493366e+00 3.837261877010251919e+04 6.555254272922895061e-17
5.844555580866815540e-06 7.895401052714979606e+00 3.835349797442923591e+04 7.985441516493375589e-17
6.144212353328471540e-06 8.278266701896098922e+00 3.833438670650441782e+04 9.727658693075926317e-17
6.459232857050738118e-06 8.679698362399443923e+00 3.831528496158919006e+04 1.184998267829661712e-16
6.790404807379771878e-06 9.100596341619054286e+00 3.829619273492958746e+04 1.443534296447400091e-16
7.138556306691162195e-06 9.541904604873254314e+00 3.827711002178708441e+04 1.758476211814510906e-16
7.504557915077204533e-06 1.000461289247174079e+01 3.825803681742987101e+04 2.142130322174621750e-16
7.889324827200587103e-06 1.048975893943091720e+01 3.823897311710238864e+04 2.609487854511786429e-16
8.293819160757753291e-06 1.099843080287439179e+01 3.821991891608189326e+04 3.178810734509008775e-16
8.719052362274285227e-06 1.153176930223634677e+01 3.820087420962625765e+04 3.872345168557253753e-16
9.166087736248057605e-06 1.209097057784341800e+01 3.818183899300875055e+04 4.717190910947645662e-16
9.636043103964330830e-06 1.267728877354120343e+01 3.816281326150500536e+04 5.746360182716532185e-16
1.013009359863121538e-05 1.329203884940585212e+01 3.814379701037996711e+04 7.000067619240977172e-16
1.064947460382478790e-05 1.393659953087916392e+01 3.812479023491832049e+04 8.527301651110939243e-16
1.119548484259151579e-05 1.461241640086984006e+01 3.810579293038973265e+04 1.038773871971651937e-15
1.176948962493235138e-05 1.532100514185027151e+01 3.808680509208790318e+04 1.265407512528760528e-15
1.237292426178888029e-05 1.606395493510038364e+01 3.806782671527856292e+04 1.541486762392483306e-15
1.300729765406831334e-05 1.684293202487833696e+01 3.804885779526009719e+04 1.877799376963798993e-15
1.367419606568169201e-05 1.765968345533297779e+01 3.802989832731161732e+04 2.287486721359874933e-15
1.437528709002991615e-05 1.851604098870154758e+01 3.801094830672754324e+04 2.786557267293537117e-15
1.511232381985586521e-05 1.941392521346813638e+01 3.799200772880464501e+04 3.394512121710601115e-15
1.588714923088939049e-05 2.035534985173299560e+01 3.797307658882907708e+04 4.135107029624832740e-15
1.670170079024660794e-05 2.134242627549642890e+01 3.795415488210228796e+04 5.037280626305711099e-15
1.755801530110687162e-05 2.237736824191344809e+01 3.793524260393239092e+04 6.136285210123939750e-15
1.845823399578163895e-05 2.346249685814230901e+01 3.791633974960396154e+04 7.475064220828105605e-15
1.940460788991057802e-05 2.460024578705299803e+01 3.789744631443408434e+04 9.105930248048007069e-15
2.039950341117315543e-05 2.579316670524199751e+01 3.787856229372066446e+04 1.109260913789341358e-14
2.144540831659045798e-05 2.704393502582563258e+01 3.785968768277684285e+04 1.351273007087357644e-14
2.254493791321357228e-05 2.835535589868482376e+01 3.784082247691810335e+04 1.646085891051304517e-14
2.370084159775344190e-05 2.973037050167040363e+01 3.782196667144936509e+04 2.005219335031377251e-14
2.491600973150475266e-05 3.117206263694946600e+01 3.780312026169506862e+04 2.442706424642628635e-14
2.619348086775470484e-05 3.268366564712286504e+01 3.778428324296481151e+04 2.975641902483275935e-14
2.753644934974891994e-05 3.426856966683214978e+01 3.776545561058770545e+04 3.624850142649331465e-14
2.894827329821342076e-05 3.593032922589691225e+01 3.774663735987801192e+04 4.415698860033021475e-14
3.043248300840562692e-05 3.767267122126655465e+01 3.772782848616949195e+04 5.379090349994541894e-14
3.199278977769132648e-05 3.949950327543157869e+01 3.770902898478537099e+04 6.552668990925737011e-14
3.363309518572123809e-05 4.141492250023201649e+01 3.769023885105120280e+04 7.982292192707550038e-14
3.535750085041236633e-05 4.342322468564441351e+01 3.767145808030557964e+04 9.723822268148055516e-14
3.717031868412924126e-05 4.552891393409245779e+01 3.765268666788299015e+04 1.184530924449546725e-13
3.907608167571078754e-05 4.773671276199086577e+01 3.763392460911811213e+04 1.442964990807598248e-13
4.107955522530357004e-05 5.005157269112739726e+01 3.761517189934581256e+04 1.757782698382047850e-13
4.318574906034433776e-05 5.247868535367948084e+01 3.759642853391396056e+04 2.141285502015074005e-13
4.539992976248807967e-05 5.502349413565350744e+01 3.757769450816421886e+04 2.608458716404645940e-13
4.772763393680535859e-05 5.769170638501942960e+01 3.755896981744267396e+04 3.177557065036101188e-13
5.017468205617894183e-05 6.048930621181026623e+01 3.754025445709776977e+04 3.870817980772110240e-13
5.274719301551768723e-05 6.342256790893373619e+01 3.752154842248022760e+04 4.715330530216142946e-13
5.545159943218107865e-05 6.649807002378797449e+01 3.750285170894311159e+04 5.744093914938716712e-13
5.829466373087315435e-05 6.972271011224236759e+01 3.748416431184180692e+04 6.997306910343665385e-13
6.128349505322671351e-05 7.310372020807211868e+01 3.746548622653398343e+04 8.523938626805266900e-13
6.442556703436033705e-05 7.664868304253926112e+01 3.744681744837966107e+04 1.038364197033264258e-12
6.772873649085907528e-05 8.036554905049693787e+01 3.742815797274113720e+04 1.264908457095070036e-12
7.120126306690828879e-05 8.426265420117022131e+01 3.740950779498516931e+04 1.540878825947772602e-12
7.485182988770643921e-05 8.834873869353916120e+01 3.739086691047444037e+04 1.877058804481892957e-12
7.868956527180084881e-05 9.263296655839231164e+01 3.737223531457819627e+04 2.286584575081970400e-12
8.272406555663884206e-05 9.712494621088170277e+01 3.735361300267223123e+04 2.785458295989066192e-12
8.696541909440986997e-05 1.018347519996710417e+02 3.733499997013040411e+04 3.393173383239947252e-12
9.142423147818073699e-05 1.067729468010916918e+02 3.731639621232462378e+04 4.133476212982927376e-12
9.611165206140254191e-05 1.119506057089974860e+02 3.729780172463548661e+04 5.035294007576333357e-12
1.010394018371016720e-04 1.173793408732939270e+02 3.727921650244375633e+04 6.133865162474773040e-12
1.062198027464676133e-04 1.230713275429973521e+02 3.726064054113251041e+04 7.472116181261822351e-12
1.116658084901241013e-04 1.290393313721688457e+02 3.724207383608711098e+04 9.102339022357728255e-12
1.173910369191279803e-04 1.352967370499756896e+02 3.722351638269522664e+04 1.108823439947431139e-11
1.234098040866900780e-04 1.418575783190885318e+02 3.720496817634683975e+04 1.350740087747672585e-11
1.297371600457651012e-04 1.487365694497356969e+02 3.718642921243421006e+04 1.645436702470042349e-11
1.363889264820232711e-04 1.559491382400068176e+02 3.716789948635188921e+04 2.004428510262196989e-11
1.433817362763056455e-04 1.635114606164217435e+02 3.714937899349779764e+04 2.441743062325612278e-11
1.507330750954898936e-04 1.714404969123049511e+02 3.713086772926792764e+04 2.974468359380231826e-11
1.584613251157653230e-04 1.797540299055313540e+02 3.711236568906792672e+04 3.623420562738679174e-11
1.665858109876483387e-04 1.884707047005630614e+02 3.709387286829837103e+04 4.413957382694219836e-11
1.751268481576742783e-04 1.976100705447044845e+02 3.707538926236634870e+04 5.376968927260015644e-11
1.841057936675958640e-04 2.071926246719574181e+02 3.705691486668015568e+04 6.550084728519140029e-11
1.935450995581117185e-04 2.172398582730516807e+02 3.703844967665251170e+04 7.979144110964224868e-11
2.034683690106629794e-04 2.277743046945060144e+02 3.701999368768999557e+04 9.719987356242113546e-11
2.139004153676812446e-04 2.388195899753553419e+02 3.700154689521512773e+04 1.184063765381793808e-10
2.248673241788693637e-04 2.504004858339471014e+02 3.698310929464118090e+04 1.442395909691875358e-10
2.363965184286629729e-04 2.625429652246996284e+02 3.696468088138893654e+04 1.757089458459196251e-10
2.485168271079757005e-04 2.752742605886541583e+02 3.694626165088094422e+04 2.140441015038672996e-10
2.612585573016925852e-04 2.886229249287731022e+02 3.692785159853994264e+04 2.607429984172270136e-10
2.746535699721688829e-04 3.026188958470181092e+02 3.690945071979408385e+04 3.176303889989692338e-10
2.887353596282311993e-04 3.172935626865763084e+02 3.689105901007223292e+04 3.869291395284245619e-10
3.035391380788964293e-04 3.326798369300501577e+02 3.687267646480449184e+04 4.713470883187098001e-10
3.191019224812350285e-04 3.488122260114378719e+02 3.685430307942480431e+04 5.741828540938927877e-10
3.354626279025451924e-04 3.657269107073565806e+02 3.683593884936885297e+04 6.994547290222899666e-10
3.526621646282911485e-04 3.834618262811839600e+02 3.681758377007513627e+04 8.520576928820284658e-10
3.707435404591257876e-04 4.020567475619956213e+02 3.679923783698285115e+04 1.037954683663717227e-09
3.897519682527942697e-04 4.215533781492940761e+02 3.678090104553503625e+04 1.264409598480810279e-09
4.097349789798286580e-04 4.419954439433467996e+02 3.676257339117660740e+04 1.540271129262880295e-09
4.307425405757319271e-04 4.634287912110837055e+02 3.674425486935448862e+04 1.876318524069440769e-09
4.528271828868440083e-04 4.859014894074255722e+02 3.672594547551812866e+04 2.285682784595842250e-09
4.760441290223192071e-04 5.094639389826144793e+02 3.670764520511873707e+04 2.784359758100625659e-09
5.004514334406633081e-04 5.341689844174356949e+02 3.668935405361055018e+04 3.391835172745150997e-09
5.261101271161193775e-04 5.600680716138984963e+02 3.667094233760749194e+04 4.131816816905591161e-09
5.530843701478924991e-04 5.872157061402351701e+02 3.665231624439396546e+04 5.033175560898368454e-09
5.814416121938181326e-04 6.156638759648152472e+02 3.663324247356006526e+04 6.131013332581051721e-09
6.112527611296385451e-04 6.454770559486618140e+02 3.661380465476948302e+04 7.468159249664756679e-09
6.425923603556274889e-04 6.766986980110544891e+02 3.659342475409579492e+04 9.096457062281582476e-09
6.755387751939181127e-04 7.094170533556671217e+02 3.657270889737054677e+04 1.107956550127813740e-08
7.101743888426273075e-04 7.436518268552274549e+02 3.655039482477144338e+04 1.349382043821789721e-08
7.465858083767621441e-04 7.795230495061955480e+02 3.652772794706854620e+04 1.643381565828404683e-08
7.848640813110194670e-04 8.170347696666948423e+02 3.650306899026646715e+04 2.001216895698746352e-08
8.251049232659968648e-04 8.563160534690607619e+02 3.647766946206062858e+04 2.436867300164393182e-08
8.674089573071004124e-04 8.973901517245084278e+02 3.645034315307596989e+04 2.967039074565174476e-08
9.118819655546198935e-04 9.403581656211083555e+02 3.642156076921855129e+04 3.612263635368136829e-08
9.586351536941296880e-04 9.852906559200797574e+02 3.639108594511019328e+04 4.397386870757473447e-08
1.007785429048626679e-03 1.032233965525830172e+03 3.635823874208804773e+04 5.352450122102661784e-08
1.059455692907732439e-03 1.081335213118234833e+03 3.632410046465195046e+04 6.514468697864982798e-08
1.113775147844932919e-03 1.132551437635180264e+03 3.628645935186158022e+04 7.927217311458738699e-08
1.170879620791311689e-03 1.186142205668535553e+03 3.624807408212410519e+04 9.645922311584180609e-08
1.230911902673626282e-03 1.241936608243337105e+03 3.620488750615747995e+04 1.173412206145089126e-07
1.294022105466001958e-03 1.300279435894656899e+03 3.616069475350902212e+04 1.427355126367290843e-07
1.360368037548055848e-03 1.361025524722448836e+03 3.611207841702645237e+04 1.735824393951706515e-07
1.430115598308045934e-03 1.424425510628621851e+03 3.606119814407494414e+04 2.110685042905049010e-07
1.503439192977754080e-03 1.490454974042801496e+03 3.600647794387404429e+04 2.565941333038031969e-07
1.580522168736409397e-03 1.559208878312302659e+03 3.594796349486945837e+04 3.118719625098812461e-07
1.661557273174137529e-03 1.630852114107893385e+03 3.588643885771970963e+04 3.789926498216218612e-07
1.746747136261333697e-03 1.705239431028126319e+03 3.581926644293437130e+04 4.604110573083051176e-07
1.836304777029133936e-03 1.782815175224777022e+03 3.575016875908360089e+04 5.592562845352993188e-07
1.930454136227949345e-03 1.863086145909695006e+03 3.567322181506497145e+04 6.790185825055039089e-07
2.029430636295988157e-03 1.946788175776912794e+03 3.559476638063146675e+04 8.243499109294080505e-07
2.133481770037976965e-03 2.033260417705581858e+03 3.550783809392117837e+04 1.000299551267936363e-06
2.242867719486086112e-03 2.123213261488247099e+03 3.541811696544626466e+04 1.213598017225863474e-06
2.357862006490532136e-03 2.216190470765632199e+03 3.532101142891036579e+04 1.471744750961050935e-06
2.478752176666675511e-03 2.312526266856350048e+03 3.521874351542313525e+04 1.784252274562507906e-06
2.605840518408833982e-03 2.412191997422723034e+03 3.511053019153985952e+04 2.162348201034291992e-06
2.739444818768723561e-03 2.514962623801682639e+03 3.499436763032706222e+04 2.619325460545170401e-06
2.879899158088616417e-03 2.621432656567713366e+03 3.487407249040951865e+04 3.172055715791341865e-06
3.027554745376210416e-03 2.730587870988462782e+03 3.474260050794225390e+04 3.838861384055338671e-06
3.182780796510085389e-03 2.843869379320896769e+03 3.460907544663662702e+04 4.645153727888295708e-06
3.345965457471714814e-03 2.959258255215924237e+03 3.446097334563610639e+04 5.615875693707322180e-06
3.517516774912597243e-03 3.078756536049610077e+03 3.431031539473656449e+04 6.788192311665495394e-06
3.697863716483424691e-03 3.200572569949227727e+03 3.414694123832556215e+04 8.198806595931679977e-06
3.887457243476651579e-03 3.325890545394485343e+03 3.397761373999661009e+04 9.898629924870316294e-06
4.086771438464619106e-03 3.453821179757697792e+03 3.379790288881881133e+04 1.194293740041827479e-05
4.296304690752923532e-03 3.584365518207578134e+03 3.360832790711145935e+04 1.440017502047221686e-05
4.516580942613284376e-03 3.717929433845266431e+03 3.341121450957074558e+04 1.735404801572786176e-05
4.748150999412126434e-03 3.852877136351822628e+03 3.319977973128480517e+04 2.089435573633451423e-05
4.991593906910903912e-03 3.991397512582295349e+03 3.298420677407686890e+04 2.514855169091808796e-05
5.247518399182111472e-03 4.129661196612200001e+03 3.274927541394835862e+04 3.023058782159667590e-05
5.516564420761540903e-03 4.271589399538161160e+03 3.251173639442432250e+04 3.633003709851722370e-05
5.799404726842954938e-03 4.412425710680493466e+03 3.225410898884430208e+04 4.360114758211726751e-05
6.096746565516493986e-03 4.555791288264031209e+03 3.199110097982070874e+04 5.230322951230405645e-05
6.409333446257287764e-03 4.698285042440574216e+03 3.171158055609365329e+04 6.266834415474867553e-05
6.737946999086424568e-03 4.841204051680664634e+03 3.142142179341170049e+04 7.502507158590519354e-05
7.083408929053131541e-03 4.983689076899922838e+03 3.111899331420461749e+04 8.973216419415024742e-05
7.446583070925409317e-03 5.123876282649483073e+03 3.079997173109185314e+04 1.071864802646552882e-04
7.828377549226901017e-03 5.264361204916592214e+03 3.047367077262343446e+04 1.279473299297056803e-04
8.229747049021221908e-03 5.399095460123134217e+03 3.012405038138238160e+04 1.524581781569808768e-04
8.651695203121895217e-03 5.535106825323513476e+03 2.977260232641635957e+04 1.815933325809499703e-04
9.095277101697147801e-03 5.661331143895282366e+03 2.939097566705345889e+04 2.157926372155041545e-04
9.561601930544914862e-03 5.787552985802441071e+03 2.900702203806884063e+04 2.563050814292517623e-04
1.005183574463506743e-02 5.904208487133478229e+03 2.859811631071267402e+04 3.037862363679725121e-04
1.056720438385422289e-02 6.016777414269048677e+03 2.817990270953294385e+04 3.596785397625676980e-04
1.110899653824396448e-02 6.120517397708295903e+03 2.774294212920665814e+04 4.250919590473992756e-04
1.167856697039719623e-02 6.215104397342927768e+03 2.728874684845697993e+04 5.015189569325969156e-04
1.227733990307029038e-02 6.302280821531569018e+03 2.682311334690866352e+04 5.908549097743863920e-04
1.290681258048182248e-02 6.374160037702945374e+03 2.633132550938177155e+04 6.943049049001856791e-04
1.356855901220299469e-02 6.440920571435161946e+03 2.583664648537891117e+04 8.151159397324053268e-04
1.426423390900143431e-02 6.485108404870384220e+03 2.530589618989776864e+04 9.535266921993728034e-04
1.499557682048000690e-02 6.524692806889736858e+03 2.477673452772355085e+04 1.114602097957050585e-03
1.576441648485692182e-02 6.539048827189822987e+03 2.421153107644109332e+04 1.297832183405979705e-03
1.657267540176381518e-02 6.548860545648273728e+03 2.365095958741759023e+04 1.510128396072415004e-03
1.742237463949622076e-02 6.547084441652576970e+03 2.308292267979604367e+04 1.754043041749068013e-03
1.831563888873704443e-02 6.524282893336733650e+03 2.249231455460450161e+04 2.030809844082592189e-03
1.925470177538994923e-02 6.477509560870020323e+03 2.187624199091751871e+04 2.342549146261473612e-03
2.024191144580758314e-02 6.407576186907522242e+03 2.123814138976147660e+04 2.692269922548552047e-03
2.127973643838054069e-02 6.325727443018693521e+03 2.059803477564186687e+04 3.088015478014311237e-03
2.237077185616915750e-02 6.201492322434701236e+03 1.990763114317745567e+04 3.517299705023221434e-03
2.351774585601286785e-02 6.070633165517837369e+03 1.922602072782089817e+04 4.000288629798964997e-03
2.472352647034336062e-02 5.916092513829728887e+03 1.852639077506481772e+04 4.529356101009982503e-03
2.599112877875953478e-02 5.759256740500094566e+03 1.784257342026926199e+04 5.122855682117585449e-03
2.732372244729698585e-02 5.581128525780327436e+03 1.714494971492065451e+04 5.767822385430854473e-03
2.872463965424410307e-02 5.393979859509056951e+03 1.645245815640012734e+04 6.476544400180846671e-03
3.019738342232343442e-02 5.189667636074901566e+03 1.575240387397733321e+04 7.239652887561306635e-03
3.174563637807315680e-02 4.977812191455056563e+03 1.505903872100955596e+04 8.067906904989062544e-03
3.337326996033158216e-02 4.762914365914812151e+03 1.437855735071462550e+04 8.968902787370371110e-03
3.508435410085083278e-02 4.568154673007556084e+03 1.374517452079106442e+04 9.994280082576214447e-03
3.688316740124613496e-02 4.385073444061392365e+03 1.314526134823299981e+04 1.114632648419946331e-02
3.877420783172848273e-02 4.177143504044048314e+03 1.252337593848346478e+04 1.233611632382529931e-02
4.076220397837305304e-02 3.974891654049639783e+03 1.192464060140023503e+04 1.363856029463771102e-02
4.285212686704739649e-02 3.769763237802053936e+03 1.133549838358103989e+04 1.502801015649851343e-02
4.504920239356542677e-02 3.584200737996737189e+03 1.078898713490894625e+04 1.660060447300459874e-02
4.735892439114896407e-02 3.429509867172188478e+03 1.030152384260280269e+04 1.845473469879106015e-02
4.978706836787243073e-02 3.289444888568189526e+03 9.847991881074905905e+03 2.056565454677852442e-02
5.233970594844135349e-02 3.163905544892299986e+03 9.427554685997001798e+03 2.298198853801125888e-02
5.502322005641668845e-02 3.058823062662394477e+03 9.048267144154073321e+03 2.581443489798395871e-02
5.784432087484844831e-02 2.965543866044330571e+03 8.696436767252642312e+03 2.907748170404836699e-02
6.081006262522850592e-02 2.868484764028821701e+03 8.348652256359546300e+03 3.267752521388275766e-02
6.392786120671870020e-02 2.772978449414391434e+03 8.012430515042831757e+03 3.670179267990895250e-02
6.720551273976151097e-02 2.652771021391886279e+03 7.649654884515805861e+03 4.079291310122996894e-02
7.065121306044198912e-02 2.532382074939238464e+03 7.295541063504933845e+03 4.524372547879237927e-02
7.427357821434696361e-02 2.395911537502705869e+03 6.926745180569145305e+03 4.973293374090376889e-02
7.808166600116696332e-02 2.247850938713103915e+03 6.549053028165993055e+03 5.421069572829224220e-02
8.208499862391337165e-02 2.079498338950708785e+03 6.148582044348821000e+03 5.826667322631923912e-02
8.629358649938589920e-02 1.907439162201915451e+03 5.748068857117586958e+03 6.209498292248292334e-02
9.071795328942874881e-02 1.737739038704226004e+03 5.355374227654199785e+03 6.572559812104564192e-02
9.536916221556676621e-02 1.586559985697045704e+03 4.994899158117552361e+03 6.971892119340322713e-02
1.002588437228218304e-01 1.449647507425303502e+03 4.660479626127123993e+03 7.401176257273563153e-02
1.053992245618834284e-01 1.350935000337441579e+03 4.391547301243658694e+03 8.013402546990125441e-02
1.108031583623540345e-01 1.263851722276777764e+03 4.146191254716074582e+03 8.710093218104847379e-02
1.164841577735182265e-01 1.205294048168993413e+03 3.952289111295870043e+03 9.650812158021712661e-02
1.224564282530043596e-01 1.147407074271072588e+03 3.764106410637691624e+03 1.067413143453516539e-01
1.287349035878279091e-01 1.087387411798547873e+03 3.576812809650817144e+03 1.175285819858143399e-01
1.353352832366376823e-01 1.013400580866849623e+03 3.370509588878396698e+03 1.272578308905060462e-01
1.422740715865399574e-01 9.264128268949502854e+02 3.145634093786898575e+03 1.351612188186550600e-01
1.495686192226629019e-01 8.342078912493254848e+02 2.913694413341101153e+03 1.414054036534469205e-01
1.572371663136570008e-01 7.450081967974870167e+02 2.687746535810987552e+03 1.467225733369534602e-01
1.652988882216175348e-01 6.811304535070615884e+02 2.508556373997903393e+03 1.558512732995303018e-01
1.737739434504778357e-01 6.259305584600504062e+02 2.347322298676254832e+03 1.663988741923796144e-01
1.826835240527691917e-01 5.904355354481222093e+02 2.225342292822443142e+03 1.823647471881671422e-01
1.920499086207905493e-01 5.534275105492068860e+02 2.103012629413439299e+03 1.985972897443023244e-01
2.018965179946938526e-01 5.050582914857935179e+02 1.961025280533622663e+03 2.105708504122975055e-01
2.122479738267836202e-01 4.572871238773129789e+02 1.821410589100871221e+03 2.215082423160703029e-01
2.231301601484726449e-01 4.085875796807890197e+02 1.680571065285095074e+03 2.299483253728137055e-01
2.345702880938428103e-01 3.722617981401606357e+02 1.565811462074426117e+03 2.434096172557806692e-01
2.465969639416541459e-01 3.444953727033786208e+02 1.470306441039407673e+03 2.617078970817421912e-01
2.592402606459418002e-01 3.151247122376048537e+02 1.372645293545042932e+03 2.781378346919025635e-01
2.725317930340656614e-01 2.870705550238944852e+02 1.278828627365574903e+03 2.943814421200918741e-01
2.865047968602461026e-01 2.584075278949349581e+02 1.184326744748108013e+03 3.078726523043547325e-01
3.011942119122611450e-01 2.327798529226346886e+02 1.097217136089708220e+03 3.222222408367940716e-01
3.166367693791155569e-01 2.130672928290931907e+02 1.024658652761849225e+03 3.426660546530687634e-01
3.328710836981453314e-01 1.939961307049717334e+02 9.543733042368953647e+02 3.624862493576131994e-01
3.499377491112247163e-01 1.742817564911152886e+02 8.829754806598326695e+02 3.783507239129056399e-01
3.678794411715154977e-01 1.573279079312571582e+02 8.188917473797737330e+02 3.968191119943278444e-01
3.867410234545784475e-01 1.428145925092625532e+02 7.615717643581776883e+02 4.185078134341545519e-01
4.065696597406806001e-01 1.288673752227992395e+02 7.061500005871714620e+02 4.387510215872096331e-01
4.274149319488126375e-01 1.159027841238723369e+02 6.536922520117601607e+02 4.584724022763533302e-01
4.493289641173122684e-01 1.044783636385047743e+02 6.058156875443286253e+02 4.801642967205314583e-01
4.723665527411103904e-01 9.422161290310424420e+01 5.615695257199993193e+02 5.031045082143945635e-01
4.965853037915104462e-01 8.474878232164680014e+01 5.198714041360747160e+02 5.257573029350179894e-01
5.220457767611225153e-01 7.620345262690671007e+01 4.811909505814407453e+02 5.492507619145297060e-01
5.488116360941387439e-01 6.842570143718907616e+01 4.450826722046917325e+02 5.730063695414222558e-01
5.769498103806052214e-01 6.142168882082285108e+01 4.116165851839004972e+02 5.975938470277846193e-01
6.065306597127584354e-01 5.510438857763354292e+01 3.805625194072501927e+02 6.228948268108480679e-01
6.376281516219051149e-01 4.940231599790940464e+01 3.517284556013238443e+02 6.488137090075815072e-01
6.703200460357783275e-01 4.426554891693608340e+01 3.249882867660633678e+02 6.754337144168773843e-01
7.046880897188601001e-01 3.962793674978696146e+01 3.001486835225736627e+02 7.025261816277934557e-01
7.408182206818726412e-01 3.546506276461695961e+01 2.771641207252566801e+02 7.304760107358935217e-01
7.788007830715680813e-01 3.170573092242471347e+01 2.558034861539136955e+02 7.587298441422998252e-01
8.187307530781540166e-01 2.833911582283095854e+01 2.360650280250580693e+02 7.879159026110073016e-01
8.607079764252394405e-01 2.530513929479399948e+01 2.177427993504900599e+02 8.174222866166896972e-01
9.048374180361511421e-01 2.258956553995333749e+01 2.008141475099515390e+02 8.477929342053877049e-01
9.512294245009160765e-01 2.015090349045515694e+01 1.851350122642515998e+02 8.786595015147210530e-01
1.000000000000213163e+00 1.796711164343063771e+01 1.706402040553259383e+02 9.102245091737924954e-01
1.051271096376248826e+00 1.601136328335896408e+01 1.572379290450581379e+02 9.424161992413533362e-01
1.105170918075884856e+00 1.425958217771588643e+01 1.448429930551949951e+02 9.751364802844294521e-01
1.161834242728533306e+00 1.269512045360395014e+01 1.334023358981897900e+02 1.008647930279143345e+00
1.221402758160433644e+00 1.129404709023222786e+01 1.228204683851821812e+02 1.042549158978944401e+00
1.284025416688019838e+00 1.004598832853629098e+01 1.130689131688457536e+02 1.077416915315699164e+00
1.349858807576296504e+00 8.927937035362162987e+00 1.040455171897158948e+02 1.112465141256355983e+00
1.419067548593566874e+00 7.933053415170326694e+00 9.573460155991179477e+01 1.148470497917268407e+00
1.491824697641596753e+00 7.044309763071057162e+00 8.805801641351003184e+01 1.184846479297813060e+00
1.568312185490513100e+00 6.253253669529632575e+00 8.098482162967079034e+01 1.222007457164221655e+00
1.648721270700491237e+00 5.548238212421257920e+00 7.446103818467123858e+01 1.259699859576552949e+00
1.733253017867778301e+00 4.920569456179342716e+00 6.844790367211142268e+01 1.297990519951954136e+00
1.822118800390913007e+00 4.362391628204914440e+00 6.290942634582013682e+01 1.336980206088644207e+00
1.915540829014322100e+00 3.865466278485069740e+00 5.780365159872475544e+01 1.376405462704971994e+00
2.013752707470925607e+00 3.424494811688210572e+00 5.310721381534100516e+01 1.416723779419384321e+00
2.117000016613148627e+00 3.031797916907172485e+00 4.877601518121966251e+01 1.457246743429842839e+00
2.225540928492967474e+00 2.683792123611595581e+00 4.479520825305674947e+01 1.498738588970288887e+00
2.339646851926517890e+00 2.374294415914470768e+00 4.112683979632104325e+01 1.540478916859029157e+00
2.459603111157505406e+00 2.100092619549549955e+00 3.775532465719405195e+01 1.583083450277643855e+00
2.585709659316432152e+00 1.856670942660741730e+00 3.465192661575949984e+01 1.626089603090829616e+00
2.718281828459663263e+00 1.640984749724194058e+00 3.179897483932187185e+01 1.669776134966346470e+00
2.857651118063815776e+00 1.449866456017544936e+00 2.917600189813155964e+01 1.714059443337803579e+00
3.004166023947120401e+00 1.280498340730789719e+00 2.676407377845916713e+01 1.758818679040839772e+00
3.158192909690492378e+00 1.130669723976722052e+00 2.454887083646246637e+01 1.804354988786776026e+00
3.320116922737311960e+00 9.978861478157008413e-01 2.251153281295705000e+01 1.850168948101504451e+00
3.490342957462647444e+00 8.806025127752146187e-01 2.064217526953714099e+01 1.896943896305979482e+00
3.669296667620093988e+00 7.766725502312100682e-01 1.892280047389180098e+01 1.943822901870885023e+00
3.857425530697870641e+00 6.849362723698558808e-01 1.734572456181681943e+01 1.991650256412759834e+00
4.055199966845619564e+00 6.037671930010199972e-01 1.589655618165109985e+01 2.039748366190861972e+00
4.263114515169814212e+00 5.321125235491730443e-01 1.456702833085672211e+01 2.088597412442896761e+00
4.481689070339116121e+00 4.688073725698567729e-01 1.334649942268051248e+01 2.137912174405147692e+00
4.711470182591849465e+00 4.129183545320600501e-01 1.222652894900216047e+01 2.187780705198535625e+00
4.953032424396282885e+00 3.636110013860127110e-01 1.119929087952258406e+01 2.238312844027178894e+00
5.206979827181080545e+00 3.200753059849131832e-01 1.025649642399086936e+01 2.289180900179767164e+00
5.473947391728498424e+00 2.817157897338072869e-01 9.392462586114273648e+00 2.340902394404475118e+00
5.754602676007100293e+00 2.478455940598196239e-01 8.599345764421682858e+00 2.392750919617042893e+00
6.049647464414390718e+00 2.180291116662823048e-01 7.872868248321601037e+00 2.445540990321786623e+00
6.359819522603354258e+00 1.917205859168567006e-01 7.206278556901717813e+00 2.498465639244229042e+00
6.685894442280875261e+00 1.685656692645548793e-01 6.595719340564611954e+00 2.552218985588030620e+00
7.028687580590986528e+00 1.481606723905048439e-01 6.035941247681601673e+00 2.606309087889504550e+00
7.389056098932435646e+00 1.302257152300369258e-01 5.523671469978799209e+00 2.661545541340117893e+00
7.767901106308653603e+00 1.144617976791900832e-01 5.054877981122988473e+00 2.717952640975408674e+00
8.166169912569634093e+00 1.006061138140702527e-01 4.625870952484452125e+00 2.775555196724381446e+00
8.584858397179985445e+00 8.842767055902968354e-02 4.233273710849402960e+00 2.834378544321912052e+00
9.025013499436326470e+00 7.772343671824287481e-02 3.873996160948649514e+00 2.894448556452219989e+00
9.487735836360851494e+00 6.831495816982037506e-02 3.545210463613902352e+00 2.955791654128794743e+00
9.974182454817173138e+00 6.004538279312590654e-02 3.244328778126509327e+00 3.018434818315085977e+00
1.048556972473016025e+01 5.277684553082141045e-02 2.968982893571407988e+00 3.082405601792161942e+00
1.102317638064432792e+01 4.638816999103203415e-02 2.717005588875554878e+00 3.147732141276822659e+00
1.158834671922626214e+01 4.077284827226481528e-02 2.486413574818919781e+00 3.214443169797840838e+00
1.218249396070650370e+01 3.583726533196813363e-02 2.275391883754726674e+00 3.282568029333110093e+00
1.280710378266622662e+01 3.149913829658986669e-02 2.082279584173382325e+00 3.352136683716209653e+00
1.346373803500505772e+01 2.768614469426572064e-02 1.905556707669347594e+00 3.423179731814555371e+00
1.415403864537935341e+01 2.433471674095940077e-02 1.743832285415758188e+00 3.495728420988833740e+00
1.487973172487657614e+01 2.138898157912880876e-02 1.595833399981952061e+00 3.569814660836334141e+00
1.564263188419211659e+01 1.879982980127633749e-02 1.460395166322297600e+00 3.645471037225806565e+00
1.644464677110120832e+01 1.652409672940315100e-02 1.336451563077713178e+00 3.722730826630177514e+00
1.728778184057202338e+01 1.452384280118018851e-02 1.223027042023713040e+00 3.801628010763041132e+00
1.817414536944768244e+01 1.276572106589325337e-02 1.119228849623722155e+00 3.882197291524534855e+00
1.910595372823652127e+01 1.122042124546704898e-02 1.024240000251551930e+00 3.964474106264522124e+00
2.008553692319280515e+01 9.862181092307577626e-03 9.373128457758879151e-01 4.048494643369705770e+00
2.111534442254602695e+01 8.668356897631190189e-03 8.577631908934760796e-01 4.134295858180605521e+00
2.219795128144734164e+01 7.619045990072245179e-03 7.849649078933976787e-01 4.221915489245449571e+00
2.333606458094873304e+01 6.696754931109764018e-03 7.183450084658445922e-01 4.311392074918712680e+00
2.453253019711569394e+01 5.886107875681712703e-03 6.573791337661775147e-01 4.402764970313278070e+00
2.579033991719975205e+01 5.173590235953568796e-03 6.015874272365372422e-01 4.496074364608505292e+00
2.711263892066493852e+01 4.547323374778285479e-03 5.505307577009319608e-01 4.591361298727543172e+00
2.850273364377471097e+01 3.996866572675514609e-03 5.038072630058143542e-01 4.688667683388484164e+00
2.996410004740484823e+01 3.513042966853257686e-03 4.610491870016565352e-01 4.788036317539632769e+00
3.150039230875619012e+01 3.087786560434270522e-03 4.219199849693893722e-01 4.889510907181451316e+00
3.311545195870102276e+01 2.714007751330974050e-03 3.861116747092976920e-01 4.993136084592467938e+00
3.481331748761120082e+01 2.385475138945184533e-03 3.533424124425837975e-01 5.098957427959278199e+00
3.659823444368765877e+01 2.096711638253387008e-03 3.233542744459743101e-01 5.207021481422967391e+00
3.847466604904231957e+01 1.842903169358065668e-03 2.959112269588344279e-01 5.317375775551430372e+00
4.044730436007814234e+01 1.619818400235140902e-03 2.707972683840703110e-01 5.430068848245727331e+00
4.252108200007410943e+01 1.423738204679753745e-03 2.478147291602346425e-01 5.545150266088274549e+00
4.470118449331276622e+01 1.251393659419077885e-03 2.267827159233312684e-01 5.662670646143082465e+00
4.699306323159186860e+01 1.099911546720428335e-03 2.075356877125247856e-01 5.782681678220928490e+00
4.940244910554343960e+01 9.667664539475211540e-04 1.899221530130758562e-01 5.905236147613480924e+00
5.193536683484541783e+01 8.497386715003920222e-04 1.738034773811255873e-01 6.030387958308891072e+00
5.459815003315897997e+01 7.468771872410972590e-04 1.590527922653354742e-01 6.158192156704812348e+00
5.739745704546173499e+01 6.564671604696424448e-04 1.455539964365855088e-01 6.288704955813684272e+00
6.034028759737834946e+01 5.770013332003985336e-04 1.332008421664087061e-01 6.421983759993189267e+00
6.343400029814058882e+01 5.071549021231671868e-04 1.218960989612608153e-01 6.558087190191964844e+00
6.668633104094334385e+01 4.457634323319669464e-04 1.115507882706148618e-01 6.697075109732253395e+00
7.010541234670704114e+01 3.918034446133409113e-04 1.020834831453538427e-01 6.839008650643987330e+00
7.369979369961600923e+01 3.443753526569173491e-04 9.341966733401284306e-02 6.983950240548091770e+00
7.747846292528217305e+01 3.026884657295626758e-04 8.549114877252876610e-02 7.131963630117100550e+00
8.145086866499057976e+01 2.660478067865766692e-04 7.823552285104369564e-02 7.283113921116208367e+00
8.562694400222423496e+01 2.338425262599052028e-04 7.159568123317207322e-02 7.437467595032705603e+00
9.001713130054676526e+01 2.055357183661494602e-04 6.551936236179636830e-02 7.595092542323850004e+00
9.463240831495036787e+01 1.806554701574606227e-04 5.995874011332887055e-02 7.756058092272329674e+00
9.948431564196151555e+01 1.587869940915647424e-04 5.487004736288223633e-02 7.920435043480559045e+00
1.045849855771433994e+02 1.395657129599146265e-04 5.021323149743191216e-02 8.088295695012709174e+00
1.099471724521542768e+02 1.226711818902445975e-04 4.595163916553229866e-02 8.259713878193773340e+00
1.155842845272200918e+02 1.078217460951160373e-04 4.205172778229090275e-02 8.434764989079925002e+00
1.215104175187690743e+02 9.476984530401911014e-05 3.848280151891317336e-02 8.613526021626119800e+00
1.277403898460648861e+02 8.329788659723835970e-05 3.521676969876327140e-02 8.796075601546679223e+00
1.342897796849734675e+02 7.321461683628278363e-05 3.222792569834876525e-02 8.982494020901700793e+00
1.411749639215168770e+02 6.435193421414882396e-05 2.949274461293660901e-02 9.172863273405521767e+00
1.484131591026187778e+02 5.656208576987817712e-05 2.698969809429953987e-02 9.367267090499511895e+00
1.560224644864394463e+02 4.971520414587511183e-05 2.469908490313346347e-02 9.565790978170644721e+00
1.640219072999485945e+02 4.369714252268323574e-05 2.260287584250938661e-02 9.768522254572779673e+00
1.724314903169036768e+02 3.840757163633440492e-05 2.068457185177253674e-02 9.975550088418547290e+00
1.812722418752032070e+02 3.375830715324420892e-05 1.892907414402678415e-02 1.018696553820535655e+01
1.905662684586848457e+02 2.967183951757381010e-05 1.732256536503554850e-02 1.040286159227319551e+01
2.003368099748494728e+02 2.608004176157414979e-05 1.585240083813707970e-02 1.062333320969083061e+01
2.106082978667353416e+02 2.292303373649793354e-05 1.450700903921368391e-02 1.084847736202877932e+01
2.214064162042512862e+02 2.014818382917438731e-05 1.327580051833859853e-02 1.107839307601861023e+01
2.327581659077297047e+02 1.770923152147017368e-05 1.214908455121858737e-02 1.131318147709142430e+01
2.446919322642916654e+02 1.556551616463579062e-05 1.111799286444370254e-02 1.155294583387497553e+01
2.572375559058498879e+02 1.368129911102162437e-05 1.017440983414916525e-02 1.179779160360285850e+01
2.704264074262317763e+02 1.202516790226850214e-05 9.310908608719007176e-03 1.204782647849922661e+01
2.842914658240042627e+02 1.056951258095478960e-05 8.520692652751531496e-03 1.230316043315263741e+01
2.988674009671481713e+02 9.290065395086895565e-06 7.797542252178399878e-03 1.256390577288305721e+01
3.141906602857868620e+02 8.165496221698497837e-06 7.135765559490008653e-03 1.283017718313351274e+01
3.302995599097462787e+02 7.177056964726459949e-06 6.530153793751930849e-03 1.310209177992157947e+01
3.472343804788374655e+02 6.308268998771739982e-06 5.975940242787406396e-03 1.337976916134546634e+01
3.650374678654371792e+02 5.544648448026618662e-06 5.468762744843352203e-03 1.366333146019095679e+01
3.837533390612260860e+02 4.873464720383100231e-06 5.004629354431923936e-03 1.395290339764348531e+01
4.034287934928555046e+02 4.283528271170090467e-06 4.579886922112316218e-03 1.424861233815607520e+01
4.241130300448911044e+02 3.765004058236235008e-06 4.191192340899406628e-03 1.455058834545811663e+01
4.458577700826506316e+02 3.309247578436064862e-06 3.835486232989807932e-03 1.485896423976480207e+01
4.687173867825576963e+02 2.908660752019261240e-06 3.509968869693404995e-03 1.517387565620517087e+01
4.927490410934046849e+02 2.556565252315888190e-06 3.212078135036194187e-03 1.549546110447459668e+01
5.180128246684984106e+02 2.247091168954405161e-06 2.939469359589238270e-03 1.582386202973878930e+01
5.445719101260938260e+02 1.975079148486197872e-06 2.689996865803856180e-03 1.615922287487994424e+01
5.724927090138447738e+02 1.735994380949387485e-06 2.461697079586691941e-03 1.650169114400526027e+01
6.018450378722650385e+02 1.525850998425385229e-06 2.252773075196022601e-03 1.685141746731879309e+01
6.327022928124463306e+02 1.341145625208039312e-06 2.061580431813527566e-03 1.720855566740200260e+01
6.651416330445650829e+02 1.178798971767899550e-06 1.886614290463709291e-03 1.757326282684662644e+01
6.992441738160994191e+02 1.036104498812727403e-06 1.726497509413607665e-03 1.794569935735068000e+01
7.350951892421985576e+02 9.106832956002075340e-07 1.579969824822224271e-03 1.832602907027320427e+01
7.727843255353874383e+02 8.004444202642668471e-07 1.445877931325115912e-03 1.871441924869728268e+01
8.124058251677936369e+02 7.035500409723290879e-07 1.323166404477668342e-03 1.911104072099283613e+01
8.540587625264155349e+02 6.183847967714977148e-07 1.210869393610233867e-03 1.951606793594443801e+01
8.978472916506958654e+02 5.435288673278748767e-07 1.108103019711187149e-03 1.992967903951256048e+01
9.438809066718714575e+02 4.777343025914535852e-07 1.014058418498962454e-03 2.035205595316322302e+01
9.922747156053346771e+02 4.199042177731538259e-07 9.279953739286804807e-04 2.078338445387379352e+01
1.043149728180628472e+03 3.690745067860611822e-07 8.492364920236699201e-04 2.122385425588826990e+01
1.096633158428801380e+03 3.243977692859909602e-07 7.771618691712750548e-04 2.167365909411734037e+01
1.152858742783748994e+03 2.851291833567774909e-07 7.112042129213184917e-04 2.213299680936307112e+01
1.211967074492957408e+03 2.506140883170787882e-07 6.508443768817468713e-04 2.260206943534676327e+01
1.274105955173854682e+03 2.202770706371996691e-07 5.956072745669698052e-04 2.308108328756395267e+01
1.339430764394840480e+03 1.936123710136749724e-07 5.450581400375660275e-04 2.357024905402111159e+01
1.408104848205140797e+03 1.701754526746758231e-07 4.987991058994469462e-04 2.406978188792018614e+01
1.480299927585014302e+03 1.495755903479363959e-07 4.564660717276036099e-04 2.457990150228293658e+01
1.556196527837648091e+03 1.314693563395497454e-07 4.177258382664814323e-04 2.510083226658051458e+01
1.635984429996447261e+03 1.155548951278063077e-07 3.822734848507306133e-04 2.563280330543600627e+01
1.719863145376471039e+03 1.015668910214428910e-07 3.498299694037566095e-04 2.617604859939086381e+01
1.808042414456641382e+03 8.927214498661685643e-08 3.201399321243204843e-04 2.673080708782411818e+01
1.900742731340188357e+03 7.846568690212375356e-08 2.929696855739371045e-04 2.729732277403462604e+01
1.998195895104759757e+03 6.896735842904182809e-08 2.681053753455401125e-04 2.787584483257728252e+01
2.100645589420852957e+03 6.061880952643881546e-08 2.453512968359334266e-04 2.846662771886375509e+01
2.208347991887921125e+03 5.328085854097124373e-08 2.245283548734796849e-04 2.906993128105190038e+01
2.321572414611807289e+03 4.683117185970938014e-08 2.054726540773417953e-04 2.968602087437582782e+01
2.440601977625289692e+03 4.116222444251083694e-08 1.880342088524734922e-04 3.031516747781542520e+01
2.565734316835632853e+03 3.617950723358540441e-08 1.720757628675345457e-04 3.095764781332691484e+01
2.697282328269386653e+03 3.179995156707859344e-08 1.574717087233591173e-04 3.161374446752852663e+01
2.835574950475434889e+03 2.795054429955255015e-08 1.441070993091621657e-04 3.228374601599146843e+01
2.980957987042702825e+03 2.456711058170962026e-08 1.318767430649119379e-04 3.296794715019612454e+01
3.133794971289250043e+03 2.159324397642395151e-08 1.206843760285517735e-04 3.366664880711145003e+01
3.294468075284922634e+03 1.897936608679974920e-08 1.104419041515801659e-04 3.438015830154970587e+01
3.463379065480592999e+03 1.668190001697847232e-08 1.010687099193677193e-04 3.510878946141131962e+01
3.640950307333554974e+03 1.466254388601273206e-08 9.249101781823983669e-05 3.585286276561051011e+01
3.827625821441170956e+03 1.288763228351913229e-08 8.464131365561884375e-05 3.661270548511907208e+01
4.023872393823642142e+03 1.132757502152445626e-08 7.745781316222071888e-05 3.738865182687280253e+01
4.230180743132199495e+03 9.956363825835095609e-09 7.088397569401251434e-05 3.818104308078547859e+01
4.447066747701334862e+03 8.751138742757273196e-09 6.486805920618067837e-05 3.899022776981628624e+01
4.675072735513344924e+03 7.691807032632354584e-09 5.936271299653517674e-05 3.981656180335091477e+01
4.914768840300775992e+03 6.760708196545525595e-09 5.432460501259522265e-05 4.066040863366566782e+01
5.166754427177720572e+03 5.942319551818633165e-09 4.971408078917150073e-05 4.152213941579342560e+01
5.431659591364801599e+03 5.222997447807144889e-09 4.549485133190113564e-05 4.240213317081855138e+01
5.710146733755425885e+03 4.590749807699412890e-09 4.163370749002397598e-05 4.330077695254684045e+01
6.002912217263044113e+03 4.035036204305487687e-09 3.810025857035022139e-05 4.421846601776621810e+01
6.310688108091153481e+03 3.546592136809984866e-09 3.486669313500477009e-05 4.515560400004461172e+01
6.634244006280128815e+03 3.117274578965087930e-09 3.190756010030805718e-05 4.611260308736313362e+01
6.974388970108182548e+03 2.739926223770559496e-09 2.919956841369514004e-05 4.708988420332207880e+01
7.331973539158482708e+03 2.408256161443508308e-09 2.672140373208085868e-05 4.808787719228669033e+01
7.707891861111141225e+03 2.116735001407937846e-09 2.445356065872432262e-05 4.910702100850161855e+01
8.103083927578147268e+03 1.860502689838794416e-09 2.237818921810856671e-05 5.014776390912889070e+01
8.518537924572025076e+03 1.635287485959948798e-09 2.047895436048458032e-05 5.121056365136083599e+01
8.955292703485578386e+03 1.437334746325744062e-09 1.874090739028549872e-05 5.229588769387309810e+01
9.414440378761499232e+03 1.263344329809107144e-09 1.715036830635071924e-05 5.340421340231652181e+01
9.897129058747319505e+03 1.110415579767438103e-09 1.569481812796214839e-05 5.453602825934913767e+01
1.040456571656430970e+04 9.759989661538205686e-10 1.436280035913673068e-05 5.569183007898870841e+01
1.093801920816896018e+04 8.578535813889132938e-10 1.314383081565704083e-05 5.687212722565564604e+01
1.149882344515380282e+04 7.540097813849862572e-10 1.202831510504819506e-05 5.807743883767067672e+01
1.208838073022117533e+04 6.627363489042292965e-10 1.100747311004412040e-05 5.930829505566689619e+01
1.270816526367042752e+04 5.825116318148256924e-10 1.007326988112346107e-05 6.056523725575358696e+01
1.335972682966652428e+04 5.119981750822661388e-10 9.218352394190302480e-06 6.184881828762127753e+01
1.404469467150771925e+04 4.500204235766448780e-10 8.435991675625219342e-06 6.315960271769053236e+01
1.476478156558243427e+04 3.955451239714206479e-10 7.720029839178303951e-06 6.449816707741342725e+01
1.552178810420236550e+04 3.476640990071763983e-10 7.064831617842143366e-06 6.586510011694063849e+01
1.631760719802116000e+04 3.055791069419175241e-10 6.465240009197056420e-06 6.726100306394344841e+01
1.715422880929701932e+04 2.685885337775814668e-10 5.916535685148309305e-06 6.868648988822020840e+01
1.803374492783486858e+04 2.360756964006145025e-10 5.414399846538849182e-06 7.014218757159245854e+01
1.895835480205053682e+04 2.074985616369849553e-10 4.954880230299002051e-06 7.162873638375010898e+01
1.993037043823734348e+04 1.823807098227209039e-10 4.534360001562790935e-06 7.314679016388447508e+01
2.095222238178608313e+04 1.603033922404577318e-10 4.149529285903066792e-06 7.469701660813791477e+01
2.202646579481454319e+04 1.408985500098703610e-10 3.797359117633089879e-06 7.628009756346187942e+01
2.315578684540369068e+04 1.238426780458521630e-10 3.475077599105608212e-06 7.789672932747346579e+01
2.434300942441707230e+04 1.088514317889761868e-10 3.180148083368883576e-06 7.954762295457241805e+01
2.559110220669883711e+04 9.567488679567504198e-11 2.910249208465930685e-06 8.123350456886321069e+01
2.690318607430719567e+04 8.409337215803435399e-11 2.663256626214831673e-06 8.295511568344404907e+01
2.828254192034512744e+04 7.391380829134072226e-11 2.437226281668465355e-06 8.471321352658742398e+01
2.973261885290210193e+04 6.496648803500124111e-11 2.230379111643168206e-06 8.650857137472257818e+01
3.125704281962085952e+04 5.710224740368910302e-11 2.041087041884399522e-06 8.834197889264297032e+01
3.285962567445517197e+04 5.018997882103293215e-11 1.867860172650266651e-06 9.021424248085673980e+01
3.454437470929026313e+04 4.411444537807154281e-11 1.709335051851398210e-06 9.212618563008861372e+01
3.631550267425979837e+04 3.877435967754009980e-11 1.564263943452526044e-06 9.407864928368140056e+01
3.817743831181556016e+04 3.408069523527524084e-11 1.431505006660550095e-06 9.607249220737597284e+01
4.013483743089039490e+04 2.995520228778306454e-11 1.310013308605451684e-06 9.810859136706777406e+01
4.219259454884566367e+04 2.632910326233105162e-11 1.198832599773055048e-06 1.001878423144197825e+02
4.435585513031406299e+04 2.314194616143630608e-11 1.097087787458351026e-06 1.023111595810046310e+02
4.663002845354139572e+04 2.034059674584146067e-11 1.003978047992664729e-06 1.044794770802325985e+02
4.902080113639969204e+04 1.787835271462129903e-11 9.187705235388258271e-07 1.066937485183734822e+02
5.153415135589398415e+04 1.571416511434232013e-11 8.407945538366746862e-07 1.089549478139155241e+02
5.417636379671867326e+04 1.381195399724184280e-11 7.694363975005548542e-07 1.112640695259540990e+02
5.695404536624281900e+04 1.214000691947736371e-11 7.041344013196769272e-07 1.136221292916381032e+02
5.987414171521994285e+04 1.067045025160010353e-11 6.443745795395159742e-07 1.160301642728819900e+02
6.294395460553275188e+04 9.378784487280507053e-12 5.896865683291885812e-07 1.184892336125470536e+02
6.617116016840114025e+04 8.243475803250482481e-12 5.396399235928120674e-07 1.210004189002940223e+02
6.956382809870861820e+04 7.245597061211558825e-12 4.938407329852717835e-07 1.235648246483067538e+02
7.313044183344273188e+04 6.368512266723342663e-12 4.519285154658985718e-07 1.261835787770967556e+02
7.687991976470644295e+04 5.597599224574198132e-12 4.135733839867869844e-07 1.288578331116305549e+02
8.082163754034375597e+04 4.920005766913671496e-12 3.784734489832164040e-07 1.315887638878008374e+02
8.496545150794286747e+04 4.324435490166080177e-12 3.463524422303254558e-07 1.343775722701050768e+02
8.932172336083906703e+04 3.800959428617641758e-12 3.169575423617549385e-07 1.372254848795442683e+02
9.390134604774527543e+04 3.340850525080339662e-12 2.900573849373814299e-07 1.401337543334631732e+02
9.871577101079767453e+04 2.936438138985553061e-12 2.654402413957638103e-07 1.431036597963485235e+02
1.037770368201258680e+05 2.580980166384891983e-12 2.429123525589675815e-07 1.461365075424857309e+02
1.090977992765488161e+05 2.268550639916939785e-12 2.222964035726417329e-07 1.492336315305058463e+02
1.146913630576689611e+05 1.993940934880193004e-12 2.034301282778143165e-07 1.523963939901409219e+02
1.205717149864963576e+05 1.752572934380506780e-12 1.861650320294089939e-07 1.556261860212480599e+02
1.267535590057915979e+05 1.540422705905104419e-12 1.703652229092682846e-07 1.589244282058731415e+02
1.332523529455816897e+05 1.353953416898315866e-12 1.559063421337881821e-07 1.622925712329377177e+02
1.400843471757866791e+05 1.190056370957931053e-12 1.426745852378740646e-07 1.657320965363384744e+02
1.472666252406089625e+05 1.045999181642393518e-12 1.305658063309011140e-07 1.692445169465372032e+02
1.548171465762921434e+05 9.193802198763558371e-13 1.194846983743885666e-07 1.728313773559630704e+02
1.627547914190663723e+05 8.080885755310909773e-13 1.093440430294450226e-07 1.764942553985497113e+02
1.710994080155731353e+05 7.102688656838163717e-13 1.000640241695295511e-07 1.802347621434757343e+02
1.798718622538203781e+05 6.242903028646583639e-13 9.157159965544594865e-08 1.840545428040145453e+02
1.890940898387710622e+05 5.487195076129725424e-13 8.379992642761103639e-08 1.879552774610034191e+02
1.987891511430313694e+05 4.822966120944165820e-13 7.668783439075134488e-08 1.919386818018401186e+02
2.089812888697938761e+05 4.239142563922960088e-13 7.017934494993675632e-08 1.960065078750628231e+02
2.196959886722229712e+05 3.725991273137446329e-13 6.422323040847104358e-08 2.001605448612315286e+02
2.309600428808625729e+05 3.274957319349838300e-13 5.877261075948344416e-08 2.044026198592101480e+02
2.428016174984180834e+05 2.878521353737457683e-13 5.378458469803988618e-08 2.087345986906885287e+02
2.552503226294341730e+05 2.530074250118008313e-13 4.921989194896965835e-08 2.131583867201571252e+02
2.683372865209793090e+05 2.223806921841589439e-13 4.504260425304607157e-08 2.176759296932332575e+02
2.820952333994774381e+05 1.954613476422640163e-13 4.121984257909355990e-08 2.222892145924311365e+02
2.965585652983192704e+05 1.718006093374840557e-13 3.772151833628385624e-08 2.270002705111051000e+02
3.117634480808650260e+05 1.510040206146393926e-13 3.452009654972465233e-08 2.318111695459710404e+02
3.277479018739408348e+05 1.327248740834715382e-13 3.159037913529465892e-08 2.367240277082819091e+02
3.445518961379595567e+05 1.166584315356004722e-13 2.890930656796266237e-08 2.417410058548457243e+02
3.622174496113909991e+05 1.025368435443944929e-13 2.645577638245884464e-08 2.468643106382414203e+02
3.807887353794944938e+05 9.012468405114081853e-14 2.421047707779703103e-08 2.520961954774317064e+02
4.003121913300411543e+05 7.921502549275790832e-14 2.215573611829838684e-08 2.574389615488467484e+02
4.208366362722213962e+05 6.962598903825736697e-14 2.027538083476913103e-08 2.628949587988201415e+02
4.424133920090965694e+05 6.119771242134760061e-14 1.855461113094788380e-08 2.684665869766565152e+02
4.650964116688389913e+05 5.378968481937483122e-14 1.697988299338280617e-08 2.741562966904702421e+02
4.889424146156553179e+05 4.727840434699651629e-14 1.553880188780014717e-08 2.799665904851243567e+02
5.140110282777408138e+05 4.155531911190860825e-14 1.422002520290617405e-08 2.859000239427663246e+02
5.403649372469085502e+05 3.652501750731920382e-14 1.301317297378136833e-08 2.919592068068545245e+02
5.680700400227193022e+05 3.210363757087036287e-14 1.190874618217859831e-08 2.981468041303492100e+02
5.971956137930564582e+05 2.821746889169964655e-14 1.089805199064587874e-08 3.044655374472438325e+02
6.278144876631795196e+05 2.480172375782433222e-14 9.973135322050601409e-09 3.109181859702614474e+02
6.600032247664229944e+05 2.179945705691956046e-14 9.126716245923312459e-09 3.175075878129937337e+02
6.938423137119094608e+05 1.916061692390815566e-14 8.352132678818871007e-09 3.242366412379055873e+02
7.294163698479967425e+05 1.684121030841855370e-14 7.643287947707287933e-09 3.311083059319020663e+02
7.668143468447235646e+05 1.480256955079312739e-14 6.994602803629757742e-09 3.381256043070167152e+02
8.061297591243179049e+05 1.301070773973033260e-14 6.400971507979360283e-09 3.452916228309648545e+02
8.474609156959623797e+05 1.143575210423731992e-14 5.857721645708337196e-09 3.526095133834645594e+02
8.909111659795242595e+05 1.005144599399630821e-14 5.360577349208008575e-09 3.600824946436371761e+02
9.365891582329371013e+05 8.834711145310688263e-15 4.905625643360557890e-09 3.677138535054122599e+02
9.846091112294379855e+05 7.765262935063338974e-15 4.489285646878269764e-09 3.755069465218879827e+02
1.035091099863994634e+06 6.825272208563832344e-15 4.108280387551027245e-09 3.834652013848402134e+02
1.088161355403086869e+06 5.999068043216118299e-15 3.759611009483783213e-09 3.915921184277648877e+02
1.143952581128624268e+06 5.272876493047440323e-15 3.440533169418625377e-09 3.998912721706412867e+02
1.202604284165272489e+06 4.634590958229697583e-15 3.148535436246374240e-09 4.083663128872042307e+02
1.264263124320930336e+06 4.073570351675360290e-15 2.881319523793105009e-09 4.170209682147817603e+02
1.329083280812643003e+06 3.580461697613767050e-15 2.636782201215691988e-09 4.258590447905723408e+02
1.397226837794951163e+06 3.147044204797149534e-15 2.412998738679816033e-09 4.348844299273962974e+02
1.468864189654704416e+06 2.766092214742148530e-15 2.208207757996547998e-09 4.441010933239007272e+02
1.544174467085782439e+06 2.431254740175081514e-15 2.020797368979503515e-09 4.535130888091799193e+02
1.623345985009134281e+06 2.136949585456068317e-15 1.849292482415867022e-09 4.631245561274239435e+02
1.706576713458170416e+06 1.878270283783576876e-15 1.692343199776676493e-09 4.729397227570951827e+02
1.794074772606963990e+06 1.650904299734094592e-15 1.548714188298041740e-09 4.829629057717617684e+02
1.886058953179090517e+06 1.451061133434320495e-15 1.417274957794177702e-09 4.931985137385384519e+02
1.982759263538399944e+06 1.275409127773160750e-15 1.296990962675006170e-09 5.036510486553229384e+02
2.084417504829733167e+06 1.121019925162885414e-15 1.186915459142742183e-09 5.143251079349943211e+02
2.191287875607731752e+06 9.853196478256408639e-16 1.086182053455362443e-09 5.252253864225307325e+02
2.303637607465630397e+06 8.660459877643881859e-16 9.939978826298383092e-10 5.363566784640910328e+02
2.421747633253435604e+06 7.612104910103201034e-16 9.096373738913509850e-10 5.477238800141692536e+02
2.545913289556382690e+06 6.690654073915319036e-16 8.324365337582165538e-10 5.593319907872682961e+02
2.676445055190230254e+06 5.880745531692078414e-16 7.617877218165341096e-10 5.711861164614268773e+02
2.813669327560023405e+06 5.168877007600485729e-16 6.971348680361797876e-10 5.832914709180803357e+02
2.957929238823618274e+06 4.543180686148443697e-16 6.379690960012596571e-10 5.956533785414816293e+02
3.109585513900805730e+06 3.993225359514964487e-16 5.838247175885975893e-10 6.082772765542930529e+02
