# [1] k:    [h/Mpc] 
# [2] P:    [Mpc^3/h^3] 
# [3] T:    [Mpc^3/h^3] 
# [4] Delta_k 
3.059023205018257859e-07 1.302304319908687447e+00 3.949809060980226059e+04 1.888561163027404389e-21
3.215862678579245412e-07 1.365455968006323850e+00 3.947840899972231273e+04 2.300596451302093459e-21
3.380743483904743061e-07 1.431669980712079404e+00 3.945873719685390097e+04 2.802527201852300301e-21
3.554077908890640533e-07 1.501094858931864895e+00 3.943907519630118622e+04 3.413966283689944910e-21
3.736299379885273404e-07 1.573886304713145945e+00 3.941942299317973811e+04 4.158805587495621834e-21
3.927863545481053003e-07 1.650207570443035454e+00 3.939978058259861427e+04 5.066149597670638713e-21
4.129249415873286729e-07 1.730229824984129250e+00 3.938014795969618717e+04 6.171452645721218698e-21
4.340960560635169786e-07 1.814132537557608282e+00 3.936052511958635296e+04 7.517904282947167087e-21
4.563526367904018199e-07 1.902103880248335654e+00 3.934091205738548888e+04 9.158116905703818460e-21
4.797503368127355169e-07 1.994341150028862808e+00 3.932130876823921426e+04 1.115618157693504191e-20
5.043476625678916271e-07 2.091051211240460006e+00 3.930171524726874486e+04 1.359017237485012644e-20
5.302061201824328858e-07 2.192450959538655653e+00 3.928213148959774117e+04 1.655519712586085805e-20
5.573903692694645323e-07 2.298767808337229823e+00 3.926255749037909118e+04 2.016711372869976029e-20
5.859683846113473662e-07 2.410240198831858915e+00 3.924299324474127934e+04 2.456705728444545346e-20
6.160116261320592563e-07 2.527118134765884427e+00 3.922343874782418425e+04 2.992695492951594813e-20
6.475952175842278093e-07 2.649663743121910109e+00 3.920389399476116523e+04 3.645624386278986512e-20
6.807981343976415384e-07 2.778151862009574202e+00 3.918435898071476549e+04 4.441005507289424404e-20
7.157034011589609116e-07 2.912870657049304590e+00 3.916483370082319016e+04 5.409918254333720146e-20
7.523982992164306405e-07 3.054122267657953582e+00 3.914531815023598028e+04 6.590222748099291995e-20
7.909745849287134463e-07 3.202223484668195841e+00 3.912581232410509256e+04 8.028039210162576057e-20
8.315287191035797356e-07 3.357506460808457938e+00 3.910631621758489928e+04 9.779550103749723608e-20
8.741621082001717898e-07 3.520319455635557038e+00 3.908682982583219564e+04 1.191319545508486871e-19
9.189813578979717484e-07 3.691027616589158455e+00 3.906735314399730123e+04 1.451234713717258745e-19
9.660985396665287929e-07 3.870013797929718002e+00 3.904788616725958855e+04 1.767856661329299407e-19
1.015631471002508262e-06 4.057679419371698515e+00 3.902842889077420841e+04 2.153557343595419970e-19
1.067704010034801725e-06 4.254445366368749148e+00 3.900898130969872727e+04 2.623407956991466655e-19
1.122446365234364056e-06 4.460752934056936958e+00 3.898954341921972082e+04 3.195767843970731337e-19
1.179995421003214005e-06 4.677064816954294990e+00 3.897011521449957218e+04 3.893001881518072774e-19
1.240495079956737545e-06 4.903866146670241122e+00 3.895069669070308737e+04 4.742354385375459180e-19
1.304096622755184042e-06 5.141665579937260588e+00 3.893128784302403801e+04 5.777013677612235143e-19
1.370959086384113674e-06 5.390996439383278549e+00 3.891188866663203225e+04 7.037408915334854739e-19
1.441249661829700436e-06 5.652417909645131466e+00 3.889249915670794144e+04 8.572789853962171154e-19
1.515144112143284134e-06 5.926516291472812448e+00 3.887311930843502341e+04 1.044315127405095569e-18
1.592827211940548929e-06 6.213906316647737960e+00 3.885374911699013319e+04 1.272157726836817522e-18
1.674493209434307728e-06 6.515232526678271796e+00 3.883438857757898950e+04 1.549709699190791228e-18
1.760346312156213177e-06 6.831170718323004820e+00 3.881503768538324221e+04 1.887816346277690362e-18
1.850601197581954108e-06 7.162429459239185725e+00 3.879569643559573888e+04 2.299689134767774234e-18
1.945483549936765273e-06 7.509751677110424239e+00 3.877636482340292423e+04 2.801421932273376221e-18
2.045230624523543909e-06 7.873916325855037535e+00 3.875704284402009944e+04 3.412619872823944498e-18
2.150091840984688092e-06 8.255740132598139880e+00 3.873773049263847497e+04 4.157165424539285669e-18
2.260329406981118614e-06 8.656079429392496749e+00 3.871842776446048811e+04 5.064151593504102344e-18
2.376218973848010330e-06 9.075832073744594553e+00 3.869913465468658251e+04 6.169018728627158617e-18
2.498050325866710336e-06 9.515939462285038175e+00 3.867985115853275784e+04 7.514939347980281988e-18
2.626128104876382668e-06 9.977388642063296231e+00 3.866057727119983610e+04 9.154505098475710795e-18
2.760772572037287162e-06 1.046121452425595422e+01 3.864131298790859728e+04 1.115178176661676978e-17
2.902320408650496801e-06 1.096850220518698649e+01 3.862205830386463640e+04 1.358481263950861010e-17
3.051125558036519890e-06 1.150038939993424769e+01 3.860281321428909723e+04 1.654866803464521387e-17
3.207560110577962700e-06 1.205806899392654508e+01 3.858357771440991928e+04 2.015916015834862656e-17
3.372015234139298021e-06 1.264279171825763548e+01 3.856435179943106778e+04 2.455736845037760375e-17
3.544902152190277809e-06 1.325586895478784299e+01 3.854513546458961355e+04 2.991515224199396769e-17
3.726653172078803499e-06 1.389867567720120078e+01 3.852592870510308421e+04 3.644186613357233651e-17
3.917722766024474580e-06 1.457265353473881575e+01 3.850673151620452700e+04 4.439254049434446008e-17
4.118588707535861475e-06 1.527931408543721936e+01 3.848754389312936837e+04 5.407784673592649842e-17
4.329753266093139866e-06 1.602024218615112616e+01 3.846836583110228094e+04 6.587623675122302503e-17
4.551744463083409039e-06 1.679709954700178542e+01 3.844919732536780066e+04 8.024873086562982058e-17
4.785117392129195949e-06 1.761162845813433364e+01 3.843003837115535134e+04 9.775693213719148795e-17
5.030455607111644826e-06 1.846565569725822797e+01 3.841088896371860028e+04 1.190849709122662099e-16
5.288372581359179674e-06 1.936109662658938291e+01 3.839174909828298405e+04 1.450662371162281385e-16
5.559513241650373021e-06 2.029995948856495858e+01 3.837261877010251919e+04 1.767159448404747536e-16
5.844555580866815540e-06 2.128434990978434271e+01 3.835349797442923591e+04 2.152708016810850955e-16
6.144212353328471540e-06 2.231647562337370871e+01 3.833438670650441782e+04 2.622373329030420373e-16
6.459232857050738118e-06 2.339865142039429102e+01 3.831528496158919006e+04 3.194507486899856390e-16
6.790404807379771878e-06 2.453330434128052318e+01 3.829619273492958746e+04 3.891466547072429042e-16
7.138556306691162195e-06 2.572297911909965507e+01 3.827711002178708441e+04 4.740484080592967341e-16
7.504557915077204533e-06 2.697034388672178196e+01 3.825803681742987101e+04 5.774735320613683387e-16
7.889324827200587103e-06 2.827819616070816622e+01 3.823897311710238864e+04 7.034633479658683009e-16
8.293819160757753291e-06 2.964946911549619202e+01 3.821991891608189326e+04 8.569408889875573906e-16
8.719052362274285227e-06 3.108723816167727350e+01 3.820087420962625765e+04 1.043903267088548360e-15
9.166087736248057605e-06 3.259472784339848772e+01 3.818183899300875055e+04 1.271656009232598841e-15
9.636043103964330830e-06 3.417531907016255843e+01 3.816281326150500536e+04 1.549098519758322934e-15
1.013009359863121538e-05 3.583255669931001108e+01 3.814379701037996711e+04 1.887071823271627235e-15
1.064947460382478790e-05 3.757015748627059537e+01 3.812479023491832049e+04 2.298782176063308233e-15
1.119548484259151579e-05 3.939201842022156796e+01 3.810579293038973265e+04 2.800317098595432215e-15
1.176948962493235138e-05 4.130222546410249862e+01 3.808680509208790318e+04 3.411273992962064609e-15
1.237292426178888029e-05 4.330506271826575215e+01 3.806782671527856292e+04 4.155525908437544864e-15
1.300729765406831334e-05 4.540502202873524595e+01 3.804885779526009719e+04 5.062154377316758684e-15
1.367419606568169201e-05 4.760681306114082645e+01 3.802989832731161732e+04 6.166585771430409783e-15
1.437528709002991615e-05 4.991537386335983228e+01 3.801094830672754324e+04 7.511975582333865742e-15
1.511232381985586521e-05 5.233588194025301021e+01 3.799200772880464501e+04 9.150894715683670860e-15
1.588714923088939049e-05 5.487376586543135915e+01 3.797307658882907708e+04 1.114738369150720498e-14
1.670170079024660794e-05 5.753471745621281741e+01 3.795415488210228796e+04 1.357945501795639201e-14
1.755801530110687162e-05 6.032470453887854234e+01 3.793524260393239092e+04 1.654214151839711742e-14
1.845823399578163895e-05 6.324998433286609156e+01 3.791633974960396154e+04 2.015120972474287273e-14
1.940460788991057802e-05 6.631711748427076714e+01 3.789744631443408434e+04 2.454768343742298777e-14
2.039950341117315543e-05 6.953298277951184048e+01 3.787856229372066446e+04 2.990335420924667993e-14
2.144540831659045798e-05 7.290479257278649072e+01 3.785968768277684285e+04 3.642749407467261312e-14
2.254493791321357228e-05 7.644010896147474909e+01 3.784082247691810335e+04 4.437503282325026850e-14
2.370084159775344190e-05 8.014686074591318743e+01 3.782196667144936509e+04 5.405651934298717402e-14
2.491600973150475266e-05 8.403336121176499773e+01 3.780312026169506862e+04 6.585025627177443013e-14
2.619348086775470484e-05 8.810832677442638783e+01 3.778428324296481151e+04 8.021708211629295908e-14
2.753644934974891994e-05 9.238089652784205441e+01 3.776545561058770545e+04 9.771837844785591311e-14
2.894827329821342076e-05 9.686065274097335021e+01 3.774663735987801192e+04 1.190380058032137209e-13
3.043248300840562692e-05 1.015576423485129141e+02 3.772782848616949195e+04 1.450090254329243633e-13
3.199278977769132648e-05 1.064823994834133600e+02 3.770902898478537099e+04 1.766462510449650810e-13
3.363309518572123809e-05 1.116459691022817253e+02 3.769023885105120280e+04 2.151859024986514819e-13
3.535750085041236633e-05 1.170599317564275026e+02 3.767145808030557964e+04 2.621339109108927952e-13
3.717031868412924126e-05 1.227364295639489313e+02 3.765268666788299015e+04 3.193247626892230876e-13
3.907608167571078754e-05 1.286881934413827082e+02 3.763392460911811213e+04 3.889931818138173018e-13
4.107955522530357004e-05 1.349285716558545118e+02 3.761517189934581256e+04 4.738614513427804953e-13
4.318574906034433776e-05 1.414715597618815082e+02 3.759642853391396056e+04 5.772457862158236881e-13
4.539992976248807967e-05 1.483318319896490607e+02 3.757769450816421886e+04 7.031859138566770968e-13
4.772763393680535859e-05 1.555247741555886023e+02 3.755896981744267396e+04 8.566029259182351816e-13
5.017468205617894183e-05 1.630665181687685958e+02 3.754025445709776977e+04 1.043491569202910594e-12
5.274719301551768723e-05 1.709739782105957602e+02 3.752154842248022760e+04 1.271154489497375876e-12
5.545159943218107865e-05 1.792648886689479184e+02 3.750285170894311159e+04 1.548487581364569377e-12
5.829466373087315435e-05 1.879578439118206177e+02 3.748416431184180692e+04 1.886327593893320477e-12
6.128349505322671351e-05 1.970723399896871797e+02 3.746548622653398343e+04 2.297875575048382159e-12
6.442556703436033705e-05 2.066288183600967159e+02 3.744681744837966107e+04 2.799212700645332637e-12
6.772873649085907528e-05 2.166487117325746965e+02 3.742815797274113720e+04 3.409928643890607796e-12
7.120126306690828879e-05 2.271544921366784422e+02 3.740950779498516931e+04 4.153887038932913596e-12
7.485182988770643921e-05 2.381697213208397557e+02 3.739086691047444037e+04 5.060157948796780725e-12
7.868956527180084881e-05 2.497191035954015206e+02 3.737223531457819627e+04 6.164153773749667129e-12
8.272406555663884206e-05 2.618285412380072330e+02 3.735361300267223123e+04 7.509012985547584999e-12
8.696541909440986997e-05 2.745251925855976651e+02 3.733499997013040411e+04 9.147285756764853355e-12
9.142423147818073699e-05 2.878375329435294816e+02 3.731639621232462378e+04 1.114298735092704535e-11
9.611165206140254191e-05 3.017954184484695475e+02 3.729780172463548661e+04 1.357409950936455958e-11
1.010394018371016720e-04 3.164301530278742121e+02 3.727921650244375633e+04 1.653561757608952570e-11
1.062198027464676133e-04 3.317745586066302508e+02 3.726064054113251041e+04 2.014326242665659369e-11
1.116658084901241013e-04 3.478630487181413287e+02 3.724207383608711098e+04 2.453800224406922036e-11
1.173910369191279803e-04 3.647317056849857977e+02 3.722351638269522664e+04 2.989156082944809749e-11
1.234098040866900780e-04 3.824183615422373919e+02 3.720496817634683975e+04 3.641312768387901186e-11
1.297371600457651012e-04 4.009626828849322351e+02 3.718642921243421006e+04 4.435753205688147494e-11
1.363889264820232711e-04 4.204062598299857427e+02 3.716789948635188921e+04 5.403520036122529168e-11
1.433817362763056455e-04 4.407926992920899352e+02 3.714937899349779764e+04 6.582428603858629954e-11
1.507330750954898936e-04 4.621677227826224907e+02 3.713086772926792764e+04 8.018544584870832134e-11
1.584613251157653230e-04 4.845792689514545941e+02 3.711236568906792672e+04 9.767983996344018437e-11
1.665858109876483387e-04 5.080776011005802388e+02 3.709387286829837103e+04 1.189910592164713745e-10
1.751268481576742783e-04 5.327154199119941040e+02 3.707538926236634870e+04 1.449518363129711528e-10
1.841057936675958640e-04 5.585479816415549976e+02 3.705691486668015568e+04 1.765765847354850744e-10
1.935450995581117185e-04 5.856332220445738130e+02 3.703844967665251170e+04 2.151010367990844046e-10
2.034683690106629794e-04 6.140318863104007505e+02 3.701999368768999557e+04 2.620305297066530695e-10
2.139004153676812446e-04 6.438076652988723936e+02 3.700154689521512773e+04 3.191988263752185102e-10
2.248673241788693637e-04 6.750273383816322621e+02 3.698310929464118090e+04 3.888397694473874980e-10
2.363965184286629729e-04 7.077609232115315763e+02 3.696468088138893654e+04 4.736745683587383875e-10
2.485168271079757005e-04 7.420818327539344637e+02 3.694626165088094422e+04 5.770181301894887587e-10
2.612585573016925852e-04 7.780670399329483189e+02 3.692785159853994264e+04 7.029085891628285250e-10
2.746535699721688829e-04 8.157972502619924171e+02 3.690945071979408385e+04 8.562650961359619127e-10
2.887353596282311993e-04 8.553570828451975103e+02 3.689105901007223292e+04 1.043080033684018233e-09
3.035391380788964293e-04 8.968352601562015707e+02 3.687267646480449184e+04 1.270653167552985724e-09
3.191019224812350285e-04 9.403248070198111463e+02 3.685430307942480431e+04 1.547876883914667396e-09
3.354626279025451924e-04 9.859232592425528310e+02 3.683593884936885297e+04 1.885583658026405152e-09
3.526621646282911485e-04 1.033732882360307258e+03 3.681758377007513627e+04 2.296969331581766090e-09
3.707435404591257876e-04 1.083860900993330915e+03 3.679923783698285115e+04 2.798108738251014834e-09
3.897519682527942697e-04 1.136419739323547219e+03 3.678090104553503625e+04 3.408583825403171769e-09
4.097349789798286580e-04 1.191527273232775997e+03 3.676257339117660740e+04 4.152248815770620693e-09
4.307425405757319271e-04 1.249307094667883575e+03 3.674425486935448862e+04 5.058162307634928488e-09
4.528271828868440083e-04 1.309888788825578331e+03 3.672594547551812866e+04 6.161722735209141431e-09
4.760441290223192071e-04 1.373408224778425392e+03 3.670764520511873707e+04 7.506051557160272483e-09
5.004514334406633081e-04 1.440007860194163868e+03 3.668935405361055018e+04 9.143678221158456871e-09
5.261101271161193775e-04 1.509826382464666494e+03 3.667094233760749194e+04 1.113851396616628994e-08
5.530843701478924991e-04 1.583010727202011822e+03 3.665231624439396546e+04 1.356838862019528470e-08
5.814416121938181326e-04 1.659701043095606337e+03 3.663324247356006526e+04 1.652792963915809647e-08
6.112527611296385451e-04 1.740071140885808745e+03 3.661380465476948302e+04 2.013259536666568582e-08
6.425923603556274889e-04 1.824238157858999102e+03 3.659342475409579492e+04 2.452214570991967028e-08
6.755387751939181127e-04 1.912440000802484747e+03 3.657270889737054677e+04 2.986819129301699051e-08
7.101743888426273075e-04 2.004729789931852565e+03 3.655039482477144338e+04 3.637651765999490741e-08
7.465858083767621441e-04 2.101431103708996943e+03 3.652772794706854620e+04 4.430212987135475719e-08
7.848640813110194670e-04 2.202554855660701833e+03 3.650306899026646715e+04 5.394862194970769750e-08
8.251049232659968648e-04 2.308448981085477044e+03 3.647766946206062858e+04 6.569284568840854285e-08
8.674089573071004124e-04 2.419176159307435682e+03 3.645034315307596989e+04 7.998516786849225716e-08
9.118819655546198935e-04 2.535008937984235672e+03 3.642156076921855129e+04 9.737907253631751661e-08
9.586351536941296880e-04 2.656137534170294657e+03 3.639108594511019328e+04 1.185443528719914338e-07
1.007785429048626679e-03 2.782686878643246018e+03 3.635823874208804773e+04 1.442908606071712688e-07
1.059455692907732439e-03 2.915053572594065372e+03 3.632410046465195046e+04 1.756164510402115894e-07
1.113775147844932919e-03 3.053121801984628291e+03 3.628645935186158022e+04 2.137011988896603758e-07
1.170879620791311689e-03 3.197591304058089918e+03 3.624807408212410519e+04 2.600338910102039538e-07
1.230911902673626282e-03 3.348001343963673662e+03 3.620488750615747995e+04 3.163273887830671123e-07
1.294022105466001958e-03 3.505281404870765982e+03 3.616069475350902212e+04 3.847850888420550032e-07
1.360368037548055848e-03 3.669040155265967769e+03 3.611207841702645237e+04 4.679419517277460152e-07
1.430115598308045934e-03 3.839953257120161652e+03 3.606119814407494414e+04 5.689965424503816348e-07
1.503439192977754080e-03 4.017954880378986218e+03 3.600647794387404429e+04 6.917241165549127817e-07
1.580522168736409397e-03 4.203301026365157668e+03 3.594796349486945837e+04 8.407415827000786778e-07
1.661557273174137529e-03 4.396436205840072944e+03 3.588643885771970963e+04 1.021684917356530908e-06
1.746747136261333697e-03 4.596968854100647150e+03 3.581926644293437130e+04 1.241171915227027648e-06
1.836304777029133936e-03 4.806096835436776018e+03 3.575016875908360089e+04 1.507637974286565727e-06
1.930454136227949345e-03 5.022490583676877577e+03 3.567322181506497145e+04 1.830492081250663367e-06
2.029430636295988157e-03 5.248133749864169658e+03 3.559476638063146675e+04 2.222274946538359161e-06
2.133481770037976965e-03 5.481244828377454724e+03 3.550783809392117837e+04 2.696598376907759470e-06
2.242867719486086112e-03 5.723738881518941525e+03 3.541811696544626466e+04 3.271606429615558399e-06
2.357862006490532136e-03 5.974385991486155945e+03 3.532101142891036579e+04 3.967516032206079992e-06
2.478752176666675511e-03 6.234087149051470078e+03 3.521874351542313525e+04 4.809970954681024644e-06
2.605840518408833982e-03 6.502765113505158297e+03 3.511053019153985952e+04 5.829238493436673229e-06
2.739444818768723561e-03 6.779813227678575458e+03 3.499436763032706222e+04 7.061153607982911641e-06
2.879899158088616417e-03 7.066834167738250471e+03 3.487407249040951865e+04 8.551198772229316131e-06
3.027554745376210416e-03 7.361093795931533350e+03 3.474260050794225390e+04 1.034876739102394213e-05
3.182780796510085389e-03 7.666477049493627419e+03 3.460907544663662702e+04 1.252236291342233253e-05
3.345965457471714814e-03 7.977541325247157147e+03 3.446097334563610639e+04 1.513922630613132416e-05
3.517516774912597243e-03 8.299683697230559119e+03 3.431031539473656449e+04 1.829954671735306264e-05
3.697863716483424691e-03 8.628074246720130759e+03 3.414694123832556215e+04 2.210226779682719351e-05
3.887457243476651579e-03 8.965905298183364721e+03 3.397761373999661009e+04 2.668463597247589859e-05
4.086771438464619106e-03 9.310779531650068748e+03 3.379790288881881133e+04 3.219566135829697031e-05
4.296304690752923532e-03 9.662699764676499399e+03 3.360832790711145935e+04 3.881986004909422752e-05
4.516580942613284376e-03 1.002276014625469907e+04 3.341121450957074558e+04 4.678288383981914282e-05
4.748150999412126434e-03 1.038655092781142957e+04 3.319977973128480517e+04 5.632681299688095336e-05
4.991593906910903912e-03 1.075997289050077597e+04 3.298420677407686890e+04 6.779523552254978374e-05
5.247518399182111472e-03 1.113270286470473366e+04 3.274927541394835862e+04 8.149534201965217444e-05
5.516564420761540903e-03 1.151531161541591609e+04 3.251173639442432250e+04 9.793818156639262737e-05
5.799404726842954938e-03 1.189497685424832162e+04 3.225410898884430208e+04 1.175395746726272210e-04
6.096746565516493986e-03 1.228146046640847271e+04 3.199110097982070874e+04 1.409985675102382464e-04
6.409333446257287764e-03 1.266559382500580978e+04 3.171158055609365329e+04 1.689407487157082389e-04
6.737946999086424568e-03 1.305087358231209146e+04 3.142142179341170049e+04 2.022519014524178105e-04
7.083408929053131541e-03 1.343498340946625285e+04 3.111899331420461749e+04 2.418991471261317623e-04
7.446583070925409317e-03 1.381289879592056423e+04 3.079997173109185314e+04 2.889523326705004482e-04
7.828377549226901017e-03 1.419161676383858503e+04 3.047367077262343446e+04 3.449192412220822485e-04
8.229747049021221908e-03 1.455483213611712199e+04 3.012405038138238160e+04 4.109953615827505484e-04
8.651695203121895217e-03 1.492149032983064899e+04 2.977260232641635957e+04 4.895376442730160803e-04
9.095277101697147801e-03 1.526176469280069432e+04 2.939097566705345889e+04 5.817318167606639213e-04
9.561601930544914862e-03 1.560203237920094580e+04 2.900702203806884063e+04 6.909448931565122676e-04
1.005183574463506743e-02 1.591651121221441463e+04 2.859811631071267402e+04 8.189441561564458991e-04
1.056720438385422289e-02 1.621997349590658814e+04 2.817990270953294385e+04 9.696181161961724745e-04
1.110899653824396448e-02 1.649963479397287301e+04 2.774294212920665814e+04 1.145959013328311108e-03
1.167856697039719623e-02 1.675462156205451174e+04 2.728874684845697993e+04 1.351990214869811576e-03
1.227733990307029038e-02 1.698963096866049818e+04 2.682311334690866352e+04 1.592821259057844311e-03
1.290681258048182248e-02 1.718340230187308043e+04 2.633132550938177155e+04 1.871700809282318906e-03
1.356855901220299469e-02 1.736337473780549408e+04 2.583664648537891117e+04 2.197382091482403144e-03
1.426423390900143431e-02 1.748249589483235832e+04 2.530589618989776864e+04 2.570508531433221208e-03
1.499557682048000690e-02 1.758920716357275523e+04 2.477673452772355085e+04 3.004734136328617456e-03
1.576441648485692182e-02 1.762790799173067717e+04 2.421153107644109332e+04 3.498684124005764159e-03
1.657267540176381518e-02 1.765435833256727346e+04 2.365095958741759023e+04 4.070990311461637756e-03
1.742237463949622076e-02 1.764957032766819611e+04 2.308292267979604367e+04 4.728533181296949717e-03
1.831563888873704443e-02 1.758810212236754887e+04 2.249231455460450161e+04 5.474638594428963070e-03
1.925470177538994923e-02 1.746201100071060864e+04 2.187624199091751871e+04 6.315022552622662037e-03
2.024191144580758314e-02 1.727348525111898198e+04 2.123814138976147660e+04 7.257796621161711863e-03
2.127973643838054069e-02 1.705283815631344623e+04 2.059803477564186687e+04 8.324643868253576301e-03
2.237077185616915750e-02 1.671792625507637058e+04 1.990763114317745567e+04 9.481904359190513470e-03
2.351774585601286785e-02 1.636515733730744614e+04 1.922602072782089817e+04 1.078394148293388907e-02
2.472352647034336062e-02 1.594854806263548744e+04 1.852639077506481772e+04 1.221019673050840158e-02
2.599112877875953478e-02 1.552575162004418053e+04 1.784257342026926199e+04 1.381014747034584392e-02
2.732372244729698585e-02 1.504555520879322648e+04 1.714494971492065451e+04 1.554884280726722377e-02
2.872463965424410307e-02 1.454104154679280873e+04 1.645245815640012734e+04 1.745940912935659353e-02
3.019738342232343442e-02 1.399025852445055170e+04 1.575240387397733321e+04 1.951659000669108551e-02
3.174563637807315680e-02 1.341914055546135751e+04 1.505903872100955596e+04 2.174938960780254185e-02
3.337326996033158216e-02 1.283982096382674354e+04 1.437855735071462550e+04 2.417828606281976697e-02
3.508435410085083278e-02 1.231478956586694767e+04 1.374517452079106442e+04 2.694248879235744756e-02
3.688316740124613496e-02 1.182124086418782099e+04 1.314526134823299981e+04 3.004816493986933387e-02
3.877420783172848273e-02 1.126070523458509524e+04 1.252337593848346478e+04 3.325558950217125803e-02
4.076220397837305304e-02 1.071547654810793028e+04 1.192464060140023503e+04 3.676670604046638341e-02
4.285212686704739649e-02 1.016249324064792745e+04 1.133549838358103989e+04 4.051237226368849947e-02
4.504920239356542677e-02 9.662255551691960136e+03 1.078898713490894625e+04 4.475175763185087335e-02
4.735892439114896407e-02 9.245241317646590687e+03 1.030152384260280269e+04 4.975010492801212880e-02
4.978706836787243073e-02 8.867655430012822762e+03 9.847991881074905905e+03 5.544070333790849375e-02
5.233970594844135349e-02 8.529227616099116858e+03 9.427554685997001798e+03 6.195463440042471570e-02
5.502322005641668845e-02 8.245947222077726110e+03 9.048267144154073321e+03 6.959031737888762836e-02
5.784432087484844831e-02 7.994486017400891797e+03 8.696436767252642312e+03 7.838680909964661214e-02
6.081006262522850592e-02 7.732834978342252725e+03 8.348652256359546300e+03 8.809177345068672227e-02
6.392786120671870020e-02 7.475369929350413258e+03 8.012430515042831757e+03 9.894035686089981685e-02
6.720551273976151097e-02 7.151315844864557221e+03 7.649654884515805861e+03 1.099691618562480822e-01
7.065121306044198912e-02 6.826772424655736359e+03 7.295541063504933845e+03 1.219676211358133588e-01
7.427357821434696361e-02 6.458876398629718096e+03 6.926745180569145305e+03 1.340695876895981187e-01
7.808166600116696332e-02 6.059735991264797121e+03 6.549053028165993055e+03 1.461406974807258063e-01
8.208499862391337165e-02 5.605892593362606021e+03 6.148582044348821000e+03 1.570747645050389885e-01
8.629358649938589920e-02 5.142057039138107029e+03 5.748068857117586958e+03 1.673950867523995023e-01
9.071795328942874881e-02 4.684580999081041227e+03 5.355374227654199785e+03 1.771824659821623349e-01
9.536916221556676621e-02 4.277033891372284415e+03 4.994899158117552361e+03 1.879476297790851624e-01
1.002588437228218304e-01 3.907946485286757252e+03 4.660479626127123993e+03 1.995202322871607870e-01
1.053992245618834284e-01 3.641838211963815411e+03 4.391547301243658694e+03 2.160245725825982455e-01
1.108031583623540345e-01 3.407079907837282008e+03 4.146191254716074582e+03 2.348058959427195558e-01
1.164841577735182265e-01 3.249220665818839279e+03 3.952289111295870043e+03 2.601657110430137254e-01
1.224564282530043596e-01 3.093169491288797872e+03 3.764106410637691624e+03 2.877522584588033672e-01
1.287349035878279091e-01 2.931369034414845373e+03 3.576812809650817144e+03 3.168324758533521690e-01
1.353352832366376823e-01 2.731916012617452452e+03 3.370509588878396698e+03 3.430604960215786203e-01
1.422740715865399574e-01 2.497415221455301889e+03 3.145634093786898575e+03 3.643663768770729061e-01
1.495686192226629019e-01 2.248849999677773667e+03 2.913694413341101153e+03 3.811993932162969778e-01
1.572371663136570008e-01 2.008386279610516794e+03 2.687746535810987552e+03 3.955333705934860333e-01
1.652988882216175348e-01 1.836185243771650676e+03 2.508556373997903393e+03 4.201424364189778604e-01
1.737739434504778357e-01 1.687377871819348002e+03 2.347322298676254832e+03 4.485765623884193087e-01
1.826835240527691917e-01 1.591690713586652691e+03 2.225342292822443142e+03 4.916172167121999337e-01
1.920499086207905493e-01 1.491924818711982425e+03 2.103012629413439299e+03 5.353767563965634579e-01
2.018965179946938526e-01 1.361531520571074452e+03 1.961025280533622663e+03 5.676549716793711786e-01
2.122479738267836202e-01 1.232750444069809419e+03 1.821410589100871221e+03 5.971398926892154124e-01
2.231301601484726449e-01 1.101466658457754875e+03 1.680571065285095074e+03 6.198925913612601812e-01
2.345702880938428103e-01 1.003539948985377919e+03 1.565811462074426117e+03 6.561814188396674075e-01
2.465969639416541459e-01 9.286874733739986141e+02 1.470306441039407673e+03 7.055097541531708538e-01
2.592402606459418002e-01 8.495103156512717533e+02 1.372645293545042932e+03 7.498014296178806548e-01
2.725317930340656614e-01 7.738821753485844965e+02 1.278828627365574903e+03 7.935907978830767373e-01
2.865047968602461026e-01 6.966126490999297403e+02 1.184326744748108013e+03 8.299602788443453116e-01
3.011942119122611450e-01 6.275257974197238582e+02 1.097217136089708220e+03 8.686437683019002653e-01
3.166367693791155569e-01 5.743848583024749814e+02 1.024658652761849225e+03 9.237560145134395828e-01
3.328710836981453314e-01 5.229729939619745664e+02 9.543733042368953647e+02 9.771871140301023884e-01
3.499377491112247163e-01 4.698271643557811217e+02 8.829754806598326695e+02 1.019954419365858733e+00
3.678794411715154977e-01 4.241231345470067708e+02 8.188917473797737330e+02 1.069741330957830527e+00
3.867410234545784475e-01 3.849982716387977462e+02 7.615717643581776883e+02 1.128209533833398837e+00
4.065696597406806001e-01 3.473994909041828691e+02 7.061500005871714620e+02 1.182780989133704885e+00
4.274149319488126375e-01 3.124496648542512389e+02 6.536922520117601607e+02 1.235945706731863769e+00
4.493289641173122684e-01 2.816518166507763681e+02 6.058156875443286253e+02 1.294422517279344431e+00
4.723665527411103904e-01 2.540017618743145817e+02 5.615695257199993193e+02 1.356264529506442162e+00
4.965853037915104462e-01 2.284649918754664100e+02 5.198714041360747160e+02 1.417331726226293220e+00
5.220457767611225153e-01 2.054285702797862996e+02 4.811909505814407453e+02 1.480665177962623202e+00
5.488116360941387439e-01 1.844613797940963877e+02 4.450826722046917325e+02 1.544705327623729252e+00
5.769498103806052214e-01 1.655800266742291740e+02 4.116165851839004972e+02 1.610988024439836908e+00
6.065306597127584354e-01 1.485499064861013494e+02 3.805625194072501927e+02 1.679194174218374247e+00
6.376281516219051149e-01 1.331783114034042228e+02 3.517284556013238443e+02 1.749066059669469153e+00
6.703200460357783275e-01 1.193306617113215538e+02 3.249882867660633678e+02 1.820828026661250210e+00
7.046880897188601001e-01 1.068286292683296494e+02 3.001486835225736627e+02 1.893863651854502006e+00
7.408182206818726412e-01 9.560639167214969802e+01 2.771641207252566801e+02 1.969210545404755930e+00
7.788007830715680813e-01 8.547201929233254702e+01 2.558034861539136955e+02 2.045376970960544050e+00
8.187307530781540166e-01 7.639632911359531420e+01 2.360650280250580693e+02 2.124056480308809558e+00
8.607079764252394405e-01 6.821736295219865553e+01 2.177427993504900599e+02 2.203599520308462623e+00
9.048374180361511421e-01 6.089674407318931060e+01 2.008141475099515390e+02 2.285472434166627043e+00
9.512294245009160765e-01 5.432262123551753774e+01 1.851350122642515998e+02 2.368682243869687287e+00
1.000000000000213163e+00 4.843557515744390685e+01 1.706402040553259383e+02 2.453774902676382652e+00
1.051271096376248826e+00 4.316328662474951727e+01 1.572379290450581379e+02 2.540556966185326448e+00
1.105170918075884856e+00 3.844085115010889098e+01 1.448429930551949951e+02 2.628764000409108625e+00
1.161834242728533306e+00 3.422338955010408057e+01 1.334023358981897900e+02 2.719103860652998694e+00
1.221402758160433644e+00 3.044638879787152774e+01 1.228204683851821812e+02 2.810494482763331359e+00
1.284025416688019838e+00 2.708188340865207877e+01 1.130689131688457536e+02 2.904490661232997262e+00
1.349858807576296504e+00 2.406785096341967645e+01 1.040455171897158948e+02 2.998973348009447371e+00
1.419067548593566874e+00 2.138585280394752886e+01 9.573460155991179477e+01 3.096036259023184911e+00
1.491824697641596753e+00 1.898998579920864671e+01 8.805801641351003184e+01 3.194098296764646516e+00
1.568312185490513100e+00 1.685746402092443574e+01 8.098482162967079034e+01 3.294276520849465317e+00
1.648721270700491237e+00 1.495688980300789339e+01 7.446103818467123858e+01 3.395887354362296939e+00
1.733253017867778301e+00 1.326482611351385010e+01 6.844790367211142268e+01 3.499110966217517937e+00
1.822118800390913007e+00 1.176009543255549339e+01 6.290942634582013682e+01 3.604219005323474612e+00
1.915540829014322100e+00 1.042048862197528436e+01 5.780365159872475544e+01 3.710501251342682494e+00
2.013752707470925607e+00 9.231721776963944137e+00 5.310721381534100516e+01 3.819191000602216501e+00
2.117000016613148627e+00 8.173093081448694619e+00 4.877601518121966251e+01 3.928432436169775777e+00
2.225540928492967474e+00 7.234942248364912842e+00 4.479520825305674947e+01 4.040285773699969774e+00
2.339646851926517890e+00 6.400601160063066786e+00 4.112683979632104325e+01 4.152808967670917895e+00
2.459603111157505406e+00 5.661410466549718024e+00 3.775532465719405195e+01 4.267661879001251712e+00
2.585709659316432152e+00 5.005196537461688244e+00 3.465192661575949984e+01 4.383597472220388092e+00
2.718281828459663263e+00 4.423751672214200070e+00 3.179897483932187185e+01 4.501367225089838442e+00
2.857651118063815776e+00 3.908536724898198145e+00 2.917600189813155964e+01 4.620745762576147442e+00
3.004166023947120401e+00 3.451955709538074402e+00 2.676407377845916713e+01 4.741407300607877850e+00
3.158192909690492378e+00 3.048049095523076790e+00 2.454887083646246637e+01 4.864163667733719443e+00
3.320116922737311960e+00 2.690092345965455767e+00 2.251153281295705000e+01 4.987668520026433683e+00
3.490342957462647444e+00 2.373920195845892867e+00 2.064217526953714099e+01 5.113763997374444870e+00
3.669296667620093988e+00 2.093746753847438580e+00 1.892280047389180098e+01 5.240139991602511316e+00
3.857425530697870641e+00 1.846444935436219792e+00 1.734572456181681943e+01 5.369072536324672740e+00
4.055199966845619564e+00 1.627630074024299045e+00 1.589655618165109985e+01 5.498734980535067152e+00
4.263114515169814212e+00 1.434464071803474239e+00 1.456702833085672211e+01 5.630421792420325922e+00
4.481689070339116121e+00 1.263806625077298573e+00 1.334649942268051248e+01 5.763364076455579799e+00
4.711470182591849465e+00 1.113141521672366352e+00 1.222652894900216047e+01 5.897799205438461811e+00
4.953032424396282885e+00 9.802192102560390863e-01 1.119929087952258406e+01 6.034023282890333739e+00
5.206979827181080545e+00 8.628560809740689619e-01 1.025649642399086936e+01 6.171152923190233786e+00
5.473947391728498424e+00 7.594468480791999321e-01 9.392462586114273648e+00 6.310583254035432077e+00
5.754602676007100293e+00 6.681398845158833533e-01 8.599345764421682858e+00 6.450356033855284110e+00
6.049647464414390718e+00 5.877608841198560530e-01 7.872868248321601037e+00 6.592667023397183357e+00
6.359819522603354258e+00 5.168386011449090933e-01 7.206278556901717813e+00 6.735340807666875484e+00
6.685894442280875261e+00 4.544177887163860508e-01 6.595719340564611954e+00 6.880248586861939408e+00
7.028687580590986528e+00 3.994101848624954099e-01 6.035941247681601673e+00 7.026064189686158201e+00
7.389056098932435646e+00 3.510612914659876349e-01 5.523671469978799209e+00 7.174970115448358499e+00
7.767901106308653603e+00 3.085650667826526639e-01 5.054877981122988473e+00 7.327031858483025850e+00
8.166169912569634093e+00 2.712130410077043807e-01 4.625870952484452125e+00 7.482316301169747774e+00
8.584858397179985445e+00 2.383825051215504587e-01 4.233273710849402960e+00 7.640891743350760379e+00
9.025013499436326470e+00 2.095261294843538125e-01 3.873996160948649514e+00 7.802827932371433128e+00
9.487735836360851494e+00 1.841628391072976934e-01 3.545210463613902352e+00 7.968196093758158405e+00
9.974182454817173138e+00 1.618697934788712045e-01 3.244328778126509327e+00 8.137068962545312090e+00
1.048556972473016025e+01 1.422753372390584969e-01 2.968982893571407988e+00 8.309520815267971372e+00
1.102317638064432792e+01 1.250528041794872203e-01 2.717005588875554878e+00 8.485627502629817798e+00
1.158834671922626214e+01 1.099150712739301733e-01 2.486413574818919781e+00 8.665466482866888143e+00
1.218249396070650370e+01 9.660977194731608375e-02 2.275391883754726674e+00 8.849116855814690652e+00
1.280710378266622662e+01 8.491508878206564803e-02 2.082279584173382325e+00 9.036659397701599872e+00
1.346373803500505772e+01 7.463605552032541446e-02 1.905556707669347594e+00 9.228176596674394716e+00
1.415403864537935341e+01 6.560130671157743398e-02 1.743832285415758188e+00 9.423752689082080636e+00
1.487973172487657614e+01 5.766022081773324731e-02 1.595833399981952061e+00 9.623473696525035592e+00
1.564263188419211659e+01 5.068040914744422615e-02 1.460395166322297600e+00 9.827427463690055376e+00
1.644464677110120832e+01 4.454550875674637839e-02 1.336451563077713178e+00 1.003570369698835130e+01
1.728778184057202338e+01 3.915324252068503458e-02 1.223027042023713040e+00 1.024839400401247858e+01
1.817414536944768244e+01 3.441371403467143736e-02 1.119228849623722155e+00 1.046559193382727848e+01
1.910595372823652127e+01 3.024790891927857731e-02 1.024240000251551930e+00 1.068739301811623932e+01
2.008553692319280515e+01 2.658637754318409971e-02 9.373128457758879151e-01 1.091389481320108956e+01
2.111534442254602695e+01 2.336807720345390749e-02 8.577631908934760796e-01 1.114519694295063168e+01
2.219795128144734164e+01 2.053935446074307142e-02 7.849649078933976787e-01 1.138140114259785030e+01
2.333606458094873304e+01 1.805305066356323665e-02 7.183450084658445922e-01 1.162261130348608873e+01
2.453253019711569394e+01 1.586771574949527239e-02 6.573791337661775147e-01 1.186893351876852520e+01
2.579033991719975205e+01 1.394691721632227398e-02 6.015874272365372422e-01 1.212047613006712865e+01
2.711263892066493852e+01 1.225863274272059184e-02 5.505307577009319608e-01 1.237734977512696588e+01
2.850273364377471097e+01 1.077471633265457071e-02 5.038072630058143542e-01 1.263966743647836033e+01
2.996410004740484823e+01 9.470429083383885560e-03 4.610491870016565352e-01 1.290754449113451408e+01
3.150039230875619012e+01 8.324026754336050216e-03 4.219199849693893722e-01 1.318109876133153691e+01
3.311545195870102276e+01 7.316397261077900276e-03 3.861116747092976920e-01 1.346045056635746739e+01
3.481331748761120082e+01 6.430742050898278356e-03 3.533424124425837975e-01 1.374572277547066079e+01
3.659823444368765877e+01 5.652296048109729971e-03 3.233542744459743101e-01 1.403704086194074385e+01
3.847466604904231957e+01 4.968081500176536533e-03 2.959112269588344279e-01 1.433453295823771079e+01
4.044730436007814234e+01 4.366691620947662882e-03 2.707972683840703110e-01 1.463832991239108949e+01
4.252108200007410943e+01 3.838100424032505394e-03 2.478147291602346425e-01 1.494856534554018523e+01
4.470118449331276622e+01 3.373495575984983025e-03 2.267827159233312684e-01 1.526537571070298327e+01
4.699306323159186860e+01 2.965131482733159626e-03 2.075356877125247856e-01 1.558890035279837960e+01
4.940244910554343960e+01 2.606200160001331118e-03 1.899221530130758562e-01 1.591928156993263421e+01
5.193536683484541783e+01 2.290717734961721097e-03 1.738034773811255873e-01 1.625666467598374609e+01
5.459815003315897997e+01 2.013424686945906612e-03 1.590527922653354742e-01 1.660119806452680180e+01
5.739745704546173499e+01 1.769698164086766631e-03 1.455539964365855088e-01 1.695303327408634431e+01
6.034028759737834946e+01 1.555474914099046289e-03 1.332008421664087061e-01 1.731232505480453199e+01
6.343400029814058882e+01 1.367183544341937090e-03 1.218960989612608153e-01 1.767923143649828077e+01
6.668633104094334385e+01 1.201684981851240458e-03 1.115507882706148618e-01 1.805391379816389374e+01
7.010541234670704114e+01 1.056220140728829056e-03 1.020834831453538427e-01 1.843653693896827761e+01
7.369979369961600923e+01 9.283639244310108816e-04 9.341966733401284306e-02 1.882726915072066376e+01
7.747846292528217305e+01 8.159847961147458084e-04 8.549114877252876610e-02 1.922628229190070570e+01
8.145086866499057976e+01 7.172092430224287973e-04 7.823552285104369564e-02 1.963375186325129107e+01
8.562694400222423496e+01 6.303905424781760820e-04 7.159568123317207322e-02 2.004985708495750885e+01
9.001713130054676526e+01 5.540813087841428911e-04 6.551936236179636830e-02 2.047478097549279497e+01
9.463240831495036787e+01 4.870093633338329624e-04 5.995874011332887055e-02 2.090871043210300684e+01
9.948431564196151555e+01 4.280565256663636914e-04 5.487004736288223633e-02 2.135183631301268292e+01
1.045849855771433994e+02 3.762399718790553158e-04 5.021323149743191216e-02 2.180435352137742910e+01
1.099471724521542768e+02 3.306958496175358754e-04 4.595163916553229866e-02 2.226646109100756021e+01
1.155842845272200918e+02 2.906648764831553625e-04 4.205172778229090275e-02 2.273836227390137665e+01
1.215104175187690743e+02 2.554796817640129993e-04 3.848280151891317336e-02 2.322026462965811433e+01
1.277403898460648861e+02 2.245536804582585089e-04 3.521676969876327140e-02 2.371238011675895407e+01
1.342897796849734675e+02 1.973712941052401936e-04 3.222792569834876525e-02 2.421492518580478759e+01
1.411749639215168770e+02 1.734793553918802147e-04 2.949274461293660901e-02 2.472812087470042641e+01
1.484131591026187778e+02 1.524795532380641538e-04 2.698969809429953987e-02 2.525219290589931731e+01
1.560224644864394463e+02 1.340217924095573601e-04 2.469908490313346347e-02 2.578737178565870636e+01
1.640219072999485945e+02 1.177983569549879604e-04 2.260287584250938661e-02 2.633389290545875738e+01
1.724314903169036768e+02 1.035387801626295643e-04 2.068457185177253674e-02 2.689199664549900959e+01
1.812722418752032070e+02 9.100533551295006450e-05 1.892907414402678415e-02 2.746192848044355017e+01
1.905662684586848457e+02 7.998907345458267657e-05 1.732256536503554850e-02 2.804393908740840757e+01
2.003368099748494728e+02 7.030633793127617022e-05 1.585240083813707970e-02 2.863828445618222318e+01
2.106082978667353416e+02 6.179570458598039433e-05 1.450700903921368391e-02 2.924522600183744458e+01
2.214064162042512862e+02 5.431528959752355120e-05 1.327580051833859853e-02 2.986503067973087511e+01
2.327581659077297047e+02 4.774038428443603274e-05 1.214908455121858737e-02 3.049797110287430968e+01
2.446919322642916654e+02 4.196137604189066031e-05 1.111799286444370254e-02 3.114432566188948215e+01
2.572375559058498879e+02 3.688192095058580631e-05 1.017440983414916525e-02 3.180437864742169651e+01
2.704264074262317763e+02 3.241733759272150990e-05 9.310908608719007176e-03 3.247842037518338998e+01
2.842914658240042627e+02 2.849319529772983788e-05 8.520692652751531496e-03 3.316674731366403961e+01
2.988674009671481713e+02 2.504407328185239765e-05 7.797542252178399878e-03 3.386966221451754677e+01
3.141906602857868620e+02 2.201246999478126501e-05 7.135765559490008653e-03 3.458747424571178186e+01
3.302995599097462787e+02 1.934784449070687599e-05 6.530153793751930849e-03 3.532049912753523557e+01
3.472343804788374655e+02 1.700577384206878042e-05 5.975940242787406396e-03 3.606905927144664759e+01
3.650374678654371792e+02 1.494721254900154108e-05 5.468762744843352203e-03 3.683348392189234488e+01
3.837533390612260860e+02 1.313784159779373153e-05 5.004629354431923936e-03 3.761410930110274364e+01
4.034287934928555046e+02 1.154749631631272600e-05 4.579886922112316218e-03 3.841127875700482974e+01
4.241130300448911044e+02 1.014966348792402464e-05 4.191192340899406628e-03 3.922534291421013108e+01
4.458577700826506316e+02 8.921039340150974085e-06 3.835486232989807932e-03 4.005665982823936133e+01
4.687173867825576963e+02 7.841141039130103928e-06 3.509968869693404995e-03 4.090559514303224375e+01
4.927490410934046849e+02 6.891965212935692575e-06 3.212078135036194187e-03 4.177252225175809741e+01
5.180128246684984106e+02 6.057687810901690368e-06 2.939469359589238270e-03 4.265782246100034314e+01
5.445719101260938260e+02 5.324400295212809527e-06 2.689996865803856180e-03 4.356188515855905052e+01
5.724927090138447738e+02 4.679877766670315508e-06 2.461697079586691941e-03 4.448510798465665061e+01
6.018450378722650385e+02 4.113375159012597570e-06 2.252773075196022601e-03 4.542789700681884568e+01
6.327022928124463306e+02 3.615448104069209100e-06 2.061580431813527566e-03 4.639066689855319225e+01
6.651416330445650829e+02 3.177795481304186796e-06 1.886614290463709291e-03 4.737384112167306682e+01
6.992441738160994191e+02 2.793121026860132552e-06 1.726497509413607665e-03 4.837785211256611007e+01
7.350951892421985576e+02 2.455011694926515199e-06 1.579969824822224271e-03 4.940314147239504905e+01
7.727843255353874383e+02 2.157830743554270980e-06 1.445877931325115912e-03 5.045016016136449366e+01
8.124058251677936369e+02 1.896623762506513196e-06 1.323166404477668342e-03 5.151936869703089883e+01
8.540587625264155349e+02 1.667036076508041769e-06 1.210869393610233867e-03 5.261123735683140268e+01
8.978472916506958654e+02 1.465240146895026585e-06 1.108103019711187149e-03 5.372624638501607564e+01
9.438809066718714575e+02 1.287871761342224749e-06 1.014058418498962454e-03 5.486488620380834647e+01
9.922747156053346771e+02 1.131973947872452792e-06 9.279953739286804807e-04 5.602765762908376246e+01
1.043149728180628472e+03 9.949476781188136753e-07 8.492364920236699201e-04 5.721507209076532519e+01
1.096633158428801380e+03 8.745085379877256497e-07 7.771618691712750548e-04 5.842765185765244951e+01
1.152858742783748994e+03 7.686486433732011200e-07 7.112042129213184917e-04 5.966593026716896730e+01
1.211967074492957408e+03 6.756031660010550702e-07 6.508443768817468713e-04 6.093045195997204644e+01
1.274105955173854682e+03 5.938209113433484866e-07 5.956072745669698052e-04 6.222177311948660616e+01
1.339430764394840480e+03 5.219384580978309210e-07 5.450581400375660275e-04 6.354046171651256714e+01
1.408104848205140797e+03 4.587574281028106362e-07 4.987991058994469462e-04 6.488709775908294830e+01
1.480299927585014302e+03 4.032245077447072620e-07 4.564660717276036099e-04 6.626227354755127408e+01
1.556196527837648091e+03 3.544138877888762740e-07 4.177258382664814323e-04 6.766659393508477649e+01
1.635984429996447261e+03 3.115118288820700699e-07 3.822734848507306133e-04 6.910067659374570326e+01
1.719863145376471039e+03 2.738030954115947832e-07 3.498299694037566095e-04 7.056515228613662316e+01
1.808042414456641382e+03 2.406590315559426811e-07 3.201399321243204843e-04 7.206066514284923130e+01
1.900742731340188357e+03 2.115270807379814368e-07 2.929696855739371045e-04 7.358787294574338489e+01
1.998195895104759757e+03 1.859215737562147910e-07 2.681053753455401125e-04 7.514744741730457633e+01
2.100645589420852957e+03 1.634156320193035376e-07 2.453512968359334266e-04 7.674007451610263786e+01
2.208347991887921125e+03 1.436340508997691362e-07 2.245283548734796849e-04 7.836645473842412457e+01
2.321572414611807289e+03 1.262470445633084946e-07 2.054726540773417953e-04 8.002730342648082740e+01
2.440601977625289692e+03 1.109647479906305984e-07 1.880342088524734922e-04 8.172335108292696759e+01
2.565734316835632853e+03 9.753238453395712197e-08 1.720757628675345457e-04 8.345534369228050764e+01
2.697282328269386653e+03 8.572601844400930611e-08 1.574717087233591173e-04 8.522404304895999871e+01
2.835574950475434889e+03 7.534882155682684116e-08 1.441070993091621657e-04 8.703022709235051479e+01
2.980957987042702825e+03 6.622779190091494846e-08 1.318767430649119379e-04 8.887469024904800108e+01
3.133794971289250043e+03 5.821086951922581555e-08 1.206843760285517735e-04 9.075824378217953381e+01
3.294468075284922634e+03 5.116440142308279891e-08 1.104419041515801659e-04 9.268171614820393245e+01
3.463379065480592999e+03 4.497091341538775805e-08 1.010687099193677193e-04 9.464595336150341609e+01
3.640950307333554974e+03 3.952715163597018967e-08 9.249101781823983669e-05 9.665181936620231795e+01
3.827625821441170956e+03 3.474236117957922381e-08 8.464131365561884375e-05 9.870019641639167673e+01
4.023872393823642142e+03 3.053677308824640824e-08 7.745781316222071888e-05 1.007919854640708195e+02
4.230180743132199495e+03 2.684027449439344652e-08 7.088397569401251434e-05 1.029281065554662433e+02
4.447066747701334862e+03 2.359123974403631443e-08 6.486805920618067837e-05 1.051094992355821347e+02
4.675072735513344924e+03 2.073550301346507920e-08 5.936271299653517674e-05 1.073371229616836189e+02
4.914768840300775992e+03 1.822545529131038888e-08 5.432460501259522265e-05 1.096119575250913272e+02
5.166754427177720572e+03 1.601925067165125802e-08 4.971408078917150073e-05 1.119350034821465698e+02
5.431659591364801599e+03 1.408010872592855955e-08 4.549485133190113564e-05 1.143072825944203146e+02
5.710146733755425885e+03 1.237570132320885514e-08 4.163370749002397598e-05 1.167298382780203809e+02
6.002912217263044113e+03 1.087761367632534059e-08 3.810025857035022139e-05 1.192037360625788409e+02
6.310688108091153481e+03 9.560870628756191678e-09 3.486669313500477009e-05 1.217300640597745911e+02
6.634244006280128815e+03 8.403520284856603979e-09 3.190756010030805718e-05 1.243099334421953159e+02
6.974388970108182548e+03 7.386268041909412780e-09 2.919956841369514004e-05 1.269444789318309574e+02
7.331973539158482708e+03 6.492154922887874213e-09 2.672140373208085868e-05 1.296348592991879514e+02
7.707891861111141225e+03 5.706274847274784690e-09 2.445356065872432262e-05 1.323822578731023896e+02
8.103083927578147268e+03 5.015526126441261253e-09 2.237818921810856671e-05 1.351878830611296962e+02
8.518537924572025076e+03 4.408393040692259401e-09 2.047895436048458032e-05 1.380529688809203037e+02
8.955292703485578386e+03 3.874753856584439640e-09 1.874090739028549872e-05 1.409787755032943721e+02
9.414440378761499232e+03 3.405712083865905086e-09 1.715036830635071924e-05 1.439665898062052349e+02
9.897129058747319505e+03 2.993448158902456139e-09 1.569481812796214839e-05 1.470177259409416592e+02
1.040456571656430970e+04 2.631089081923495911e-09 1.436280035913673068e-05 1.501335259099773509e+02
1.093801920816896018e+04 2.312593834782417167e-09 1.314383081565704083e-05 1.533153601574650509e+02
1.149882344515380282e+04 2.032652668971060223e-09 1.202831510504819506e-05 1.565646281717393151e+02
1.208838073022117533e+04 1.786598584901515480e-09 1.100747311004412040e-05 1.598827591010676770e+02
1.270816526367042752e+04 1.570329526680951306e-09 1.007326988112346107e-05 1.632712123822116155e+02
1.335972682966652428e+04 1.380239995265932840e-09 9.218352394190302480e-06 1.667314783823078699e+02
1.404469467150771925e+04 1.213160939894364720e-09 8.435991675625219342e-06 1.702650790543468986e+02
1.476478156558243427e+04 1.066306925703505803e-09 7.720029839178303951e-06 1.738735686065415109e+02
1.552178810420236550e+04 9.372296967478403528e-10 7.064831617842143366e-06 1.775585341861605002e+02
1.631760719802116000e+04 8.237773602437377102e-10 6.465240009197056420e-06 1.813215965772584468e+02
1.715422880929701932e+04 7.240585115954513455e-10 5.916535685148309305e-06 1.851644109139995464e+02
1.803374492783486858e+04 6.364107021085200807e-10 5.414399846538849182e-06 1.890886674082409797e+02
1.895835480205053682e+04 5.593727237123503187e-10 4.954880230299002051e-06 1.930960920931539135e+02
1.993037043823734348e+04 4.916602486363604103e-10 4.534360001562790935e-06 1.971884475824472815e+02
2.095222238178608313e+04 4.321444179201059052e-10 4.149529285903066792e-06 2.013675338452717085e+02
2.202646579481454319e+04 3.798330218019876129e-10 3.797359117633089879e-06 2.056351889983996841e+02
2.315578684540369068e+04 3.338539582338600502e-10 3.475077599105608212e-06 2.099932901145757000e+02
2.434300942441707230e+04 2.934406937543601061e-10 3.180148083368883576e-06 2.144437540477440223e+02
2.559110220669883711e+04 2.579194843354922675e-10 2.910249208465930685e-06 2.189885382766209432e+02
2.690318607430719567e+04 2.266981431538346532e-10 2.663256626214831673e-06 2.236296417654312449e+02
2.828254192034512744e+04 1.992561680317222763e-10 2.437226281668465355e-06 2.283691058432228829e+02
2.973261885290210193e+04 1.751360639585612546e-10 2.230379111643168206e-06 2.332090151015177355e+02
3.125704281962085952e+04 1.539357160276563145e-10 2.041087041884399522e-06 2.381514983114400366e+02
3.285962567445517197e+04 1.353016856343463011e-10 1.867860172650266651e-06 2.431987293601006002e+02
3.454437470929026313e+04 1.189233181739473238e-10 1.709335051851398210e-06 2.483529282062595485e+02
3.631550267425979837e+04 1.045275640077592927e-10 1.564263943452526044e-06 2.536163618572854261e+02
3.817743831181556016e+04 9.187442635442566774e-11 1.431505006660550095e-06 2.589913453660039977e+02
4.013483743089039490e+04 8.075296021755648378e-11 1.310013308605451684e-06 2.644802428490515354e+02
4.219259454884566367e+04 7.097775564593956281e-11 1.198832599773055048e-06 2.700854685264062027e+02
4.435585513031406299e+04 6.238584669793613317e-11 1.097087787458351026e-06 2.758094877839128571e+02
4.663002845354139572e+04 5.483399457756950985e-11 1.003978047992664729e-06 2.816548182567969434e+02
4.902080113639969204e+04 4.819629964936234101e-11 9.187705235388258271e-07 2.876240309376937603e+02
5.153415135589398415e+04 4.236210252027356839e-11 8.407945538366746862e-07 2.937197513071516823e+02
5.417636379671867326e+04 3.723413919727986367e-11 7.694363975005548542e-07 2.999446604884793146e+02
5.695404536624281900e+04 3.272691956446038393e-11 7.041344013196769272e-07 3.063014964270088285e+02
5.987414171521994285e+04 2.876530214660919467e-11 6.443745795395159742e-07 3.127930550943385128e+02
6.294395460553275188e+04 2.528324139874970602e-11 5.896865683291885812e-07 3.194221917181019990e+02
6.617116016840114025e+04 2.222268663716448675e-11 5.396399235928120674e-07 3.261918220378093451e+02
6.956382809870861820e+04 1.953261425562430264e-11 4.938407329852717835e-07 3.331049235872989129e+02
7.313044183344273188e+04 1.716817709254706229e-11 4.519285154658985718e-07 3.401645370043642629e+02
7.687991976470644295e+04 1.508995676788396372e-11 4.135733839867869844e-07 3.473737673682102809e+02
8.082163754034375597e+04 1.326330652514956254e-11 3.784734489832164040e-07 3.547357855647931615e+02
8.496545150794286747e+04 1.165777362295407052e-11 3.463524422303254558e-07 3.622538296823736914e+02
8.932172336083906703e+04 1.024659164638286076e-11 3.169575423617549385e-07 3.699312064346219699e+02
9.390134604774527543e+04 9.006234274526797486e-12 2.900573849373814299e-07 3.777712926159138078e+02
9.871577101079767453e+04 7.916023064732416464e-12 2.654402413957638103e-07 3.857775365861671730e+02
1.037770368201258680e+05 6.957782714870341193e-12 2.429123525589675815e-07 3.939534597876475459e+02
1.090977992765488161e+05 6.115538056354173765e-12 2.222964035726417329e-07 4.023026582938259139e+02
1.146913630576689611e+05 5.375247726375951175e-12 2.034301282778143165e-07 4.108288043911485374e+02
1.205717149864963576e+05 4.724570079305225454e-12 1.861650320294089939e-07 4.195356481938808884e+02
1.267535590057915979e+05 4.152657434695687615e-12 1.703652229092682846e-07 4.284270192941027631e+02
1.332523529455816897e+05 3.649975231708112694e-12 1.559063421337881821e-07 4.375068284457342997e+02
1.400843471757866791e+05 3.208143075028044026e-12 1.426745852378740646e-07 4.467790692847179912e+02
1.472666252406089625e+05 2.819795022289470614e-12 1.305658063309011140e-07 4.562478200855693444e+02
1.548171465762921434e+05 2.478456783807560749e-12 1.194846983743885666e-07 4.659172455551622534e+02
1.627547914190663723e+05 2.178437787373511332e-12 1.093440430294450226e-07 4.757915986646184479e+02
1.710994080155731353e+05 1.914736308682061721e-12 1.000640241695295511e-07 4.858752225194873517e+02
1.798718622538203781e+05 1.682956085794707283e-12 9.157159965544594865e-08 4.961725522706565812e+02
1.890940898387710622e+05 1.479233027477809910e-12 8.379992642761103639e-08 5.066881170646735200e+02
1.987891511430313694e+05 1.300170793552170301e-12 7.668783439075134488e-08 5.174265420359253085e+02
2.089812888697938761e+05 1.142784173287437340e-12 7.017934494993675632e-08 5.283925503408287341e+02
2.196959886722229712e+05 1.004449317884739430e-12 6.422323040847104358e-08 5.395909652359653137e+02
2.309600428808625729e+05 8.828599973484784397e-13 5.877261075948344416e-08 5.510267121977332181e+02
2.428016174984180834e+05 7.759891525037366954e-13 5.378458469803988618e-08 5.627048210911705155e+02
2.552503226294341730e+05 6.820551011620771058e-13 4.921989194896965835e-08 5.746304283804350916e+02
2.683372865209793090e+05 5.994918350601162318e-13 4.504260425304607157e-08 5.868087793887572161e+02
2.820952333994774381e+05 5.269229123738251748e-13 4.121984257909355990e-08 5.992452306054167366e+02
2.965585652983192704e+05 4.631385105631533980e-13 3.772151833628385624e-08 6.119452520417105461e+02
3.117634480808650260e+05 4.070752569866058563e-13 3.452009654972465233e-08 6.249144296370043321e+02
3.277479018739408348e+05 3.577985010341249476e-13 3.159037913529465892e-08 6.381584677150709695e+02
3.445518961379595567e+05 3.144867322321153552e-13 2.890930656796266237e-08 6.516831914939202761e+02
3.622174496113909991e+05 2.764178845472621680e-13 2.645577638245884464e-08 6.654945496473819730e+02
3.807887353794944938e+05 2.429572985647910624e-13 2.421047707779703103e-08 6.795986169216757844e+02
4.003121913300411543e+05 2.135471408536705050e-13 2.215573611829838684e-08 6.940015968071645602e+02
4.208366362722213962e+05 1.876971041256331187e-13 2.027538083476913103e-08 7.087098242676711379e+02
4.424133920090965694e+05 1.649762331460551962e-13 1.855461113094788380e-08 7.237297685254114867e+02
4.650964116688389913e+05 1.450057401249933718e-13 1.697988299338280617e-08 7.390680359073156751e+02
4.889424146156553179e+05 1.274526898100648466e-13 1.553880188780014717e-08 7.547313727509255159e+02
5.140110282777408138e+05 1.120244490033177336e-13 1.422002520290617405e-08 7.707266683712090298e+02
5.403649372469085502e+05 9.846380796824155807e-14 1.301317297378136833e-08 7.870609580907000691e+02
5.680700400227193022e+05 8.654469239410400678e-14 1.190874618217859831e-08 8.037414263347823180e+02
5.971956137930564582e+05 7.606839442980099080e-14 1.089805199064587874e-08 8.207754097898913415e+02
6.278144876631795196e+05 6.686025995421975968e-14 9.973135322050601409e-09 8.381704006322543137e+02
6.600032247664229944e+05 5.876677685464024053e-14 9.126716245923312459e-09 8.559340498225210467e+02
6.938423137119094608e+05 5.165301577119498948e-14 8.352132678818871007e-09 8.740741704701234767e+02
7.294163698479967425e+05 4.540038064125773640e-14 7.643287947707287933e-09 8.925987412719370013e+02
7.668143468447235646e+05 3.990463154175803792e-14 6.994602803629757742e-09 9.115159100186647265e+02
8.061297591243179049e+05 3.507414686821181835e-14 6.400971507979360283e-09 9.308339971817304104e+02
8.474609156959623797e+05 3.082839587793222964e-14 5.857721645708337196e-09 9.505614995696396363e+02
8.909111659795242595e+05 2.709659613325792145e-14 5.360577349208008575e-09 9.707070940681044249e+02
9.365891582329371013e+05 2.381653346209723312e-14 4.905625643360557890e-09 9.912796414557130902e+02
9.846091112294379855e+05 2.093352476306859490e-14 4.489285646878269764e-09 1.012288190297589608e+03
1.035091099863994634e+06 1.839950636410613120e-14 4.108280387551027245e-09 1.033741980933861214e+03
1.088161355403086869e+06 1.617223273547454875e-14 3.759611009483783213e-09 1.055650449531528920e+03
1.143952581128624268e+06 1.421457219966120057e-14 3.440533169418625377e-09 1.078023232248843442e+03
1.202604284165272489e+06 1.249388789563296656e-14 3.148535436246374240e-09 1.100870169460343959e+03
1.264263124320930336e+06 1.098149367819219134e-14 2.881319523793105009e-09 1.124201310096625775e+03
1.329083280812643003e+06 9.652175880842287043e-15 2.636782201215691988e-09 1.148026916055422816e+03
1.397226837794951163e+06 8.483772969762972204e-15 2.412998738679816033e-09 1.172357466719040758e+03
1.468864189654704416e+06 7.456806080934555319e-15 2.208207757996547998e-09 1.197203663564790986e+03
1.544174467085782439e+06 6.554154280980291644e-15 2.020797368979503515e-09 1.222576434868043179e+03
1.623345985009134281e+06 5.760769137974963375e-15 1.849292482415867022e-09 1.248486940513302898e+03
1.706576713458170416e+06 5.063423843612408503e-15 1.692343199776676493e-09 1.274946576898325247e+03
1.794074772606963990e+06 4.450492704360459983e-15 1.548714188298041740e-09 1.301966981950531135e+03
1.886058953179090517e+06 3.911757325346248380e-15 1.417274957794177702e-09 1.329560040244806942e+03
1.982759263538399944e+06 3.438236255816545503e-15 1.296990962675006170e-09 1.357737888225889265e+03
2.084417504829733167e+06 3.022035256182751542e-15 1.186915459142742183e-09 1.386512919557347686e+03
2.191287875607731752e+06 2.656215690284006478e-15 1.086182053455362443e-09 1.415897790559314217e+03
2.303637607465630397e+06 2.334678848923503167e-15 9.939978826298383092e-10 1.445905425786291971e+03
2.421747633253435604e+06 2.052064276087795090e-15 9.096373738913509850e-10 1.476549023707604874e+03
2.545913289556382690e+06 1.803660402856528578e-15 8.324365337582165538e-10 1.507842062507859055e+03
2.676445055190230254e+06 1.585325999163697194e-15 7.617877218165341096e-10 1.539798306027190620e+03
2.813669327560023405e+06 1.393421133845715514e-15 6.971348680361797876e-10 1.572431809799463281e+03
2.957929238823618274e+06 1.224746492062057432e-15 6.379690960012596571e-10 1.605756927251024081e+03
3.109585513900805730e+06 1.076490038353584239e-15 5.838247175885975893e-10 1.639788315996971960e+03
