# [1] k:    [h/Mpc] 
# [2] P:    [Mpc^3/h^3] 
# [3] T:    [Mpc^3/h^3] 
# [4] Delta_k 
3.059023205018257859e-07 7.030492573360409558e-01 3.949809060980226059e+04 1.019540135744313574e-21
3.215862678579245412e-07 7.371416876657685968e-01 3.947840899972231273e+04 1.241977471618360264e-21
3.380743483904743061e-07 7.728873361646422246e-01 3.945873719685390097e+04 1.512944891455518916e-21
3.554077908890640533e-07 8.103663710775323992e-01 3.943907519630118622e+04 1.843030406661615775e-21
3.736299379885273404e-07 8.496628481870719396e-01 3.941942299317973811e+04 2.245132059378231956e-21
3.927863545481053003e-07 8.908648993283195816e-01 3.939978058259861427e+04 2.734961911548729444e-21
4.129249415873286729e-07 9.340649300472657623e-01 3.938014795969618717e+04 3.331659991393599628e-21
4.340960560635169786e-07 9.793598268402056162e-01 3.936052511958635296e+04 4.058542187144104512e-21
4.563526367904018199e-07 1.026851174446199000e+00 3.934091205738548888e+04 4.944011311889934311e-21
4.797503368127355169e-07 1.076645483676817561e+00 3.932130876823921426e+04 6.022666939260486401e-21
5.043476625678916271e-07 1.128854430289621513e+00 3.930171524726874486e+04 7.336657376577780527e-21
5.302061201824328858e-07 1.183595105449254392e+00 3.928213148959774117e+04 8.937326603665313630e-21
5.573903692694645323e-07 1.240990278334334063e+00 3.926255749037909118e+04 1.088722053119497517e-20
5.859683846113473662e-07 1.301168671473825089e+00 3.924299324474127934e+04 1.326253097277009496e-20
6.160116261320592563e-07 1.364265249440445915e+00 3.922343874782418425e+04 1.615607282866150738e-20
6.475952175842278093e-07 1.430421521540148566e+00 3.920389399476116523e+04 1.968091081414302646e-20
6.807981343976415384e-07 1.499785859183450976e+00 3.918435898071476549e+04 2.397477744636523446e-20
7.157034011589609116e-07 1.572513828640336175e+00 3.916483370082319016e+04 2.920545492181639979e-20
7.523982992164306405e-07 1.648768539937687239e+00 3.914531815023598028e+04 3.557733118058866345e-20
7.909745849287134463e-07 1.728721012672259194e+00 3.912581232410509256e+04 4.333938633456371925e-20
8.315287191035797356e-07 1.812550559563416153e+00 3.910631621758489928e+04 5.279492152804916818e-20
8.741621082001717898e-07 1.900445188605170754e+00 3.908682982583219564e+04 6.431341038463063618e-20
9.189813578979717484e-07 1.992602024718596043e+00 3.906735314399730123e+04 7.834493613372444211e-20
9.660985396665287929e-07 2.089227751855643245e+00 3.904788616725958855e+04 9.543777854559194470e-20
1.015631471002508262e-06 2.190539076532460605e+00 3.902842889077420841e+04 1.162598378811712101e-19
1.067704010034801725e-06 2.296763213848536545e+00 3.900898130969872727e+04 1.416247329949451351e-19
1.122446365234364056e-06 2.408138397074647052e+00 3.898954341921972082e+04 1.725235933702153159e-19
1.179995421003214005e-06 2.524914411942363657e+00 3.897011521449957218e+04 2.101637873550924869e-19
1.240495079956737545e-06 2.647353156851696809e+00 3.895069669070308737e+04 2.560160999002361483e-19
1.304096622755184042e-06 2.775729230245226997e+00 3.893128784302403801e+04 3.118722032612330327e-19
1.370959086384113674e-06 2.910330546454307221e+00 3.891188866663203225e+04 3.799146663233922786e-19
1.441249661829700436e-06 3.051458981421165007e+00 3.889249915670794144e+04 4.628022381549511506e-19
1.515144112143284134e-06 3.199431049727345044e+00 3.887311930843502341e+04 5.637737382291883644e-19
1.592827211940548929e-06 3.354578614452603968e+00 3.885374911699013319e+04 6.867746128106502732e-19
1.674493209434307728e-06 3.517249631463977178e+00 3.883438857757898950e+04 8.366111026790884359e-19
1.760346312156213177e-06 3.687808929781820400e+00 3.881503768538324221e+04 1.019138046267427766e-18
1.850601197581954108e-06 3.866639029802929173e+00 3.879569643559573888e+04 1.241487656599036291e-18
1.945483549936765273e-06 4.054141001191462479e+00 3.877636482340292423e+04 1.512348211443988743e-18
2.045230624523543909e-06 4.250735362381857563e+00 3.875704284402009944e+04 1.842303546476219824e-18
2.150091840984688092e-06 4.456863023682083202e+00 3.873773049263847497e+04 2.244246617065929497e-18
2.260329406981118614e-06 4.672986276128516359e+00 3.871842776446048811e+04 2.733883288584811821e-18
2.376218973848010330e-06 4.899589828282342019e+00 3.869913465468658251e+04 3.330346040745323835e-18
2.498050325866710336e-06 5.137181893309938019e+00 3.867985115853275784e+04 4.056941566386995580e-18
2.626128104876382668e-06 5.386295328765774215e+00 3.866057727119983610e+04 4.942061477008375044e-18
2.760772572037287162e-06 5.647488831663279640e+00 3.864131298790859728e+04 6.020291700747230594e-18
2.902320408650496801e-06 5.921348191478112533e+00 3.862205830386463640e+04 7.333763922341442603e-18
3.051125558036519890e-06 6.208487603931134302e+00 3.860281321428909723e+04 8.933801872417735313e-18
3.207560110577962700e-06 6.509551048468614098e+00 3.858357771440991928e+04 1.088292679459051647e-17
3.372015234139298021e-06 6.825213732531048905e+00 3.856435179943106778e+04 1.325730045368809486e-17
3.544902152190277809e-06 7.156183605887850518e+00 3.854513546458961355e+04 1.614970114535377623e-17
3.726653172078803499e-06 7.503202948367658998e+00 3.852592870510308421e+04 1.967314899404136657e-17
3.917722766024474580e-06 7.867050034612431020e+00 3.850673151620452700e+04 2.396532219750078927e-17
4.118588707535861475e-06 8.248540879541844006e+00 3.848754389312936837e+04 2.919393678175846471e-17
4.329753266093139866e-06 8.648531068457781856e+00 3.846836583110228094e+04 3.556330007972920653e-17
4.551744463083409039e-06 9.067917675914006992e+00 3.844919732536780066e+04 4.332229400974178434e-17
4.785117392129195949e-06 9.507641277606909469e+00 3.843003837115535134e+04 5.277410009921552933e-17
5.030455607111644826e-06 9.968688059862000017e+00 3.841088896371860028e+04 6.428804625759260097e-17
5.288372581359179674e-06 1.045209203136898424e+01 3.839174909828298405e+04 7.831403820901764024e-17
5.559513241650373021e-06 1.095893734222428328e+01 3.837261877010251919e+04 9.540013949139256275e-17
5.844555580866815540e-06 1.149036071538450265e+01 3.835349797442923591e+04 1.162139869570832117e-16
6.144212353328471540e-06 1.204755399603592103e+01 3.833438670650441782e+04 1.415688785829981026e-16
6.459232857050738118e-06 1.263176682461327260e+01 3.831528496158919006e+04 1.724555529675911958e-16
6.790404807379771878e-06 1.324430943939870886e+01 3.829619273492958746e+04 2.100809022931856076e-16
7.138556306691162195e-06 1.388655561506662295e+01 3.827711002178708441e+04 2.559151314577437724e-16
7.504557915077204533e-06 1.455994574370058814e+01 3.825803681742987101e+04 3.117492061113894300e-16
7.889324827200587103e-06 1.526599006519669643e+01 3.823897311710238864e+04 3.797648343708200226e-16
8.293819160757753291e-06 1.600627205438361500e+01 3.821991891608189326e+04 4.626197167385797821e-16
8.719052362274285227e-06 1.678245197230728181e+01 3.820087420962625765e+04 5.635513953518377835e-16
9.166087736248057605e-06 1.759627058979459591e+01 3.818183899300875055e+04 6.865037604579093266e-16
9.636043103964330830e-06 1.844955309154215328e+01 3.816281326150500536e+04 8.362811573356481683e-16
1.013009359863121538e-05 1.934421316952082037e+01 3.814379701037996711e+04 1.018736115368113040e-15
1.064947460382478790e-05 2.028225731492058159e+01 3.812479023491832049e+04 1.240998034754241438e-15
1.119548484259151579e-05 2.126578931815741669e+01 3.810579293038973265e+04 1.511751766753704293e-15
1.176948962493235138e-05 2.229701498717210839e+01 3.808680509208790318e+04 1.841576972953521648e-15
1.237292426178888029e-05 2.337824709442885407e+01 3.806782671527856292e+04 2.243361523958198688e-15
1.300729765406831334e-05 2.451191056393573575e+01 3.804885779526009719e+04 2.732805091011663253e-15
1.367419606568169201e-05 2.570054790966030112e+01 3.802989832731161732e+04 3.329032608297834498e-15
1.437528709002991615e-05 2.694682493777379761e+01 3.801094830672754324e+04 4.055341576887813424e-15
1.511232381985586521e-05 2.825353672534965099e+01 3.799200772880464501e+04 4.940112411108958652e-15
1.588714923088939049e-05 2.962361388897820191e+01 3.797307658882907708e+04 6.017917398986714725e-15
1.670170079024660794e-05 3.106012915741963099e+01 3.795415488210228796e+04 7.330871609234776176e-15
1.755801530110687162e-05 3.256630426293015290e+01 3.793524260393239092e+04 8.930278531266954692e-15
1.845823399578163895e-05 3.414551716672155379e+01 3.791633974960396154e+04 1.087863475135874325e-14
1.940460788991057802e-05 3.580130963494971752e+01 3.789744631443408434e+04 1.325207199743496160e-14
2.039950341117315543e-05 3.753739518189046720e+01 3.787856229372066446e+04 1.614333197492695937e-14
2.144540831659045798e-05 3.935766739845375639e+01 3.785968768277684285e+04 1.966539023506216284e-14
2.254493791321357228e-05 4.126620868447935919e+01 3.784082247691810335e+04 2.395587067762776113e-14
2.370084159775344190e-05 4.326729940447420830e+01 3.782196667144936509e+04 2.918242318425486094e-14
2.491600973150475266e-05 4.536542748742864717e+01 3.780312026169506862e+04 3.554927451250808255e-14
2.619348086775470484e-05 4.756529849200298798e+01 3.778428324296481151e+04 4.330520842584503821e-14
2.753644934974891994e-05 4.987184615995968073e+01 3.776545561058770545e+04 5.275328688202786234e-14
2.894827329821342076e-05 5.229024348118588250e+01 3.774663735987801192e+04 6.426269213372562143e-14
3.043248300840562692e-05 5.482591429546020123e+01 3.772782848616949195e+04 7.828315246991471859e-14
3.199278977769132648e-05 5.748454545664293391e+01 3.770902898478537099e+04 9.536251528142527461e-14
3.363309518572123809e-05 6.027209958685029534e+01 3.769023885105120280e+04 1.161681541158291060e-13
3.535750085041236633e-05 6.319482844910971409e+01 3.767145808030557964e+04 1.415130461990768767e-13
3.717031868412924126e-05 6.625928696839608278e+01 3.765268666788299015e+04 1.723875393989375677e-13
3.907608167571078754e-05 6.947234793264341590e+01 3.763392460911811213e+04 2.099980499198250486e-13
4.107955522530357004e-05 7.284121740662938294e+01 3.761517189934581256e+04 2.558142028355399994e-13
4.318574906034433776e-05 7.637345089336415072e+01 3.759642853391396056e+04 3.116262574694139834e-13
4.539992976248807967e-05 8.007697027905828691e+01 3.757769450816421886e+04 3.796150615094058581e-13
4.772763393680535859e-05 8.396008159990491038e+01 3.755896981744267396e+04 4.624372673054808598e-13
5.017468205617894183e-05 8.803149367036208162e+01 3.754025445709776977e+04 5.633291401628492768e-13
5.274719301551768723e-05 9.230033761477194787e+01 3.752154842248022760e+04 6.862330149247793120e-13
5.545159943218107865e-05 9.677618734611031925e+01 3.750285170894311159e+04 8.359513421170052738e-13
5.829466373087315435e-05 1.014690810377980057e+02 3.748416431184180692e+04 1.018334342983803608e-12
6.128349505322671351e-05 1.063895436367285185e+02 3.746548622653398343e+04 1.240508606008205914e-12
6.442556703436033705e-05 1.115486104680014421e+02 3.744681744837966107e+04 1.511155557291170636e-12
6.772873649085907528e-05 1.169578519843014845e+02 3.742815797274113720e+04 1.840850685978130420e-12
7.120126306690828879e-05 1.226293997154482014e+02 3.740950779498516931e+04 2.242476779916051621e-12
7.485182988770643921e-05 1.285759734762216340e+02 3.739086691047444037e+04 2.731727318660876924e-12
7.868956527180084881e-05 1.348109098936866701e+02 3.737223531457819627e+04 3.327719693845236343e-12
8.272406555663884206e-05 1.413481923178039210e+02 3.735361300267223123e+04 4.053742218397988928e-12
8.696541909440986997e-05 1.482024821824063565e+02 3.733499997013040411e+04 4.938164113887744904e-12
9.142423147818073699e-05 1.553891518869995423e+02 3.731639621232462378e+04 6.015544033612235713e-12
9.611165206140254191e-05 1.629243192731582894e+02 3.729780172463548661e+04 7.327980436810212040e-12
1.010394018371016720e-04 1.708248837726156637e+02 3.727921650244375633e+04 8.926756579658457717e-12
1.062198027464676133e-04 1.791085643083324044e+02 3.726064054113251041e+04 1.087434440083776837e-11
1.116658084901241013e-04 1.877939390334574625e+02 3.724207383608711098e+04 1.324684560319399731e-11
1.173910369191279803e-04 1.969004869973220195e+02 3.722351638269522664e+04 1.613696531639557738e-11
1.234098040866900780e-04 2.064486318319108591e+02 3.720496817634683975e+04 1.965763453601115397e-11
1.297371600457651012e-04 2.164597875567852157e+02 3.718642921243421006e+04 2.394642288527217695e-11
1.363889264820232711e-04 2.269564066051920577e+02 3.716789948635188921e+04 2.917091412752693146e-11
1.433817362763056455e-04 2.379620301790764358e+02 3.714937899349779764e+04 3.553525447673254497e-11
1.507330750954898936e-04 2.495013410458430201e+02 3.713086772926792764e+04 4.328812958022467006e-11
1.584613251157653230e-04 2.616002188955721408e+02 3.711236568906792672e+04 5.273248187321933274e-11
1.665858109876483387e-04 2.742857983822752317e+02 3.709387286829837103e+04 6.423734800913093333e-11
1.751268481576742783e-04 2.875865299800625507e+02 3.707538926236634870e+04 7.825227891164101134e-11
1.841057936675958640e-04 3.015322437901255057e+02 3.705691486668015568e+04 9.532490590979645998e-11
1.935450995581117185e-04 3.161542164419905134e+02 3.703844967665251170e+04 1.161223393503082445e-10
2.034683690106629794e-04 3.314852412387332379e+02 3.701999368768999557e+04 1.414572358345155416e-10
2.139004153676812446e-04 3.475597017042524612e+02 3.700154689521512773e+04 1.723195526536905223e-10
2.248673241788693637e-04 3.644136486961869537e+02 3.698310929464118090e+04 2.099152302219742372e-10
2.363965184286629729e-04 3.820848812589573527e+02 3.696468088138893654e+04 2.557133140178259249e-10
2.485168271079757005e-04 4.006130313971490864e+02 3.694626165088094422e+04 3.115033573163564687e-10
2.612585573016925852e-04 4.200396529598135658e+02 3.692785159853994264e+04 3.794653477158870461e-10
2.746535699721688829e-04 4.404083148351170394e+02 3.690945071979408385e+04 4.622548898274196207e-10
2.887353596282311993e-04 4.617646986639832107e+02 3.689105901007223292e+04 5.631069726275800353e-10
3.035391380788964293e-04 4.841567012922158710e+02 3.687267646480449184e+04 6.859623761690740148e-10
3.191019224812350285e-04 5.076345421907897730e+02 3.685430307942480431e+04 8.356216569719564825e-10
3.354626279025451924e-04 5.322508760850973886e+02 3.683593884936885297e+04 1.017932729051676286e-09
3.526621646282911485e-04 5.580609110459045041e+02 3.681758377007513627e+04 1.240019370284704100e-09
3.707435404591257876e-04 5.851225323067059207e+02 3.679923783698285115e+04 1.510559582963526946e-09
3.897519682527942697e-04 6.134964320854415973e+02 3.678090104553503625e+04 1.840124685438632718e-09
4.097349789798286580e-04 6.432462457013716630e+02 3.676257339117660740e+04 2.241592384801942031e-09
4.307425405757319271e-04 6.744386942926577149e+02 3.674425486935448862e+04 2.730649971365556849e-09
4.528271828868440083e-04 7.071437344546321810e+02 3.672594547551812866e+04 3.326407297184683611e-09
4.760441290223192071e-04 7.414347151343127962e+02 3.670764520511873707e+04 4.052143490668590304e-09
5.004514334406633081e-04 7.773885421331888210e+02 3.668935405361055018e+04 4.936216585042071365e-09
5.261101271161193775e-04 8.150800858685412322e+02 3.667094233760749194e+04 6.013129075920917559e-09
5.530843701478924991e-04 8.545886695610403194e+02 3.665231624439396546e+04 7.324897412107147948e-09
5.814416121938181326e-04 8.959899525097434889e+02 3.663324247356006526e+04 8.922606245310778566e-09
6.112527611296385451e-04 9.393777664788998436e+02 3.661380465476948302e+04 1.086858578628825702e-08
6.425923603556274889e-04 9.848153480568681744e+02 3.659342475409579492e+04 1.323828544994311643e-08
6.755387751939181127e-04 1.032431131272142693e+03 3.657270889737054677e+04 1.612434926730397220e-08
7.101743888426273075e-04 1.082253793084131075e+03 3.655039482477144338e+04 1.963787060702066435e-08
7.465858083767621441e-04 1.134458017392630381e+03 3.652772794706854620e+04 2.391651400391940238e-08
7.848640813110194670e-04 1.189049695867339778e+03 3.650306899026646715e+04 2.912417475410379378e-08
8.251049232659968648e-04 1.246216661451357595e+03 3.647766946206062858e+04 3.546429637641467957e-08
8.674089573071004124e-04 1.305992751590812759e+03 3.645034315307596989e+04 4.318000947104670151e-08
9.118819655546198935e-04 1.368525101195246634e+03 3.642156076921855129e+04 5.257011251527672032e-08
9.586351536941296880e-04 1.433916398980956956e+03 3.639108594511019328e+04 6.399619349637021228e-08
1.007785429048626679e-03 1.502234088854173024e+03 3.635823874208804773e+04 7.789545103970999499e-08
1.059455692907732439e-03 1.573692276050139299e+03 3.632410046465195046e+04 9.480657753517166589e-08
1.113775147844932919e-03 1.648228438336342379e+03 3.628645935186158022e+04 1.153666365644335398e-07
1.170879620791311689e-03 1.726220329008698172e+03 3.624807408212410519e+04 1.403793500199272326e-07
1.230911902673626282e-03 1.807419220262410136e+03 3.620488750615747995e+04 1.707694064737325332e-07
1.294022105466001958e-03 1.892326893779343436e+03 3.616069475350902212e+04 2.077263100558227299e-07
1.360368037548055848e-03 1.980732089160786472e+03 3.611207841702645237e+04 2.526185597400434833e-07
1.430115598308045934e-03 2.072999562661922482e+03 3.606119814407494414e+04 3.071729015108885627e-07
1.503439192977754080e-03 2.169093775914245271e+03 3.600647794387404429e+04 3.734274078576804095e-07
1.580522168736409397e-03 2.269152931284943861e+03 3.594796349486945837e+04 4.538745178778663240e-07
1.661557273174137529e-03 2.373416998000796411e+03 3.588643885771970963e+04 5.515568146386149655e-07
1.746747136261333697e-03 2.481674589775590903e+03 3.581926644293437130e+04 6.700469159834294721e-07
1.836304777029133936e-03 2.594572373894789507e+03 3.575016875908360089e+04 8.138986732594901376e-07
1.930454136227949345e-03 2.711392583784773706e+03 3.567322181506497145e+04 9.881915298975722244e-07
2.029430636295988157e-03 2.833206093872839119e+03 3.559476638063146675e+04 1.199695591019640494e-06
2.133481770037976965e-03 2.959051157979714390e+03 3.550783809392117837e+04 1.455759193328563225e-06
2.242867719486086112e-03 3.089961622886627993e+03 3.541811696544626466e+04 1.766177409899330907e-06
2.357862006490532136e-03 3.225273517212702700e+03 3.532101142891036579e+04 2.141864353261839858e-06
2.478752176666675511e-03 3.365473241013362895e+03 3.521874351542313525e+04 2.596663817972692391e-06
2.605840518408833982e-03 3.510519095875435141e+03 3.511053019153985952e+04 3.146915610272005124e-06
2.739444818768723561e-03 3.660083577800541661e+03 3.499436763032706222e+04 3.811965240487087777e-06
2.879899158088616417e-03 3.815031891849745989e+03 3.487407249040951865e+04 4.616366431595819341e-06
3.027554745376210416e-03 3.973888013189935464e+03 3.474260050794225390e+04 5.586784223454748771e-06
3.182780796510085389e-03 4.138749225993673463e+03 3.460907544663662702e+04 6.760200217251253190e-06
3.345965457471714814e-03 4.306677339806293276e+03 3.446097334563610639e+04 8.172914462814784999e-06
3.517516774912597243e-03 4.480585966167359402e+03 3.431031539473656449e+04 9.879014092591920670e-06
3.697863716483424691e-03 4.657867672451651742e+03 3.414694123832556215e+04 1.193191385642580635e-05
3.887457243476651579e-03 4.840245835685368547e+03 3.397761373999661009e+04 1.440570626690941741e-05
4.086771438464619106e-03 5.026426262185146697e+03 3.379790288881881133e+04 1.738083446500465325e-05
4.296304690752923532e-03 5.216410473009315865e+03 3.360832790711145935e+04 2.095690950277917798e-05
4.516580942613284376e-03 5.410789144718271018e+03 3.341121450957074558e+04 2.525574954856119324e-05
4.748150999412126434e-03 5.607181673629708712e+03 3.319977973128480517e+04 3.040804168440434566e-05
4.991593906910903912e-03 5.808773597674097800e+03 3.298420677407686890e+04 3.659927196463003574e-05
5.247518399182111472e-03 6.009991951591059660e+03 3.274927541394835862e+04 4.399527729991746576e-05
5.516564420761540903e-03 6.216543365055331378e+03 3.251173639442432250e+04 5.287194764118002729e-05
5.799404726842954938e-03 6.421505723021055928e+03 3.225410898884430208e+04 6.345376377694795481e-05
6.096746565516493986e-03 6.630148981242603440e+03 3.199110097982070874e+04 7.611810592816675627e-05
6.409333446257287764e-03 6.837523454590577785e+03 3.171158055609365329e+04 9.120269825005369543e-05
6.737946999086424568e-03 7.045516811519459225e+03 3.142142179341170049e+04 1.091857309671632960e-04
7.083408929053131541e-03 7.252878581412953281e+03 3.111899331420461749e+04 1.305893047710792430e-04
7.446583070925409317e-03 7.456896281209262270e+03 3.079997173109185314e+04 1.559909767509301938e-04
7.828377549226901017e-03 7.661347254775292640e+03 3.047367077262343446e+04 1.862047239458581845e-04
8.229747049021221908e-03 7.857429148868499396e+03 3.012405038138238160e+04 2.218759312336232668e-04
8.651695203121895217e-03 8.055369650827781697e+03 2.977260232641635957e+04 2.642769988417997731e-04
9.095277101697147801e-03 8.239066836285448517e+03 2.939097566705345889e+04 3.140480419899146234e-04
9.561601930544914862e-03 8.422760417395524200e+03 2.900702203806884063e+04 3.730067439443619510e-04
1.005183574463506743e-02 8.592531880653456028e+03 2.859811631071267402e+04 4.421071726352332715e-04
1.056720438385422289e-02 8.756356057474309637e+03 2.817990270953294385e+04 5.234485412281268029e-04
1.110899653824396448e-02 8.907331267266228679e+03 2.774294212920665814e+04 6.186462111363507385e-04
1.167856697039719623e-02 9.044985926925870444e+03 2.728874684845697993e+04 7.298721980408250662e-04
1.227733990307029038e-02 9.171855803847500283e+03 2.682311334690866352e+04 8.598848872191359365e-04
1.290681258048182248e-02 9.276463298290636885e+03 2.633132550938177155e+04 1.010438070276436801e-03
1.356855901220299469e-02 9.373621455173748473e+03 2.583664648537891117e+04 1.186257178052315970e-03
1.426423390900143431e-02 9.437929036512816310e+03 2.530589618989776864e+04 1.387689564084988465e-03
1.499557682048000690e-02 9.495537137085331779e+03 2.477673452772355085e+04 1.622106346991311447e-03
1.576441648485692182e-02 9.516429787196962934e+03 2.421153107644109332e+04 1.888765350335409919e-03
1.657267540176381518e-02 9.530709009186151889e+03 2.365095958741759023e+04 2.197724964389277929e-03
1.742237463949622076e-02 9.528124203747855063e+03 2.308292267979604367e+04 2.552699619112636879e-03
1.831563888873704443e-02 9.494940580361400862e+03 2.249231455460450161e+04 2.955484781211800954e-03
1.925470177538994923e-02 9.426870262170492424e+03 2.187624199091751871e+04 3.409166235425689726e-03
2.024191144580758314e-02 9.325094597133607749e+03 2.123814138976147660e+04 3.918123011955871975e-03
2.127973643838054069e-02 9.205978217217687416e+03 2.059803477564186687e+04 4.494060719673470365e-03
2.237077185616915750e-02 9.025175957839299372e+03 1.990763114317745567e+04 5.118808035841939524e-03
2.351774585601286785e-02 8.834733584380788670e+03 1.922602072782089817e+04 5.821713047272692766e-03
2.472352647034336062e-02 8.609826981001046079e+03 1.852639077506481772e+04 6.591677238629440640e-03
2.599112877875953478e-02 8.381580233736183800e+03 1.784257342026926199e+04 7.455410977526838977e-03
2.732372244729698585e-02 8.122346101479686695e+03 1.714494971492065451e+04 8.394046015950056006e-03
2.872463965424410307e-02 7.849984296360165899e+03 1.645245815640012734e+04 9.425465641380127019e-03
3.019738342232343442e-02 7.552643967459026499e+03 1.575240387397733321e+04 1.053603516488238988e-02
3.174563637807315680e-02 7.244325813390955773e+03 1.505903872100955596e+04 1.174141249285722347e-02
3.337326996033158216e-02 6.931580011635885057e+03 1.437855735071462550e+04 1.305265274810396732e-02
3.508435410085083278e-02 6.648141702501182408e+03 1.374517452079106442e+04 1.454490816522796548e-02
3.688316740124613496e-02 6.381699333486382784e+03 1.314526134823299981e+04 1.622150807790243704e-02
3.877420783172848273e-02 6.079094057531974613e+03 1.252337593848346478e+04 1.795303689341450765e-02
4.076220397837305304e-02 5.784752238000151010e+03 1.192464060140023503e+04 1.984851388518379944e-02
4.285212686704739649e-02 5.486224084721629879e+03 1.133549838358103989e+04 2.187061257303092587e-02
4.504920239356542677e-02 5.216170664537437005e+03 1.078898713490894625e+04 2.415924564372274111e-02
4.735892439114896407e-02 4.991045443755928318e+03 1.030152384260280269e+04 2.685760446873237950e-02
4.978706836787243073e-02 4.787205623966262465e+03 9.847991881074905905e+03 2.992967520113678018e-02
5.233970594844135349e-02 4.604505298399827552e+03 9.427554685997001798e+03 3.344622223690281448e-02
5.502322005641668845e-02 4.451576318905569678e+03 9.048267144154073321e+03 3.756834727726066775e-02
5.784432087484844831e-02 4.315824935381579053e+03 8.696436767252642312e+03 4.231713515801949210e-02
6.081006262522850592e-02 4.174572567652138787e+03 8.348652256359546300e+03 4.755636217674726746e-02
6.392786120671870020e-02 4.035580007528870738e+03 8.012430515042831757e+03 5.341297218187510132e-02
6.720551273976151097e-02 3.860639342776667945e+03 7.649654884515805861e+03 5.936687484713484148e-02
7.065121306044198912e-02 3.685434510032882827e+03 7.295541063504933845e+03 6.584424557893626961e-02
7.427357821434696361e-02 3.486825764042845094e+03 6.926745180569145305e+03 7.237749473420326818e-02
7.808166600116696332e-02 3.271349732303667224e+03 6.549053028165993055e+03 7.889408585974694299e-02
8.208499862391337165e-02 3.026342279771856283e+03 6.148582044348821000e+03 8.479684421168488806e-02
8.629358649938589920e-02 2.775940559576034047e+03 5.748068857117586958e+03 9.036827231843044816e-02
9.071795328942874881e-02 2.528972024423125731e+03 5.355374227654199785e+03 9.565199102653811070e-02
9.536916221556676621e-02 2.308957633758904649e+03 4.994899158117552361e+03 1.014635669361212827e-01
1.002588437228218304e-01 2.109705720996525088e+03 4.660479626127123993e+03 1.077110388014670544e-01
1.053992245618834284e-01 1.966047114424607798e+03 4.391547301243658694e+03 1.166209103346753512e-01
1.108031583623540345e-01 1.839312795228615187e+03 4.146191254716074582e+03 1.267600116478362904e-01
1.164841577735182265e-01 1.754092450668536912e+03 3.952289111295870043e+03 1.404505130919927736e-01
1.224564282530043596e-01 1.669848191717253258e+03 3.764106410637691624e+03 1.553431164387253371e-01
1.287349035878279091e-01 1.582500181499610562e+03 3.576812809650817144e+03 1.710420778334335312e-01
1.353352832366376823e-01 1.474825426294991075e+03 3.370509588878396698e+03 1.852012799636692519e-01
1.422740715865399574e-01 1.348230125526255506e+03 3.145634093786898575e+03 1.967032641645630187e-01
1.495686192226629019e-01 1.214042138971382883e+03 2.913694413341101153e+03 2.057905715282111192e-01
1.572371663136570008e-01 1.084227749795894169e+03 2.687746535810987552e+03 2.135287721896440560e-01
1.652988882216175348e-01 9.912649848658810470e+02 2.508556373997903393e+03 2.268139814820150646e-01
1.737739434504778357e-01 9.109312942393078174e+02 2.347322298676254832e+03 2.421641502868124851e-01
1.826835240527691917e-01 8.592745620119205796e+02 2.225342292822443142e+03 2.653996564546127201e-01
1.920499086207905493e-01 8.054159229620090628e+02 2.103012629413439299e+03 2.890232530334952421e-01
2.018965179946938526e-01 7.350230739035108627e+02 1.961025280533622663e+03 3.064486542517772527e-01
2.122479738267836202e-01 6.655005830317164737e+02 1.821410589100871221e+03 3.223660949771803286e-01
2.231301601484726449e-01 5.946270041271400260e+02 1.680571065285095074e+03 3.346491440765593239e-01
2.345702880938428103e-01 5.417612496982948187e+02 1.565811462074426117e+03 3.542396751208538030e-01
2.465969639416541459e-01 5.013521252073047663e+02 1.470306441039407673e+03 3.808695871756748175e-01
2.592402606459418002e-01 4.586083201811148911e+02 1.372645293545042932e+03 4.047804573659975480e-01
2.725317930340656614e-01 4.177804529455686975e+02 1.278828627365574903e+03 4.284201569104320595e-01
2.865047968602461026e-01 3.760664831664978465e+02 1.184326744748108013e+03 4.480542287541851021e-01
3.011942119122611450e-01 3.387699319511416434e+02 1.097217136089708220e+03 4.689375185648243516e-01
3.166367693791155569e-01 3.100817849417381922e+02 1.024658652761849225e+03 4.986898761181345896e-01
3.328710836981453314e-01 2.823270793093523139e+02 9.543733042368953647e+02 5.275346662793710673e-01
3.499377491112247163e-01 2.536362921684773255e+02 8.829754806598326695e+02 5.506226049392655142e-01
3.678794411715154977e-01 2.289629621924421770e+02 8.188917473797737330e+02 5.775000794931740566e-01
3.867410234545784475e-01 2.078413968328805765e+02 7.615717643581776883e+02 6.090641509479346460e-01
4.065696597406806001e-01 1.875436872514018773e+02 7.061500005871714620e+02 6.385245624155992950e-01
4.274149319488126375e-01 1.686760164061180944e+02 6.536922520117601607e+02 6.672255462428561268e-01
4.493289641173122684e-01 1.520497916627959683e+02 6.058156875443286253e+02 6.987942645510848427e-01
4.723665527411103904e-01 1.371229038542265357e+02 5.615695257199993193e+02 7.321796876843473800e-01
4.965853037915104462e-01 1.233368732713668123e+02 5.198714041360747160e+02 7.651468265052456807e-01
5.220457767611225153e-01 1.109006562927896198e+02 4.811909505814407453e+02 7.993374035670471889e-01
5.488116360941387439e-01 9.958151415831433440e+01 4.450826722046917325e+02 8.339094916501814669e-01
5.769498103806052214e-01 8.938841175859799648e+01 4.116165851839004972e+02 8.696922192802808427e-01
6.065306597127584354e-01 8.019469784121939426e+01 3.805625194072501927e+02 9.065133233912722188e-01
6.376281516219051149e-01 7.189633904615811844e+01 3.517284556013238443e+02 9.442336752507404229e-01
6.703200460357783275e-01 6.442068248644478956e+01 3.249882867660633678e+02 9.829743880221476493e-01
7.046880897188601001e-01 5.767145767787405219e+01 3.001486835225736627e+02 1.022402685437907799e+00
7.408182206818726412e-01 5.161313038291726230e+01 2.771641207252566801e+02 1.063078721555792638e+00
7.788007830715680813e-01 4.614208735075031598e+01 2.558034861539136955e+02 1.104197182196921645e+00
8.187307530781540166e-01 4.124257412451714799e+01 2.360650280250580693e+02 1.146672331644894571e+00
8.607079764252394405e-01 3.682715754511909267e+01 2.177427993504900599e+02 1.189613658294204956e+00
9.048374180361511421e-01 3.287511992422830787e+01 2.008141475099515390e+02 1.233812767829491008e+00
9.512294245009160765e-01 2.932607834615452802e+01 1.851350122642515998e+02 1.278733600864055742e+00
1.000000000000213163e+00 2.614795529932095874e+01 1.706402040553259383e+02 1.324670890377915855e+00
1.051271096376248826e+00 2.330170924092501039e+01 1.572379290450581379e+02 1.371520205370843293e+00
1.105170918075884856e+00 2.075230147001608927e+01 1.448429930551949951e+02 1.419138791099863184e+00
1.161834242728533306e+00 1.847550395011340285e+01 1.334023358981897900e+02 1.467908783398408357e+00
1.221402758160433644e+00 1.643648931027795257e+01 1.228204683851821812e+02 1.517246029708589017e+00
1.284025416688019838e+00 1.462016037775955546e+01 1.130689131688457536e+02 1.567989886160019664e+00
1.349858807576296504e+00 1.299303433677709840e+01 1.040455171897158948e+02 1.618996384221820239e+00
1.419067548593566874e+00 1.154515707386075363e+01 9.573460155991179477e+01 1.671395816873527229e+00
1.491824697641596753e+00 1.025174777420051697e+01 8.805801641351003184e+01 1.724334628296519067e+00
1.568312185490513100e+00 9.100505449687018356e+00 8.098482162967079034e+01 1.778415863356088922e+00
1.648721270700491237e+00 8.074480063768049831e+00 7.446103818467123858e+01 1.833270492912643990e+00
1.733253017867778301e+00 7.161019129884731882e+00 6.844790367211142268e+01 1.888995781191995960e+00
1.822118800390913007e+00 6.348689959531750304e+00 6.290942634582013682e+01 1.945738377913683648e+00
1.915540829014322100e+00 5.625502944866273225e+00 5.780365159872475544e+01 2.003114870481142340e+00
2.013752707470925607e+00 4.983746916913043279e+00 5.310721381534100516e+01 2.061791054172458004e+00
2.117000016613148627e+00 4.412245995969462875e+00 4.877601518121966251e+01 2.120765065831637930e+00
2.225540928492967474e+00 3.905785074059145767e+00 4.479520825305674947e+01 2.181149113307326637e+00
2.339646851926517890e+00 3.455365864410293586e+00 4.112683979632104325e+01 2.241894782921554086e+00
2.459603111157505406e+00 3.056313615132097539e+00 3.775532465719405195e+01 2.303898150935671296e+00
2.585709659316432152e+00 2.702056389346919385e+00 3.465192661575949984e+01 2.366486004992119696e+00
2.718281828459663263e+00 2.388163258190936666e+00 3.179897483932187185e+01 2.430064030516386087e+00
2.857651118063815776e+00 2.110024361973237728e+00 2.917600189813155964e+01 2.494510558749891693e+00
3.004166023947120401e+00 1.863539006088694938e+00 2.676407377845916713e+01 2.559649715094071798e+00
3.158192909690492378e+00 1.645489936700466727e+00 2.454887083646246637e+01 2.625919765359391977e+00
3.320116922737311960e+00 1.452246911174333022e+00 2.251153281295705000e+01 2.692593885497363004e+00
3.490342957462647444e+00 1.281561310325305847e+00 2.064217526953714099e+01 2.760666555109001052e+00
3.669296667620093988e+00 1.130309619525334597e+00 1.892280047389180098e+01 2.828890661816546359e+00
3.857425530697870641e+00 9.968036815399253792e-01 1.734572456181681943e+01 2.898494922838822152e+00
4.055199966845619564e+00 8.786764332017442669e-01 1.589655618165109985e+01 2.968493220251277265e+00
4.263114515169814212e+00 7.743957268201167032e-01 1.456702833085672211e+01 3.039584372973072934e+00
4.481689070339116121e+00 6.822662687928906511e-01 1.334649942268051248e+01 3.111353292595557818e+00
4.711470182591849465e+00 6.009296814561284616e-01 1.222652894900216047e+01 3.183928124872791976e+00
4.953032424396282885e+00 5.291715440561149952e-01 1.119929087952258406e+01 3.257468721352223984e+00
5.206979827181080545e+00 4.658130343599263812e-01 1.025649642399086936e+01 3.331498186123071470e+00
5.473947391728498424e+00 4.099875385238034298e-01 9.392462586114273648e+00 3.406769679162201303e+00
5.754602676007100293e+00 3.606954552975882300e-01 8.599345764421682858e+00 3.482226043351357436e+00
6.049647464414390718e+00 3.173028352548299402e-01 7.872868248321601037e+00 3.559052660585649175e+00
6.359819522603354258e+00 2.790154260741484760e-01 7.206278556901717813e+00 3.636075132629021045e+00
6.685894442280875261e+00 2.453175375320429952e-01 6.595719340564611954e+00 3.714303627296418053e+00
7.028687580590986528e+00 2.156216711772231398e-01 6.035941247681601673e+00 3.793022210738391298e+00
7.389056098932435646e+00 1.895205110445303542e-01 5.523671469978799209e+00 3.873409105659687768e+00
7.767901106308653603e+00 1.665789153310960058e-01 5.054877981122988473e+00 3.955499669190371215e+00
8.166169912569634093e+00 1.464144164657959768e-01 4.625870952484452125e+00 4.039330007796938737e+00
8.584858397179985445e+00 1.286908448551887796e-01 4.233273710849402960e+00 4.124936993163394128e+00
9.025013499436326470e+00 1.131127244796352183e-01 3.873996160948649514e+00 4.212358278408609102e+00
9.487735836360851494e+00 9.942034690659766472e-02 3.545210463613902352e+00 4.301632314647784838e+00
9.974182454817173138e+00 8.738544159819580659e-02 3.244328778126509327e+00 4.392798367904323875e+00
1.048556972473016025e+01 7.680737033120516033e-02 2.968982893571407988e+00 4.485896536381098088e+00
1.102317638064432792e+01 6.750978228525138236e-02 2.717005588875554878e+00 4.580967768096230408e+00
1.158834671922626214e+01 5.933767403504651428e-02 2.486413574818919781e+00 4.678053878894517403e+00
1.218249396070650370e+01 5.215480543267126540e-02 2.275391883754726674e+00 4.777197570838572993e+00
1.280710378266622662e+01 4.584142829921745294e-02 2.082279584173382325e+00 4.878442450992046098e+00
1.346373803500505772e+01 4.029229005992662066e-02 1.905556707669347594e+00 4.981833050598091006e+00
1.415403864537935341e+01 3.541487904077764842e-02 1.743832285415758188e+00 5.087414844667199176e+00
1.487973172487657614e+01 3.112788217317889392e-02 1.595833399981952061e+00 5.195234271978183216e+00
1.564263188419211659e+01 2.735982939463462923e-02 1.460395166322297600e+00 5.305338755503438364e+00
1.644464677110120832e+01 2.404790214570011464e-02 1.336451563077713178e+00 5.417776723267672345e+00
1.728778184057202338e+01 2.113688609924566780e-02 1.223027042023713040e+00 5.532597629648733140e+00
1.817414536944768244e+01 1.857825066260018060e-02 1.119228849623722155e+00 5.649851977128689029e+00
1.910595372823652127e+01 1.632933990663418961e-02 1.024240000251551930e+00 5.769591338506693035e+00
2.008553692319280515e+01 1.435266143346723179e-02 9.373128457758879151e-01 5.891868379583274695e+00
2.111534442254602695e+01 1.261526132725374061e-02 8.577631908934760796e-01 6.016736882324678959e+00
2.219795128144734164e+01 1.108817476763005253e-02 7.849649078933976787e-01 6.144251768517542622e+00
2.333606458094873304e+01 9.745943146804568469e-03 7.183450084658445922e-01 6.274469123925126901e+00
2.453253019711569394e+01 8.566189639979274531e-03 6.573791337661775147e-01 6.407446222958192550e+00
2.579033991719975205e+01 7.529246153272481368e-03 6.015874272365372422e-01 6.543241553863837545e+00
2.711263892066493852e+01 6.617825429872856852e-03 5.505307577009319608e-01 6.681914844451695146e+00
2.850273364377471097e+01 5.816732847980146844e-03 5.038072630058143542e-01 6.823527088364206072e+00
2.996410004740484823e+01 5.112613105816565806e-03 4.610491870016565352e-01 6.968140571905887093e+00
3.150039230875619012e+01 4.493727570597039547e-03 4.219199849693893722e-01 7.115818901435351229e+00
3.311545195870102276e+01 3.949758579574492827e-03 3.861116747092976920e-01 7.266627031345211485e+00
3.481331748761120082e+01 3.471637430582037980e-03 3.533424124425837975e-01 7.420631292630090137e+00
3.659823444368765877e+01 3.051393194445992628e-03 3.233542744459743101e-01 7.577899422060627721e+00
3.847466604904231957e+01 2.682019828767012812e-03 2.959112269588344279e-01 7.738500591977341081e+00
4.044730436007814234e+01 2.357359377674508698e-03 2.707972683840703110e-01 7.902505440716121043e+00
4.252108200007410943e+01 2.071999310335081133e-03 2.478147291602346425e-01 8.069986103676749067e+00
4.470118449331276622e+01 1.821182286709268705e-03 2.267827159233312684e-01 8.241016245049300082e+00
4.699306323159186860e+01 1.600726846230095127e-03 2.075356877125247856e-01 8.415671090217152539e+00
4.940244910554343960e+01 1.406957697173637743e-03 1.899221530130758562e-01 8.594027458842496969e+00
5.193536683484541783e+01 1.236644444552143646e-03 1.738034773811255873e-01 8.776163798652529380e+00
5.459815003315897997e+01 1.086947735041393854e-03 1.590527922653354742e-01 8.962160219949549145e+00
5.739745704546173499e+01 9.553719211016623893e-04 1.455539964365855088e-01 9.152098530837477597e+00
6.034028759737834946e+01 8.397234551436134550e-04 1.332008421664087061e-01 9.346062273212664806e+00
6.343400029814058882e+01 7.380743201090284988e-04 1.218960989612608153e-01 9.544136759504572964e+00
6.668633104094334385e+01 6.487298868068146294e-04 1.115507882706148618e-01 9.746409110197838288e+00
7.010541234670704114e+01 5.702006621423466853e-04 1.020834831453538427e-01 9.952968292156910479e+00
7.369979369961600923e+01 5.011774572432950957e-04 9.341966733401284306e-02 1.016390515774992664e+01
7.747846292528217305e+01 4.405095615026424576e-04 8.549114877252876610e-02 1.037931248481278956e+01
8.145086866499057976e+01 3.871855586694342415e-04 7.823552285104369564e-02 1.059928501745796225e+01
8.562694400222423496e+01 3.403164651653930875e-04 7.159568123317207322e-02 1.082391950773955713e+01
9.001713130054676526e+01 2.991209095211991276e-04 6.551936236179636830e-02 1.105331475821843057e+01
9.463240831495036787e+01 2.629121058521533970e-04 5.995874011332887055e-02 1.128757166541154611e+01
9.948431564196151555e+01 2.310864042044213473e-04 5.487004736288223633e-02 1.152679326417102068e+01
1.045849855771433994e+02 2.031132268902015238e-04 5.021323149743191216e-02 1.177108477300585321e+01
1.099471724521542768e+02 1.785262230367333741e-04 4.595163916553229866e-02 1.202055364035984120e+01
1.155842845272200918e+02 1.569154938835516070e-04 4.205172778229090275e-02 1.227530959186644388e+01
1.215104175187690743e+02 1.379207592133544912e-04 3.848280151891317336e-02 1.253546467861837677e+01
1.277403898460648861e+02 1.212253509911744172e-04 3.521676969876327140e-02 1.280113332644569191e+01
1.342897796849734675e+02 1.065509340780439857e-04 3.222792569834876525e-02 1.307243238625018833e+01
1.411749639215168770e+02 9.365286600596410072e-05 2.949274461293660901e-02 1.334948118539065121e+01
1.484131591026187778e+02 8.231611845568386312e-05 2.698969809429953987e-02 1.363240158018040660e+01
1.560224644864394463e+02 7.235169244235555562e-05 2.469908490313346347e-02 1.392131800947026399e+01
1.640219072999485945e+02 6.359346744577875255e-05 2.260287584250938661e-02 1.421635754939963014e+01
1.724314903169036768e+02 5.589543195550506220e-05 2.068457185177253674e-02 1.451764996926911166e+01
1.812722418752032070e+02 4.912924926063587784e-05 1.892907414402678415e-02 1.482532778862704781e+01
1.905662684586848457e+02 4.318211790250796165e-05 1.732256536503554850e-02 1.513952633556654526e+01
2.003368099748494728e+02 3.795489112104473526e-05 1.585240083813707970e-02 1.546038380622812269e+01
2.106082978667353416e+02 3.336042394359647477e-05 1.450700903921368391e-02 1.578804132559288398e+01
2.214064162042512862e+02 2.932212035986213371e-05 1.327580051833859853e-02 1.612264300956559282e+01
2.327581659077297047e+02 2.577265636227278066e-05 1.214908455121858737e-02 1.646433602833723597e+01
2.446919322642916654e+02 2.265285756336742076e-05 1.111799286444370254e-02 1.681327067114272467e+01
2.572375559058498879e+02 1.991071267831932406e-05 1.017440983414916525e-02 1.716960041234591472e+01
2.704264074262317763e+02 1.750050642615744374e-05 9.310908608719007176e-03 1.753348197894440830e+01
2.842914658240042627e+02 1.538205739393102431e-05 8.520692652751531496e-03 1.790507541951377135e+01
2.988674009671481713e+02 1.352004815795302581e-05 7.797542252178399878e-03 1.828454417459717973e+01
3.141906602857868620e+02 1.188343649435791043e-05 7.135765559490008653e-03 1.867205514858624582e+01
3.302995599097462787e+02 1.044493786306294256e-05 6.530153793751930849e-03 1.906777878314422026e+01
3.472343804788374655e+02 9.180570537406673211e-06 5.975940242787406396e-03 1.947188913216400863e+01
3.650374678654371792e+02 8.069255796184650778e-06 5.468762744843352203e-03 1.988456393832828084e+01
3.837533390612260860e+02 7.092466512723432134e-06 5.004629354431923936e-03 2.030598471127789040e+01
4.034287934928555046e+02 6.233918282512928187e-06 4.579886922112316218e-03 2.073633680746247165e+01
4.241130300448911044e+02 5.479297940051405517e-06 4.191192340899406628e-03 2.117580951165130898e+01
4.458577700826506316e+02 4.816024938931717363e-06 3.835486232989807932e-03 2.162459612019156197e+01
4.687173867825576963e+02 4.233041617042399552e-06 3.509968869693404995e-03 2.208289402603995910e+01
4.927490410934046849e+02 3.720628850313580328e-06 3.212078135036194187e-03 2.255090480557644383e+01
5.180128246684984106e+02 3.270244021709638659e-06 2.939469359589238270e-03 2.302883430723919389e+01
5.445719101260938260e+02 2.874378604204914481e-06 2.689996865803856180e-03 2.351689274211287284e+01
5.724927090138447738e+02 2.526432983430256281e-06 2.461697079586691941e-03 2.401529477635407517e+01
6.018450378722650385e+02 2.220606433134688305e-06 2.252773075196022601e-03 2.452425962560081629e+01
6.327022928124463306e+02 1.951800409201652070e-06 2.061580431813527566e-03 2.504401115143219414e+01
6.651416330445650829e+02 1.715533549987291406e-06 1.886614290463709291e-03 2.557477795979602675e+01
6.992441738160994191e+02 1.507866965934186408e-06 1.726497509413607665e-03 2.611679350156591539e+01
7.350951892421985576e+02 1.325338572930789460e-06 1.579969824822224271e-03 2.667029617522119622e+01
7.727843255353874383e+02 1.164905374666251415e-06 1.445877931325115912e-03 2.723552943172190055e+01
8.124058251677936369e+02 1.023892731746129988e-06 1.323166404477668342e-03 2.781274188156644556e+01
8.540587625264155349e+02 8.999497718194954545e-07 1.210869393610233867e-03 2.840218740412684539e+01
8.978472916506958654e+02 7.910101973444497203e-07 1.108103019711187149e-03 2.900412525936115671e+01
9.438809066718714575e+02 6.952578375991227970e-07 1.014058418498962454e-03 2.961882020180845032e+01
9.922747156053346771e+02 6.110963706480488412e-07 9.279953739286804807e-04 3.024654259702308678e+01
1.043149728180628472e+03 5.371227104880497086e-07 8.492364920236699201e-04 3.088756854055511170e+01
1.096633158428801380e+03 4.721036156966802943e-07 7.771618691712750548e-04 3.154217997932425632e+01
1.152858742783748994e+03 4.149551296226792416e-07 7.112042129213184917e-04 3.221066483564946026e+01
1.211967074492957408e+03 3.647245093560188508e-07 6.508443768817468713e-04 3.289331713390248524e+01
1.274105955173854682e+03 3.205743422089121985e-07 5.956072745669698052e-04 3.359043712982070673e+01
1.339430764394840480e+03 2.817685849084240554e-07 5.450581400375660275e-04 3.430233144255831235e+01
1.408104848205140797e+03 2.476602927552968266e-07 4.987991058994469462e-04 3.502931318957227802e+01
1.480299927585014302e+03 2.176808341766724469e-07 4.564660717276036099e-04 3.577170212433136243e+01
1.556196527837648091e+03 1.913304108651189387e-07 4.177258382664814323e-04 3.652982477694339281e+01
1.635984429996447261e+03 1.681697254619314144e-07 3.822734848507306133e-04 3.730401459779936602e+01
1.719863145376471039e+03 1.478126578731828674e-07 3.498299694037566095e-04 3.809461210422114874e+01
1.808042414456641382e+03 1.299198281231837627e-07 3.201399321243204843e-04 3.890196503024232300e+01
1.900742731340188357e+03 1.141929384291114793e-07 2.929696855739371045e-04 3.972642847953643752e+01
1.998195895104759757e+03 1.003698001717598527e-07 2.681053753455401125e-04 4.056836508162659527e+01
2.100645589420852957e+03 8.821996285501587508e-08 2.453512968359334266e-04 4.142814515138927334e+01
2.208347991887921125e+03 7.754087218287832243e-08 2.245283548734796849e-04 4.230614685188989910e+01
2.321572414611807289e+03 6.815449320426693616e-08 2.054726540773417953e-04 4.320275636077003156e+01
2.440601977625289692e+03 5.990434222836945430e-08 1.880342088524734922e-04 4.411836804003920065e+01
2.565734316835632853e+03 5.265287802901512275e-08 1.720757628675345457e-04 4.505338460959391966e+01
2.697282328269386653e+03 4.627920884548895887e-08 1.574717087233591173e-04 4.600821732430966904e+01
2.835574950475434889e+03 4.067707695263378750e-08 1.441070993091621657e-04 4.698328615492443561e+01
2.980957987042702825e+03 3.575308720023974070e-08 1.318767430649119379e-04 4.797901997280102648e+01
3.133794971289250043e+03 3.142514998894151503e-08 1.206843760285517735e-04 4.899585673850695144e+01
3.294468075284922634e+03 2.762111272506849015e-08 1.104419041515801659e-04 5.003424369443340680e+01
3.463379065480592999e+03 2.427755693894087079e-08 1.010687099193677193e-04 5.109463756162018200e+01
3.640950307333554974e+03 2.133874101272002631e-08 9.249101781823983669e-05 5.217750474048207110e+01
3.827625821441170956e+03 1.875567089197427545e-08 8.464131365561884375e-05 5.328332151607320100e+01
4.023872393823642142e+03 1.648528328819195807e-08 7.745781316222071888e-05 5.441257426751735693e+01
4.230180743132199495e+03 1.448972775526224623e-08 7.088397569401251434e-05 5.556575968196083437e+01
4.447066747701334862e+03 1.273573567109428680e-08 6.486805920618067837e-05 5.674338497296907491e+01
4.675072735513344924e+03 1.119406560451864971e-08 5.936271299653517674e-05 5.794596810374576279e+01
4.914768840300775992e+03 9.839015820868534057e-09 5.432460501259522265e-05 5.917403801483865777e+01
5.166754427177720572e+03 8.647995799149300392e-09 4.971408078917150073e-05 6.042813485679622687e+01
5.431659591364801599e+03 7.601149617371217451e-09 4.549485133190113564e-05 6.170881022781457403e+01
5.710146733755425885e+03 6.681024927341655330e-09 4.163370749002397598e-05 6.301662741629603914e+01
6.002912217263044113e+03 5.872282000312431213e-09 3.810025857035022139e-05 6.435216164863356880e+01
6.310688108091153481e+03 5.161437992852795235e-09 3.486669313500477009e-05 6.571600034214282005e+01
6.634244006280128815e+03 4.536642169543793462e-09 3.190756010030805718e-05 6.710874336357582592e+01
6.974388970108182548e+03 3.987478335104856820e-09 2.919956841369514004e-05 6.853100329283432757e+01
7.331973539158482708e+03 3.504791182269043001e-09 2.672140373208085868e-05 6.998340569241665321e+01
7.707891861111141225e+03 3.080533660376068648e-09 2.445356065872432262e-05 7.146658938264050676e+01
8.103083927578147268e+03 2.707632820100978317e-09 2.237818921810856671e-05 7.298120672257546460e+01
8.518537924572025076e+03 2.379871897776843907e-09 2.047895436048458032e-05 7.452792389690614527e+01
8.955292703485578386e+03 2.091786673503979803e-09 1.874090739028549872e-05 7.610742120911132247e+01
9.414440378761499232e+03 1.838574375173841456e-09 1.715036830635071924e-05 7.772039338052113067e+01
9.897129058747319505e+03 1.616013609735916012e-09 1.569481812796214839e-05 7.936754985598150824e+01
1.040456571656430970e+04 1.420393986837871204e-09 1.436280035913673068e-05 8.104961511580633271e+01
1.093801920816896018e+04 1.248454261579726702e-09 1.314383081565704083e-05 8.276732899455585368e+01
1.149882344515380282e+04 1.097327965127557978e-09 1.202831510504819506e-05 8.452144700629789043e+01
1.208838073022117533e+04 9.644956167854109707e-10 1.100747311004412040e-05 8.631274067702119623e+01
1.270816526367042752e+04 8.477427208283477947e-10 1.007326988112346107e-05 8.814199788396430790e+01
1.335972682966652428e+04 7.451228478496146329e-10 9.218352394190302480e-06 9.001002320213527241e+01
1.404469467150771925e+04 6.549251851377034317e-10 8.435991675625219342e-06 9.191763825817176325e+01
1.476478156558243427e+04 5.756460151039750561e-10 7.720029839178303951e-06 9.386568209169999477e+01
1.552178810420236550e+04 5.059636462682195446e-10 7.064831617842143366e-06 9.585501152450234486e+01
1.631760719802116000e+04 4.447163788646676687e-10 6.465240009197056420e-06 9.788650153718701574e+01
1.715422880929701932e+04 3.908831377298316843e-10 5.916535685148309305e-06 9.996104565427599198e+01
1.803374492783486858e+04 3.435664495910419973e-10 5.414399846538849182e-06 1.020795563369910894e+02
1.895835480205053682e+04 3.019774809681821491e-10 4.954880230299002051e-06 1.042429653846979392e+02
1.993037043823734348e+04 2.654228872478005306e-10 4.534360001562790935e-06 1.064522243447730432e+02
2.095222238178608313e+04 2.332932536858584207e-10 4.149529285903066792e-06 1.087083049309358671e+02
2.202646579481454319e+04 2.050529356366690526e-10 3.797359117633089879e-06 1.110121994509074597e+02
2.315578684540369068e+04 1.802311286285764467e-10 3.475077599105608212e-06 1.133649212427984310e+02
2.434300942441707230e+04 1.584140194134049392e-10 3.180148083368883576e-06 1.157675051206083481e+02
2.559110220669883711e+04 1.392378871378365988e-10 2.910249208465930685e-06 1.182210078296284053e+02
2.690318607430719567e+04 1.223830396223659606e-10 2.663256626214831673e-06 1.207265085111101257e+02
2.828254192034512744e+04 1.075684836583743815e-10 2.437226281668465355e-06 1.232851091769636156e+02
2.973261885290210193e+04 9.454724046946065255e-11 2.230379111643168206e-06 1.258979351943545595e+02
3.125704281962085952e+04 8.310222823980492908e-11 2.041087041884399522e-06 1.285661357808160972e+02
3.285962567445517197e+04 7.304264306534093001e-11 1.867860172650266651e-06 1.312908845097560402e+02
3.454437470929026313e+04 6.420077799326800862e-11 1.709335051851398210e-06 1.340733798263717631e+02
3.631550267425979837e+04 5.642922711947503917e-11 1.564263943452526044e-06 1.369148455750615483e+02
3.817743831181556016e+04 4.959842813174638012e-11 1.431505006660550095e-06 1.398165315375737805e+02
4.013483743089039490e+04 4.359450233000900049e-11 1.310013308605451684e-06 1.427797139827650881e+02
4.219259454884566367e+04 3.831735611362768951e-11 1.198832599773055048e-06 1.458056962277916853e+02
4.435585513031406299e+04 3.367901228519268066e-11 1.097087787458351026e-06 1.488958092117134413e+02
4.663002845354139572e+04 2.960214335097334403e-11 1.003978047992664729e-06 1.520514120804293157e+02
4.902080113639969204e+04 2.601878236663254797e-11 9.187705235388258271e-07 1.552738927848468791e+02
5.153415135589398415e+04 2.286918983587481519e-11 8.407945538366746862e-07 1.585646686911850054e+02
5.417636379671867326e+04 2.010085777188383490e-11 7.694363975005548542e-07 1.619251872044181937e+02
5.695404536624281900e+04 1.766763431784019845e-11 7.041344013196769272e-07 1.653569264049021683e+02
5.987414171521994285e+04 1.552895433276182672e-11 6.443745795395159742e-07 1.688613956984843867e+02
6.294395460553275188e+04 1.364916311548839893e-11 5.896865683291885812e-07 1.724401364803953527e+02
6.617116016840114025e+04 1.199692199236930659e-11 5.396399235928120674e-07 1.760947228132146734e+02
6.956382809870861820e+04 1.054468585899409515e-11 4.938407329852717835e-07 1.798267621192027264e+02
7.313044183344273188e+04 9.268243965876710761e-12 4.519285154658985718e-07 1.836378958873033866e+02
7.687991976470644295e+04 8.146316292368336603e-12 4.135733839867869844e-07 1.875298003951697012e+02
8.082163754034375597e+04 7.160198779790962480e-12 3.784734489832164040e-07 1.915041874462430940e+02
8.496545150794286747e+04 6.293451509386249909e-12 3.463524422303254558e-07 1.955628051231430504e+02
8.932172336083906703e+04 5.531624626508397022e-12 3.169575423617549385e-07 1.997074385559305654e+02
9.390134604774527543e+04 4.862017441932802794e-12 2.900573849373814299e-07 2.039399107077500730e+02
9.871577101079767453e+04 4.273466694102134861e-12 2.654402413957638103e-07 2.082620831764189120e+02
1.037770368201258680e+05 3.756160442390400704e-12 2.429123525589675815e-07 2.126758570132747650e+02
1.090977992765488161e+05 3.301474488721324331e-12 2.222964035726417329e-07 2.171831735593271162e+02
1.146913630576689611e+05 2.901828600469386188e-12 2.034301282778143165e-07 2.217860152991760287e+02
1.205717149864963576e+05 2.550560137680049580e-12 1.861650320294089939e-07 2.264864067327858663e+02
1.267535590057915979e+05 2.241812977813437373e-12 1.703652229092682846e-07 2.312864152662356219e+02
1.332523529455816897e+05 1.970439886222033993e-12 1.559063421337881821e-07 2.361881521208404706e+02
1.400843471757866791e+05 1.731916704756365332e-12 1.426745852378740646e-07 2.411937732617927566e+02
1.472666252406089625e+05 1.522266927901677672e-12 1.305658063309011140e-07 2.463054803464358997e+02
1.548171465762921434e+05 1.337995409028173660e-12 1.194846983743885666e-07 2.515255216926399555e+02
1.627547914190663723e+05 1.176030091548114318e-12 1.093440430294450226e-07 2.568561932677475284e+02
1.710994080155731353e+05 1.033670793557427295e-12 1.000640241695295511e-07 2.622998396981906239e+02
1.798718622538203781e+05 9.085441921363689196e-13 9.157159965544594865e-08 2.678588553010962983e+02
1.890940898387710622e+05 7.985642568306451617e-13 8.379992642761103639e-08 2.735356851371679454e+02
1.987891511430313694e+05 7.018974726897614152e-13 7.668783439075134488e-08 2.793328260861642320e+02
2.089812888697938761e+05 6.169322730814941945e-13 7.017934494993675632e-08 2.852528279450567652e+02
2.196959886722229712e+05 5.422521726873138570e-13 6.422323040847104358e-08 2.912982945499119865e+02
2.309600428808625729e+05 4.766121527655446427e-13 5.877261075948344416e-08 2.974718849201855164e+02
2.428016174984180834e+05 4.189179049999845393e-13 5.378458469803988618e-08 3.037763144295616939e+02
2.552503226294341730e+05 3.682075878914994988e-13 4.921989194896965835e-08 3.102143559992822475e+02
2.683372865209793090e+05 3.236357915541491173e-13 4.504260425304607157e-08 3.167888413181813689e+02
2.820952333994774381e+05 2.844594435836141784e-13 4.121984257909355990e-08 3.235026620881081385e+02
2.965585652983192704e+05 2.500254210306053859e-13 3.772151833628385624e-08 3.303587712957964868e+02
3.117634480808650260e+05 2.197596619539576220e-13 3.452009654972465233e-08 3.373601845117718767e+02
3.277479018739408348e+05 1.931575950278875249e-13 3.159037913529465892e-08 3.445099812164068567e+02
3.445518961379595567e+05 1.697757276527579660e-13 2.890930656796266237e-08 3.518113061548526730e+02
3.622174496113909991e+05 1.492242523306523345e-13 2.645577638245884464e-08 3.592673707199109003e+02
3.807887353794944938e+05 1.311605480448103496e-13 2.421047707779703103e-08 3.668814543645885351e+02
4.003121913300411543e+05 1.152834683017369447e-13 2.215573611829838684e-08 3.746569060444454067e+02
4.208366362722213962e+05 1.013283206101203045e-13 2.027538083476913103e-08 3.825971456910157258e+02
4.424133920090965694e+05 8.906245369712388690e-14 1.855461113094788380e-08 3.907056657152551224e+02
4.650964116688389913e+05 7.828137889574674894e-14 1.697988299338280617e-08 3.989860325441277382e+02
4.889424146156553179e+05 6.880536104090466697e-14 1.553880188780014717e-08 4.074418881893553248e+02
5.140110282777408138e+05 6.047642203996077657e-14 1.422002520290617405e-08 4.160769518490529890e+02
5.403649372469085502e+05 5.315570716328784033e-14 1.301317297378136833e-08 4.248950215435505129e+02
5.680700400227193022e+05 4.672117014732569314e-14 1.190874618217859831e-08 4.338999757863819582e+02
5.971956137930564582e+05 4.106553851742312331e-14 1.089805199064587874e-08 4.430957752892419990e+02
6.278144876631795196e+05 3.609452521005598239e-14 9.973135322050601409e-09 4.524864647050216035e+02
6.600032247664229944e+05 3.172525667931797899e-14 9.126716245923312459e-09 4.620761744064150776e+02
6.938423137119094608e+05 2.788489128228627664e-14 8.352132678818871007e-09 4.718691223021705810e+02
7.294163698479967425e+05 2.450940490994293947e-14 7.643287947707287933e-09 4.818696156934519763e+02
7.668143468447235646e+05 2.154252361818818113e-14 6.994602803629757742e-09 4.920820531667608293e+02
8.061297591243179049e+05 1.893478546482943269e-14 6.400971507979360283e-09 5.025109265303219104e+02
8.474609156959623797e+05 1.664271591171674191e-14 5.857721645708337196e-09 5.131608227879701190e+02
8.909111659795242595e+05 1.462810304519099569e-14 5.360577349208008575e-09 5.240364261582574272e+02
9.365891582329371013e+05 1.285736053153881858e-14 4.905625643360557890e-09 5.351425201343436129e+02
9.846091112294379855e+05 1.130096768713241086e-14 4.489285646878269764e-09 5.464839895859881835e+02
1.035091099863994634e+06 9.932977328633571845e-15 4.108280387551027245e-09 5.580658229127245704e+02
1.088161355403086869e+06 8.730583198048659640e-15 3.759611009483783213e-09 5.698931142312700331e+02
1.143952581128624268e+06 7.673739751567491049e-15 3.440533169418625377e-09 5.819710656236559316e+02
1.202604284165272489e+06 6.744827972988997085e-15 3.148535436246374240e-09 5.943049894181150421e+02
1.264263124320930336e+06 5.928361640875765428e-15 2.881319523793105009e-09 6.069003105319163751e+02
1.329083280812643003e+06 5.210729152137640612e-15 2.636782201215691988e-09 6.197625688526767362e+02
1.397226837794951163e+06 4.579966598143248593e-15 2.412998738679816033e-09 6.328974216771215424e+02
1.468864189654704416e+06 4.025558310109504335e-15 2.208207757996547998e-09 6.463106461999847170e+02
1.544174467085782439e+06 3.538261548600349090e-15 2.020797368979503515e-09 6.600081420529966181e+02
1.623345985009134281e+06 3.109952414518342769e-15 1.849292482415867022e-09 6.739959339021232836e+02
1.706576713458170416e+06 2.733490412654789198e-15 1.692343199776676493e-09 6.882801740950576459e+02
1.794074772606963990e+06 2.402599409943970503e-15 1.548714188298041740e-09 7.028671453693326612e+02
1.886058953179090517e+06 2.111763003793409709e-15 1.417274957794177702e-09 7.177632636151670340e+02
1.982759263538399944e+06 1.856132556150290133e-15 1.296990962675006170e-09 7.329750806947700994e+02
2.084417504829733167e+06 1.631446360134620079e-15 1.186915459142742183e-09 7.485092873299917073e+02
2.191287875607731752e+06 1.433958591575164315e-15 1.086182053455362443e-09 7.643727160378811050e+02
2.303637607465630397e+06 1.260376861046520385e-15 9.939978826298383092e-10 7.805723441418690527e+02
2.421747633253435604e+06 1.107807325257513030e-15 9.096373738913509850e-10 7.971152968383584039e+02
2.545913289556382690e+06 9.737064427488199914e-16 8.324365337582165538e-10 8.140088503281059502e+02
2.676445055190230254e+06 8.558385696099858671e-16 7.617877218165341096e-10 8.312604350230650425e+02
2.813669327560023405e+06 7.522386882470489222e-16 6.971348680361797876e-10 8.488776388061086209e+02
2.957929238823618274e+06 6.611796478794806429e-16 6.379690960012596571e-10 8.668682103774283405e+02
3.109585513900805730e+06 5.811433705811562913e-16 5.838247175885975893e-10 8.852400626535770698e+02
