# [1] k:    [h/Mpc] 
# [2] P:    [Mpc^3/h^3] 
# [3] T:    [Mpc^3/h^3] 
# [4] Delta_k 
3.059023205018257859e-07 3.810752881018544258e-01 3.949809060980226059e+04 5.526235137952267040e-22
3.215862678579245412e-07 3.995544808105149781e-01 3.947840899972231273e+04 6.731916972735839996e-22
3.380743483904743061e-07 4.189297708886395855e-01 3.945873719685390097e+04 8.200647456456507217e-22
3.554077908890640533e-07 4.392446121009423443e-01 3.943907519630118622e+04 9.989817013110910336e-22
3.736299379885273404e-07 4.605445653825203101e-01 3.941942299317973811e+04 1.216933717555062974e-21
3.927863545481053003e-07 4.828774010198582101e-01 3.939978058259861427e+04 1.482437236816352361e-21
4.129249415873286729e-07 5.062932057880903391e-01 3.938014795969618717e+04 1.805866769404608055e-21
4.340960560635169786e-07 5.308444952813997642e-01 3.936052511958635296e+04 2.199860275935453610e-21
4.563526367904018199e-07 5.565863316925132587e-01 3.934091205738548888e+04 2.679812993752680664e-21
4.797503368127355169e-07 5.835764473037456934e-01 3.932130876823921426e+04 3.264479003529077127e-21
5.043476625678916271e-07 6.118753739640990785e-01 3.930171524726874486e+04 3.976704042157367349e-21
5.302061201824328858e-07 6.415465788472249908e-01 3.928213148959774117e+04 4.844318196504768735e-21
5.573903692694645323e-07 6.726566067927964854e-01 3.926255749037909118e+04 5.901223359902535092e-21
5.859683846113473662e-07 7.052752295476697464e-01 3.924299324474127934e+04 7.188717943545819753e-21
6.160116261320592563e-07 7.394756022469876067e-01 3.922343874782418425e+04 8.757110605742399283e-21
6.475952175842278093e-07 7.753344274816024173e-01 3.920389399476116523e+04 1.066768605520575414e-20
6.807981343976415384e-07 8.129321273235373679e-01 3.918435898071476549e+04 1.299509974190135526e-20
7.157034011589609116e-07 8.523530236898332335e-01 3.916483370082319016e+04 1.583029500756209861e-20
7.523982992164306405e-07 8.936855274561695817e-01 3.914531815023598028e+04 1.928405668318309668e-20
7.909745849287134463e-07 9.370223367392490621e-01 3.912581232410509256e+04 2.349133998972064259e-20
8.315287191035797356e-07 9.824606447947064058e-01 3.910631621758489928e+04 2.861654389316817577e-20
8.741621082001717898e-07 1.030102357996435458e+00 3.908682982583219564e+04 3.485993496956599662e-20
9.189813578979717484e-07 1.080054324385745002e+00 3.906735314399730123e+04 4.246547279148957163e-20
9.660985396665287929e-07 1.132428573305833686e+00 3.904788616725958855e+04 5.173034261193896761e-20
1.015631471002508262e-06 1.187342566651744313e+00 3.902842889077420841e+04 6.301656783354841669e-20
1.067704010034801725e-06 1.244919462308354596e+00 3.900898130969872727e+04 7.676515601893397871e-20
1.122446365234364056e-06 1.305288390363420481e+00 3.898954341921972082e+04 9.351333119536751106e-20
1.179995421003214005e-06 1.368584742709656243e+00 3.897011521449957218e+04 1.139155258031072989e-19
1.240495079956737545e-06 1.434950476695279420e+00 3.895069669070308737e+04 1.387689525451900751e-19
1.304096622755184042e-06 1.504534433499661983e+00 3.893128784302403801e+04 1.690447553547849978e-19
1.370959086384113674e-06 1.577492671941761682e+00 3.891188866663203225e+04 2.059259566988019147e-19
1.441249661829700436e-06 1.653988818482249989e+00 3.889249915670794144e+04 2.508536840040853109e-19
1.515144112143284134e-06 1.734194434194681556e+00 3.887311930843502341e+04 3.055834814960341991e-19
1.592827211940548929e-06 1.818289399531825445e+00 3.885374911699013319e+04 3.722539078264995698e-19
1.674493209434307728e-06 1.906462317754255009e+00 3.883438857757898950e+04 4.534700999339208355e-19
1.760346312156213177e-06 1.998910937913817687e+00 3.881503768538324221e+04 5.524055683786743034e-19
1.850601197581954108e-06 2.095842598356856268e+00 3.879569643559573888e+04 6.729262017942019939e-19
1.945483549936765273e-06 2.197474691728655838e+00 3.877636482340292423e+04 8.197413259066696241e-19
2.045230624523543909e-06 2.304035152532928343e+00 3.875704284402009944e+04 9.985877197348795534e-19
2.150091840984688092e-06 2.415762968324076443e+00 3.873773049263847497e+04 1.216453779370443097e-18
2.260329406981118614e-06 2.532908715698315660e+00 3.871842776446048811e+04 1.481852588511227471e-18
2.376218973848010330e-06 2.655735122270633575e+00 3.869913465468658251e+04 1.805154565932918673e-18
2.498050325866710336e-06 2.784517655907291278e+00 3.867985115853275784e+04 2.198992688053392489e-18
2.626128104876382668e-06 2.919545142524776704e+00 3.866057727119983610e+04 2.678756120594096282e-18
2.760772572037287162e-06 3.061120413856617706e+00 3.864131298790859728e+04 3.263191547932871099e-18
2.902320408650496801e-06 3.209560986621414980e+00 3.862205830386463640e+04 3.975135696987812634e-18
3.051125558036519890e-06 3.365199774635426078e+00 3.860281321428909723e+04 4.842407678910678836e-18
3.207560110577962700e-06 3.528385835451104846e+00 3.858357771440991928e+04 5.898896016695065364e-18
3.372015234139298021e-06 3.699485153197201726e+00 3.856435179943106778e+04 7.185882834134499196e-18
3.544902152190277809e-06 3.878881459396830156e+00 3.854513546458961355e+04 8.753656948652380463e-18
3.726653172078803499e-06 4.066977093568307389e+00 3.852592870510308421e+04 1.066347889930519933e-17
3.917722766024474580e-06 4.264193905575369925e+00 3.850673151620452700e+04 1.298997469319745020e-17
4.118588707535861475e-06 4.470974201724960295e+00 3.848754389312936837e+04 1.582405180554577527e-17
4.329753266093139866e-06 4.687781736742666183e+00 3.846836583110228094e+04 1.927645137566500926e-17
4.551744463083409039e-06 4.915102753861742890e+00 3.844919732536780066e+04 2.348207540045040185e-17
4.785117392129195949e-06 5.153447075332542759e+00 3.843003837115535134e+04 2.860525800969908676e-17
5.030455607111644826e-06 5.403349245831975622e+00 3.841088896371860028e+04 3.484618679770234057e-17
5.288372581359179674e-06 5.665369731294995326e+00 3.839174909828298405e+04 4.244872512347551624e-17
5.559513241650373021e-06 5.940096175910152709e+00 3.837261877010251919e+04 5.170994103513158701e-17
5.844555580866815540e-06 6.228144720045508897e+00 3.835349797442923591e+04 6.299171515939427714e-17
6.144212353328471540e-06 6.530161382088815358e+00 3.833438670650441782e+04 7.673488113292565860e-17
6.459232857050738118e-06 6.846823507309583334e+00 3.831528496158919006e+04 9.347645111084713318e-17
6.790404807379771878e-06 7.178841286957776013e+00 3.829619273492958746e+04 1.138705994362618582e-16
7.138556306691162195e-06 7.526959351049526070e+00 3.827711002178708441e+04 1.387142244050057479e-16
7.504557915077204533e-06 7.891958438377312035e+00 3.825803681742987101e+04 1.689780869473821403e-16
7.889324827200587103e-06 8.274657147492376907e+00 3.823897311710238864e+04 2.058447429660562540e-16
8.293819160757753291e-06 8.675913772632627641e+00 3.821991891608189326e+04 2.507547515315697643e-16
8.719052362274285227e-06 9.096628228633051094e+00 3.820087420962625765e+04 3.054629645121107271e-16
9.166087736248057605e-06 9.537744069216888221e+00 3.818183899300875055e+04 3.721070971481883750e-16
9.636043103964330830e-06 1.000025060313717340e+01 3.816281326150500536e+04 4.532912589558564933e-16
1.013009359863121538e-05 1.048518511293353228e+01 3.814379701037996711e+04 5.521877089162609395e-16
1.064947460382478790e-05 1.099363518130422079e+01 3.812479023491832049e+04 6.726608110216173926e-16
1.119548484259151579e-05 1.152674113025443248e+01 3.810579293038973265e+04 8.194180337193592324e-16
1.176948962493235138e-05 1.208569857856586438e+01 3.808680509208790318e+04 9.981938935390542986e-16
1.237292426178888029e-05 1.267176112322893289e+01 3.806782671527856292e+04 1.215974030465930221e-15
1.300729765406831334e-05 1.328624315097452246e+01 3.804885779526009719e+04 1.481268170781547417e-15
1.367419606568169201e-05 1.393052278607000183e+01 3.802989832731161732e+04 1.804442643342693669e-15
1.437528709002991615e-05 1.460604498111880645e+01 3.801094830672754324e+04 2.198125442333395453e-15
1.511232381985586521e-05 1.531432475770712998e+01 3.799200772880464501e+04 2.677699664248523377e-15
1.588714923088939049e-05 1.605695060419453668e+01 3.797307658882907708e+04 3.261904600086773489e-15
1.670170079024660794e-05 1.683558803830305095e+01 3.795415488210228796e+04 3.973567970347150832e-15
1.755801530110687162e-05 1.765198334243736866e+01 3.793524260393239092e+04 4.840497914793685309e-15
1.845823399578163895e-05 1.850796748011611470e+01 3.791633974960396154e+04 5.896569591349961457e-15
1.940460788991057802e-05 1.940546020240105207e+01 3.789744631443408434e+04 7.183048842842631133e-15
2.039950341117315543e-05 2.034647435335362786e+01 3.787856229372066446e+04 8.750204653624623401e-15
2.144540831659045798e-05 2.133312038435726166e+01 3.785968768277684285e+04 1.065927340263122694e-14
2.254493791321357228e-05 2.236761108730221537e+01 3.784082247691810335e+04 1.298485166572661826e-14
2.370084159775344190e-05 2.345226655728943044e+01 3.782196667144936509e+04 1.581781106573975072e-14
2.491600973150475266e-05 2.458951939603937475e+01 3.780312026169506862e+04 1.926884906755656654e-14
2.619348086775470484e-05 2.578192016754660898e+01 3.778428324296481151e+04 2.347281446497838253e-14
2.753644934974891994e-05 2.703214311837910344e+01 3.776545561058770545e+04 2.859397657720555951e-14
2.894827329821342076e-05 2.834299217527602011e+01 3.774663735987801192e+04 3.483244404787857170e-14
3.043248300840562692e-05 2.971740723367808101e+01 3.772782848616949195e+04 4.243198406045001176e-14
3.199278977769132648e-05 3.115847075110957931e+01 3.770902898478537099e+04 5.168954750437461356e-14
3.363309518572123809e-05 3.266941466035055441e+01 3.769023885105120280e+04 6.296687228671759586e-14
3.535750085041236633e-05 3.425362761784572996e+01 3.767145808030557964e+04 7.670461818681401870e-14
3.717031868412924126e-05 3.591466260355663564e+01 3.765268666788299015e+04 9.343958557120030654e-14
3.907608167571078754e-05 3.765624488938235004e+01 3.763392460911811213e+04 1.138256907876580366e-13
4.107955522530357004e-05 3.948228039398017586e+01 3.761517189934581256e+04 1.386595178486963878e-13
4.318574906034433776e-05 4.139686444275770327e+01 3.759642853391396056e+04 1.689114448328024789e-13
4.539992976248807967e-05 4.340429095258988212e+01 3.757769450816421886e+04 2.057635612626141253e-13
4.772763393680535859e-05 4.550906206198586545e+01 3.755896981744267396e+04 2.506558580762990713e-13
5.017468205617894183e-05 4.771589822821658800e+01 3.754025445709776977e+04 3.053424950580949744e-13
5.274719301551768723e-05 5.002974881408002261e+01 3.752154842248022760e+04 3.719603443695413746e-13
5.545159943218107865e-05 5.245580318804136510e+01 3.750285170894311159e+04 4.531124885096136175e-13
5.829466373087315435e-05 5.499950236264481873e+01 3.748416431184180692e+04 5.519699353740738150e-13
6.128349505322671351e-05 5.766655119729796297e+01 3.746548622653398343e+04 6.723955249147697858e-13
6.442556703436033705e-05 6.046293119279570760e+01 3.744681744837966107e+04 8.190948690330541778e-13
6.772873649085907528e-05 6.339491390627901524e+01 3.742815797274113720e+04 9.978002226610839898e-13
7.120126306690828879e-05 6.646907501672465912e+01 3.740950779498516931e+04 1.215494470766179899e-12
7.485182988770643921e-05 6.969230907246100060e+01 3.739086691047444037e+04 1.480683983536061231e-12
7.868956527180084881e-05 7.307184495389435597e+01 3.737223531457819627e+04 1.803731001522357256e-12
8.272406555663884206e-05 7.661526208602133181e+01 3.735361300267223123e+04 2.197258538640761464e-12
8.696541909440986997e-05 8.033050743708571417e+01 3.733499997013040411e+04 2.676643624551254785e-12
9.142423147818073699e-05 8.422591334157085896e+01 3.731639621232462378e+04 3.260618159791995704e-12
9.611165206140254191e-05 8.831021618751448443e+01 3.729780172463548661e+04 3.972000861992869351e-12
1.010394018371016720e-04 9.259257600993436199e+01 3.727921650244375633e+04 4.838588903853293308e-12
1.062198027464676133e-04 9.708259703442590194e+01 3.726064054113251041e+04 5.894244083508543020e-12
1.116658084901241013e-04 1.017903492169555477e+02 3.724207383608711098e+04 7.180215969227718785e-12
1.173910369191279803e-04 1.067263908281684621e+02 3.722351638269522664e+04 8.746753720124905839e-12
1.234098040866900780e-04 1.119017921328597254e+02 3.720496817634683975e+04 1.065506956453673385e-11
1.297371600457651012e-04 1.173281602177143412e+02 3.718642921243421006e+04 1.297973065869010874e-11
1.363889264820232711e-04 1.230176650230016122e+02 3.716789948635188921e+04 1.581157278718015923e-11
1.433817362763056455e-04 1.289830666366099194e+02 3.714937899349779764e+04 1.926124975766951120e-11
1.507330750954898936e-04 1.352377439115879838e+02 3.713086772926792764e+04 2.346355718186867337e-11
1.584613251157653230e-04 1.417957244715346121e+02 3.711236568906792672e+04 2.858269959391748321e-11
1.665858109876483387e-04 1.486717161708242259e+02 3.709387286829837103e+04 3.481870671798193927e-11
1.751268481576742783e-04 1.558811400806052347e+02 3.707538926236634870e+04 4.241524959982564423e-11
1.841057936675958640e-04 1.634401650742346703e+02 3.705691486668015568e+04 5.166916201647425376e-11
1.935450995581117185e-04 1.713657440899075084e+02 3.703844967665251170e+04 6.294203921166914575e-11
2.034683690106629794e-04 1.796756521516166458e+02 3.701999368768999557e+04 7.667436717590354957e-11
2.139004153676812446e-04 1.883885262341387659e+02 3.700154689521512773e+04 9.340273457070241666e-11
2.248673241788693637e-04 1.975239070607128440e+02 3.698310929464118090e+04 1.137807998502312890e-10
2.363965184286629729e-04 2.071022829279870905e+02 3.696468088138893654e+04 1.386048328677004062e-10
2.485168271079757005e-04 2.171451356559162207e+02 3.694626165088094422e+04 1.688448290007744198e-10
2.612585573016925852e-04 2.276749887659090632e+02 3.692785159853994264e+04 2.056824115758707444e-10
2.746535699721688829e-04 2.387154579953225095e+02 3.690945071979408385e+04 2.505570036229726935e-10
2.887353596282311993e-04 2.502913042613957089e+02 3.689105901007223292e+04 3.052220731152137562e-10
3.035391380788964293e-04 2.624284891935926680e+02 3.687267646480449184e+04 3.718136494676895336e-10
3.191019224812350285e-04 2.751542333588512861e+02 3.685430307942480431e+04 4.529337885674382448e-10
3.354626279025451924e-04 2.884970773102544968e+02 3.683593884936885297e+04 5.517522477180607484e-10
3.526621646282911485e-04 3.024869455961224389e+02 3.681758377007513627e+04 6.721303434323375608e-10
3.707435404591257876e-04 3.171552138729980470e+02 3.679923783698285115e+04 8.187718317974148129e-10
3.897519682527942697e-04 3.325347792731882350e+02 3.678090104553503625e+04 9.974067070405719317e-10
4.097349789798286580e-04 3.486601341844846615e+02 3.676257339117660740e+04 1.215015100196638096e-09
4.307425405757319271e-04 3.655674436076778306e+02 3.674425486935448862e+04 1.480100026684295955e-09
4.528271828868440083e-04 3.832946262653078975e+02 3.672594547551812866e+04 1.803019640361946829e-09
4.760441290223192071e-04 4.018814396435324738e+02 3.670764520511873707e+04 2.196391976840546667e-09
5.004514334406633081e-04 4.213695691579231379e+02 3.668935405361055018e+04 2.675588001338218631e-09
5.261101271161193775e-04 4.417995969804085803e+02 3.667094233760749194e+04 3.259309175125032623e-09
5.530843701478924991e-04 4.632145188454338154e+02 3.665231624439396546e+04 3.970329763538974838e-09
5.814416121938181326e-04 4.856553445241989948e+02 3.663324247356006526e+04 4.836339289276850802e-09
6.112527611296385451e-04 5.091729338479624971e+02 3.661380465476948302e+04 5.891122729384882216e-09
6.425923603556274889e-04 5.338015630795549669e+02 3.659342475409579492e+04 7.175576091107890044e-09
6.755387751939181127e-04 5.596108475893075820e+02 3.657270889737054677e+04 8.739915416133934849e-09
7.101743888426273075e-04 5.866163312106774583e+02 3.655039482477144338e+04 1.064435687996237899e-08
7.465858083767621441e-04 6.149126982303590694e+02 3.652772794706854620e+04 1.296351908395422314e-08
7.848640813110194670e-04 6.445031421226425437e+02 3.650306899026646715e+04 1.578623854493885140e-08
8.251049232659968648e-04 6.754894743782012938e+02 3.647766946206062858e+04 1.922278818724662341e-08
8.674089573071004124e-04 7.078900359801137938e+02 3.645034315307596989e+04 2.340495260854088293e-08
9.118819655546198935e-04 7.417845787771422010e+02 3.642156076921855129e+04 2.849469018460333511e-08
9.586351536941296880e-04 7.772287633531499296e+02 3.639108594511019328e+04 3.468799322320410079e-08
1.007785429048626679e-03 8.142591464724441721e+02 3.635823874208804773e+04 4.222183742752049446e-08
1.059455692907732439e-03 8.529917800522324569e+02 3.632410046465195046e+04 5.138821138231819503e-08
1.113775147844932919e-03 8.933927750335058136e+02 3.628645935186158022e+04 6.253242401921765212e-08
1.170879620791311689e-03 9.356668858407524567e+02 3.624807408212410519e+04 7.609011842939102396e-08
1.230911902673626282e-03 9.796792940115636839e+02 3.620488750615747995e+04 9.256250553132356884e-08
1.294022105466001958e-03 1.025701981340935163e+03 3.616069475350902212e+04 1.125943347850254135e-07
1.360368037548055848e-03 1.073620437904472283e+03 3.611207841702645237e+04 1.369273766074106682e-07
1.430115598308045934e-03 1.123632373312960453e+03 3.606119814407494414e+04 1.664975828064835532e-07
1.503439192977754080e-03 1.175718524628737896e+03 3.600647794387404429e+04 2.024096541595180749e-07
1.580522168736409397e-03 1.229953801975588021e+03 3.594796349486945837e+04 2.460145727452592707e-07
1.661557273174137529e-03 1.286468276385199943e+03 3.588643885771970963e+04 2.989615163514606167e-07
1.746747136261333697e-03 1.345147369698108605e+03 3.581926644293437130e+04 3.631869586459123737e-07
1.836304777029133936e-03 1.406341596361975235e+03 3.575016875908360089e+04 4.411592333847375432e-07
1.930454136227949345e-03 1.469661903830369965e+03 3.567322181506497145e+04 5.356315621218769644e-07
2.029430636295988157e-03 1.535688740452600996e+03 3.559476638063146675e+04 6.502735593728319859e-07
2.133481770037976965e-03 1.603900808896336912e+03 3.550783809392117837e+04 7.890682597498932453e-07
2.242867719486086112e-03 1.674858487336931830e+03 3.541811696544626466e+04 9.573249075984348764e-07
2.357862006490532136e-03 1.748201881950988309e+03 3.532101142891036579e+04 1.160959302605758521e-06
2.478752176666675511e-03 1.824194637197723978e+03 3.521874351542313525e+04 1.407475226255212927e-06
2.605840518408833982e-03 1.902814151197330375e+03 3.511053019153985952e+04 1.705729378565335500e-06
2.739444818768723561e-03 1.983882906259213996e+03 3.499436763032706222e+04 2.066207647750262092e-06
2.879899158088616417e-03 2.067869871327543478e+03 3.487407249040951865e+04 2.502218940632855202e-06
3.027554745376210416e-03 2.153974993514623748e+03 3.474260050794225390e+04 3.028216565625793368e-06
3.182780796510085389e-03 2.243335068232655885e+03 3.460907544663662702e+04 3.664245738878435533e-06
3.345965457471714814e-03 2.334357501844242506e+03 3.446097334563610639e+04 4.429982253804298270e-06
3.517516774912597243e-03 2.428621565425016797e+03 3.431031539473656449e+04 5.354743074136167248e-06
3.697863716483424691e-03 2.524713946709169704e+03 3.414694123832556215e+04 6.467480710630533896e-06
3.887457243476651579e-03 2.623568771421054862e+03 3.397761373999661009e+04 7.808355685879433372e-06
4.086771438464619106e-03 2.724484544998804722e+03 3.379790288881881133e+04 9.420970767111483548e-06
4.296304690752923532e-03 2.827462091904908448e+03 3.360832790711145935e+04 1.135931834528467398e-05
4.516580942613284376e-03 2.932821577814927423e+03 3.341121450957074558e+04 1.368942778193706963e-05
4.748150999412126434e-03 3.039272639038656507e+03 3.319977973128480517e+04 1.648213567482498102e-05
4.991593906910903912e-03 3.148541939493238260e+03 3.298420677407686890e+04 1.983798142549366553e-05
5.247518399182111472e-03 3.257608752935068424e+03 3.274927541394835862e+04 2.384685396826112099e-05
5.516564420761540903e-03 3.369566256015283216e+03 3.251173639442432250e+04 2.865829452151523113e-05
5.799404726842954938e-03 3.480662439955196078e+03 3.225410898884430208e+04 3.439397888573494260e-05
6.096746565516493986e-03 3.593753790109744841e+03 3.199110097982070874e+04 4.125845926678655144e-05
6.409333446257287764e-03 3.706157418093775505e+03 3.171158055609365329e+04 4.943479300866901352e-05
6.737946999086424568e-03 3.818896500864842892e+03 3.142142179341170049e+04 5.918217457846717140e-05
7.083408929053131541e-03 3.931293243168353456e+03 3.111899331420461749e+04 7.078359932734220640e-05
7.446583070925409317e-03 4.041877392026354755e+03 3.079997173109185314e+04 8.455212175586915323e-05
7.828377549226901017e-03 4.152696389189650290e+03 3.047367077262343446e+04 1.009289435742591524e-04
8.229747049021221908e-03 4.258979076360472391e+03 3.012405038138238160e+04 1.202638841239917882e-04
8.651695203121895217e-03 4.366269188716149984e+03 2.977260232641635957e+04 1.432466252136234441e-04
9.095277101697147801e-03 4.465838965856701179e+03 2.939097566705345889e+04 1.702241298605448319e-04
9.561601930544914862e-03 4.565406789325043064e+03 2.900702203806884063e+04 2.021816408015788267e-04
1.005183574463506743e-02 4.657428377567141069e+03 2.859811631071267402e+04 2.396362935112809206e-04
1.056720438385422289e-02 4.746226345460045195e+03 2.817990270953294385e+04 2.837259289780603012e-04
1.110899653824396448e-02 4.828059760355743492e+03 2.774294212920665814e+04 3.353261249932902891e-04
1.167856697039719623e-02 4.902673009059152719e+03 2.728874684845697993e+04 3.956141838480005954e-04
1.227733990307029038e-02 4.971440558978130866e+03 2.682311334690866352e+04 4.660852389960475420e-04
1.290681258048182248e-02 5.028141182251070859e+03 2.633132550938177155e+04 5.476899018408722380e-04
1.356855901220299469e-02 5.080804025201746299e+03 2.583664648537891117e+04 6.429895077367356370e-04
1.426423390900143431e-02 5.115660800641316200e+03 2.530589618989776864e+04 7.521723334626358214e-04
1.499557682048000690e-02 5.146886242235344980e+03 2.477673452772355085e+04 8.792337621602824664e-04
1.576441648485692182e-02 5.158210729925822307e+03 2.421153107644109332e+04 1.023771510353557301e-03
1.657267540176381518e-02 5.165950527068939664e+03 2.365095958741759023e+04 1.191237548769610854e-03
1.742237463949622076e-02 5.164549479465506010e+03 2.308292267979604367e+04 1.383645217799980495e-03
1.831563888873704443e-02 5.146562889322204683e+03 2.249231455460450161e+04 1.601967718092055367e-03
1.925470177538994923e-02 5.109666589603354623e+03 2.187624199091751871e+04 1.847877644127849306e-03
2.024191144580758314e-02 5.054500908861939934e+03 2.123814138976147660e+04 2.123748570985149308e-03
2.127973643838054069e-02 4.989936003458145933e+03 2.059803477564186687e+04 2.435925314800840586e-03
2.237077185616915750e-02 4.891935369273344804e+03 1.990763114317745567e+04 2.774558434764389306e-03
2.351774585601286785e-02 4.788709483497585097e+03 1.922602072782089817e+04 3.155555536950617208e-03
2.472352647034336062e-02 4.666802877687774526e+03 1.852639077506481772e+04 3.572900869425861548e-03
2.599112877875953478e-02 4.543085806565552048e+03 1.784257342026926199e+04 4.041072309704181291e-03
2.732372244729698585e-02 4.402572577080323754e+03 1.714494971492065451e+04 4.549842661080365051e-03
2.872463965424410307e-02 4.254943727080340068e+03 1.645245815640012734e+04 5.108905240001208534e-03
3.019738342232343442e-02 4.093775714572017932e+03 1.575240387397733321e+04 5.710869606949509243e-03
3.174563637807315680e-02 3.926657368079883781e+03 1.505903872100955596e+04 6.364222850319623849e-03
3.337326996033158216e-02 3.757139094270665282e+03 1.437855735071462550e+04 7.074957201895882598e-03
3.508435410085083278e-02 3.603506423180334423e+03 1.374517452079106442e+04 7.883807587652386442e-03
3.688316740124613496e-02 3.459086097754510320e+03 1.314526134823299981e+04 8.792578613419336706e-03
3.877420783172848273e-02 3.295064314768188069e+03 1.252337593848346478e+04 9.731122869519071364e-03
4.076220397837305304e-02 3.135521590687191747e+03 1.192464060140023503e+04 1.075853230519061531e-02
4.285212686704739649e-02 2.973709739198740863e+03 1.133549838358103989e+04 1.185457476878916568e-02
4.504920239356542677e-02 2.827332108007540228e+03 1.078898713490894625e+04 1.309508743226596092e-02
4.735892439114896407e-02 2.705307004541281458e+03 1.030152384260280269e+04 1.455768462003488931e-02
4.978706836787243073e-02 2.594819272362583433e+03 9.847991881074905905e+03 1.622284566985407461e-02
5.233970594844135349e-02 2.495789825314531754e+03 9.427554685997001798e+03 1.812892715816399186e-02
5.502322005641668845e-02 2.412897404460949929e+03 9.048267144154073321e+03 2.036325138360787004e-02
5.784432087484844831e-02 2.339315792579801837e+03 8.696436767252642312e+03 2.293724700469959923e-02
6.081006262522850592e-02 2.262752470499743140e+03 8.348652256359546300e+03 2.577707639753317598e-02
6.392786120671870020e-02 2.187414036755161305e+03 8.012430515042831757e+03 2.895154720696259051e-02
6.720551273976151097e-02 2.092590575204570541e+03 7.649654884515805861e+03 3.217875376442543706e-02
7.065121306044198912e-02 1.997623926114202959e+03 7.295541063504933845e+03 3.568969683421368416e-02
7.427357821434696361e-02 1.889971604021604662e+03 6.926745180569145305e+03 3.923092780502540622e-02
7.808166600116696332e-02 1.773176671067421012e+03 6.549053028165993055e+03 4.276312958846541917e-02
8.208499862391337165e-02 1.640374759129642825e+03 6.148582044348821000e+03 4.596261428472080829e-02
8.629358649938589920e-02 1.504648980787467053e+03 5.748068857117586958e+03 4.898250734166208903e-02
9.071795328942874881e-02 1.370784099054858416e+03 5.355374227654199785e+03 5.184645265976215583e-02
9.536916221556676621e-02 1.251529229735157969e+03 4.994899158117552361e+03 5.499651354235499112e-02
1.002588437228218304e-01 1.143528290585489685e+03 4.660479626127123993e+03 5.838284403933312328e-02
1.053992245618834284e-01 1.065660709734696411e+03 4.391547301243658694e+03 6.321228070545419075e-02
1.108031583623540345e-01 9.969666364588018723e+02 4.146191254716074582e+03 6.870799941035271585e-02
1.164841577735182265e-01 9.507744713771899114e+02 3.952289111295870043e+03 7.612869110108744231e-02
1.224564282530043596e-01 9.051113760594703308e+02 3.764106410637691624e+03 8.420096064937904190e-02
1.287349035878279091e-01 8.577659478245579976e+02 3.576812809650817144e+03 9.271030216985351458e-02
1.353352832366376823e-01 7.994027706605935464e+02 3.370509588878396698e+03 1.003850446928983009e-01
1.422740715865399574e-01 7.307840498392612290e+02 3.145634093786898575e+03 1.066194897155797461e-01
1.495686192226629019e-01 6.580498493509956006e+02 2.913694413341101153e+03 1.115451023032296290e-01
1.572371663136570008e-01 5.876862791763235236e+02 2.687746535810987552e+03 1.157394557083083753e-01
1.652988882216175348e-01 5.372974734720356764e+02 2.508556373997903393e+03 1.229404660297855889e-01
1.737739434504778357e-01 4.937540318420642507e+02 2.347322298676254832e+03 1.312607507590023703e-01
1.826835240527691917e-01 4.657544231225532485e+02 2.225342292822443142e+03 1.438551417133970001e-01
1.920499086207905493e-01 4.365613101527905542e+02 2.103012629413439299e+03 1.566598901408556288e-01
2.018965179946938526e-01 3.984061240753293873e+02 1.961025280533622663e+03 1.661050175202780366e-01
2.122479738267836202e-01 3.607227001017166685e+02 1.821410589100871221e+03 1.747327818582437298e-01
2.231301601484726449e-01 3.223069430007008123e+02 1.680571065285095074e+03 1.813905891533559023e-01
2.345702880938428103e-01 2.936520053992734915e+02 1.565811462074426117e+03 1.920092864691892165e-01
2.465969639416541459e-01 2.717489614849728810e+02 1.470306441039407673e+03 2.064435544845915071e-01
2.592402606459418002e-01 2.485804457018188316e+02 1.372645293545042932e+03 2.194040144402273629e-01
2.725317930340656614e-01 2.264504297647798410e+02 1.278828627365574903e+03 2.322174911924413110e-01
2.865047968602461026e-01 2.038401177765922228e+02 1.184326744748108013e+03 2.428597890206494747e-01
3.011942119122611450e-01 1.836241885919831134e+02 1.097217136089708220e+03 2.541792031272204766e-01
3.166367693791155569e-01 1.680742910952685349e+02 1.024658652761849225e+03 2.703059369343196461e-01
3.328710836981453314e-01 1.530303488185636809e+02 9.543733042368953647e+02 2.859407400526405296e-01
3.499377491112247163e-01 1.374790202857578834e+02 8.829754806598326695e+02 2.984551446760591586e-01
3.678794411715154977e-01 1.241052826266402178e+02 8.188917473797737330e+02 3.130235995207321098e-01
3.867410234545784475e-01 1.126567155161996112e+02 7.615717643581776883e+02 3.301323404770449277e-01
4.065696597406806001e-01 1.016547047099032568e+02 7.061500005871714620e+02 3.461008301248099661e-01
4.274149319488126375e-01 9.142782084913157803e+01 6.536922520117601607e+02 3.616576855892782438e-01
4.493289641173122684e-01 8.241587279855667703e+01 6.058156875443286253e+02 3.787689452894850706e-01
4.723665527411103904e-01 7.432501997030911411e+01 5.615695257199993193e+02 3.968649173798579066e-01
4.965853037915104462e-01 6.685254841682137794e+01 5.198714041360747160e+02 4.147341659324708663e-01
5.220457767611225153e-01 6.011171920953970726e+01 4.811909505814407453e+02 4.332665573236006429e-01
5.488116360941387439e-01 5.397638046200258799e+01 4.450826722046917325e+02 4.520057399471389958e-01
5.769498103806052214e-01 4.845139143300916373e+01 4.116165851839004972e+02 4.714011281058276825e-01
6.065306597127584354e-01 4.346810307414458663e+01 3.805625194072501927e+02 4.913593496826376694e-01
6.376281516219051149e-01 3.897012596144133312e+01 3.517284556013238443e+02 5.118049924340666301e-01
6.703200460357783275e-01 3.491807989565391068e+01 3.249882867660633678e+02 5.328037035863617543e-01
7.046880897188601001e-01 3.125978318094600183e+01 3.001486835225736627e+02 5.541751077096076505e-01
7.408182206818726412e-01 2.797597511877848220e+01 2.771641207252566801e+02 5.762228263021836883e-01
7.788007830715680813e-01 2.501049399786729310e+01 2.558034861539136955e+02 5.985103532024979023e-01
8.187307530781540166e-01 2.235480039636871297e+01 2.360650280250580693e+02 6.215332490297229562e-01
8.607079764252394405e-01 1.996150273261828900e+01 2.177427993504900599e+02 6.448088278794424921e-01
9.048374180361511421e-01 1.781937135383428483e+01 2.008141475099515390e+02 6.687661654688824564e-01
9.512294245009160765e-01 1.589567677946751978e+01 1.851350122642515998e+02 6.931147003856044098e-01
1.000000000000213163e+00 1.417303196751749894e+01 1.706402040553259383e+02 7.180141873752412529e-01
1.051271096376248826e+00 1.263027514728864986e+01 1.572379290450581379e+02 7.434080214800555808e-01
1.105170918075884856e+00 1.124841421698990551e+01 1.448429930551949951e+02 7.692188250423095397e-01
1.161834242728533306e+00 1.001431680234489541e+01 1.334023358981897900e+02 7.956537279626465509e-01
1.221402758160433644e+00 8.909105349219359482e+00 1.228204683851821812e+02 8.223961007844953208e-01
1.284025416688019838e+00 7.924596704875047415e+00 1.130689131688457536e+02 8.499009015005927203e-01
1.349858807576296504e+00 7.042642107276992469e+00 1.040455171897158948e+02 8.775480624088031201e-01
1.419067548593566874e+00 6.257846107075477171e+00 9.573460155991179477e+01 9.059502386230063875e-01
1.491824697641596753e+00 5.556776706377632991e+00 8.805801641351003184e+01 9.346447754627541515e-01
1.568312185490513100e+00 4.932766374368510398e+00 8.098482162967079034e+01 9.639585426222848641e-01
1.648721270700491237e+00 4.376627646592282872e+00 7.446103818467123858e+01 9.936915144501652364e-01
1.733253017867778301e+00 3.881502468779895576e+00 6.844790367211142268e+01 1.023896411282113394e+00
1.822118800390913007e+00 3.441193956402304188e+00 6.290942634582013682e+01 1.054652721978319940e+00
1.915540829014322100e+00 3.049203356754401906e+00 5.780365159872475544e+01 1.085752624591498350e+00
2.013752707470925607e+00 2.701350968473610337e+00 5.310721381534100516e+01 1.117557001555938845e+00
2.117000016613148627e+00 2.391579105653828030e+00 4.877601518121966251e+01 1.149522810848874865e+00
2.225540928492967474e+00 2.117061012198171888e+00 4.479520825305674947e+01 1.182252904862124643e+00
2.339646851926517890e+00 1.872919327540215617e+00 4.112683979632104325e+01 1.215179009694232093e+00
2.459603111157505406e+00 1.656620185944371215e+00 3.775532465719405195e+01 1.248786827471886740e+00
2.585709659316432152e+00 1.464601386451174214e+00 3.465192661575949984e+01 1.282711455465395556e+00
2.718281828459663263e+00 1.294461223240269243e+00 3.179897483932187185e+01 1.317172788210999146e+00
2.857651118063815776e+00 1.143701004233552254e+00 2.917600189813155964e+01 1.352104877332044763e+00
3.004166023947120401e+00 1.010098021190083628e+00 2.676407377845916713e+01 1.387412393144845657e+00
3.158192909690492378e+00 8.919084191523649618e-01 2.454887083646246637e+01 1.423332889801185219e+00
3.320116922737311960e+00 7.871644899644174576e-01 2.251153281295705000e+01 1.459472405312216781e+00
3.490342957462647444e+00 6.946474097745558574e-01 2.064217526953714099e+01 1.496369979576658515e+00
3.669296667620093988e+00 6.126641332885074398e-01 1.892280047389180098e+01 1.533349637613111272e+00
3.857425530697870641e+00 5.402996250407151591e-01 1.734572456181681943e+01 1.571077383635752334e+00
4.055199966845619564e+00 4.762708607351789358e-01 1.589655618165109985e+01 1.609018710043186084e+00
4.263114515169814212e+00 4.197473670920451871e-01 1.456702833085672211e+01 1.647552399144293078e+00
4.481689070339116121e+00 3.698102405051779673e-01 1.334649942268051248e+01 1.686453459683817879e+00
4.711470182591849465e+00 3.257231966328547612e-01 1.222652894900216047e+01 1.725791350778085320e+00
4.953032424396282885e+00 2.868279804043676329e-01 1.119929087952258406e+01 1.765652717102218494e+00
5.206979827181080545e+00 2.524856322911417927e-01 1.025649642399086936e+01 1.805779065748786660e+00
5.473947391728498424e+00 2.222264197435192823e-01 9.392462586114273648e+00 1.846578633626052346e+00
5.754602676007100293e+00 1.955085267643759395e-01 8.599345764421682858e+00 1.887478407606977271e+00
6.049647464414390718e+00 1.719883323942897613e-01 7.872868248321601037e+00 1.929120902767817780e+00
6.359819522603354258e+00 1.512353263538781245e-01 7.206278556901717813e+00 1.970869557528455385e+00
6.685894442280875261e+00 1.329699879716641220e-01 6.595719340564611954e+00 2.013271915303656900e+00
7.028687580590986528e+00 1.168738742093418104e-01 6.035941247681601673e+00 2.055939916942383761e+00
7.389056098932435646e+00 1.027262067257755096e-01 5.523671469978799209e+00 2.099512197009674175e+00
7.767901106308653603e+00 9.029112468168117023e-02 5.054877981122988473e+00 2.144007920206130624e+00
8.166169912569634093e+00 7.936131836392716632e-02 4.625870952484452125e+00 2.189446657396779905e+00
8.584858397179985445e+00 6.975457305094871774e-02 4.233273710849402960e+00 2.235848394219126956e+00
9.025013499436326470e+00 6.131073124576214006e-02 3.873996160948649514e+00 2.283233539873481988e+00
9.487735836360851494e+00 5.388902263288942313e-02 3.545210463613902352e+00 2.331622936099810417e+00
9.974182454817173138e+00 4.736571724593035410e-02 3.244328778126509327e+00 2.381037866344504206e+00
1.048556972473016025e+01 4.163206272091936333e-02 2.968982893571407988e+00 2.431500065121971144e+00
1.102317638064432792e+01 3.659247124664704448e-02 2.717005588875554878e+00 2.483031727573789205e+00
1.158834671922626214e+01 3.216292598598282509e-02 2.486413574818919781e+00 2.535655519231479804e+00
1.218249396070650370e+01 2.826958040103814268e-02 2.275391883754726674e+00 2.589394585985096864e+00
1.280710378266622662e+01 2.484752713105421382e-02 2.082279584173382325e+00 2.644272564264335657e+00
1.346373803500505772e+01 2.183971589849924635e-02 1.905556707669347594e+00 2.700313591433880056e+00
1.415403864537935341e+01 1.919600240343618397e-02 1.743832285415758188e+00 2.757542316410634964e+00
1.487973172487657614e+01 1.687231234990827639e-02 1.595833399981952061e+00 2.815983910504904042e+00
1.564263188419211659e+01 1.482990666754167505e-02 1.460395166322297600e+00 2.875664078491536824e+00
1.644464677110120832e+01 1.303473567860931499e-02 1.336451563077713178e+00 2.936609069916031434e+00
1.728778184057202338e+01 1.145687144364074955e-02 1.223027042023713040e+00 2.998845690640267403e+00
1.817414536944768244e+01 1.007000882200618889e-02 1.119228849623722155e+00 3.062401314632288596e+00
1.910595372823652127e+01 8.851026929482157593e-03 1.024240000251551930e+00 3.127303896006391692e+00
2.008553692319280515e+01 7.779603681698553028e-03 9.373128457758879151e-01 3.193581981318738716e+00
2.111534442254602695e+01 6.837876997380274401e-03 8.577631908934760796e-01 3.261264722123176529e+00
2.219795128144734164e+01 6.010147013182431247e-03 7.849649078933976787e-01 3.330381887792828177e+00
2.333606458094873304e+01 5.282614345637048209e-03 7.183450084658445922e-01 3.400963878613548985e+00
2.453253019711569394e+01 4.643150036683607075e-03 6.573791337661775147e-01 3.473041739156331520e+00
2.579033991719975205e+01 4.081093347456129020e-03 6.015874272365372422e-01 3.546647171930469078e+00
2.711263892066493852e+01 3.587074029282663092e-03 5.505307577009319608e-01 3.621812551327977747e+00
2.850273364377471097e+01 3.152856108908546999e-03 5.038072630058143542e-01 3.698570937862928787e+00
2.996410004740484823e+01 2.771200583632971517e-03 4.610491870016565352e-01 3.776956092713776414e+00
3.150039230875619012e+01 2.435744737296554208e-03 4.219199849693893722e-01 3.857002492570709595e+00
3.311545195870102276e+01 2.140896065159616189e-03 3.861116747092976920e-01 3.938745344801664050e+00
3.481331748761120082e+01 1.881739039248980913e-03 3.533424124425837975e-01 4.022220602937093936e+00
3.659823444368765877e+01 1.653953159827815586e-03 3.233542744459743101e-01 4.107464982483229221e+00
3.847466604904231957e+01 1.453740926795060425e-03 2.959112269588344279e-01 4.194515977071298529e+00
4.044730436007814234e+01 1.277764530199254536e-03 2.707972683840703110e-01 4.283411874949132780e+00
4.252108200007410943e+01 1.123090204411353278e-03 2.478147291602346425e-01 4.374191775821292261e+00
4.470118449331276622e+01 9.871393182654469248e-04 2.267827159233312684e-01 4.466895608045800437e+00
4.699306323159186860e+01 8.676453857740747989e-04 2.075356877125247856e-01 4.561564146197618186e+00
4.940244910554343960e+01 7.626162807271057642e-04 1.899221530130758562e-01 4.658239029002048781e+00
5.193536683484541783e+01 6.703010252409911463e-04 1.738034773811255873e-01 4.756962777647942175e+00
5.459815003315897997e+01 5.891605985789058735e-04 1.590527922653354742e-01 4.857778814493276975e+00
5.739745704546173499e+01 5.178422795832949036e-04 1.455539964365855088e-01 4.960731482159065564e+00
6.034028759737834946e+01 4.551570949768966065e-04 1.332008421664087061e-01 5.065866063037527844e+00
6.343400029814058882e+01 4.000599975624349186e-04 1.218960989612608153e-01 5.173228799206718520e+00
6.668633104094334385e+01 3.516324438659172171e-04 1.115507882706148618e-01 5.282866912768700018e+00
7.010541234670704114e+01 3.090670807691408336e-04 1.020834831453538427e-01 5.394828626622712342e+00
7.369979369961600923e+01 2.716542858359870119e-04 9.341966733401284306e-02 5.509163185671594576e+00
7.747846292528217305e+01 2.387703369424145543e-04 8.549114877252876610e-02 5.625920878483572807e+00
8.145086866499057976e+01 2.098670139812237867e-04 7.823552285104369564e-02 5.745153059411952867e+00
8.562694400222423496e+01 1.844624592878561027e-04 7.159568123317207322e-02 5.866912171178944035e+00
9.001713130054676526e+01 1.621331444186365964e-04 6.551936236179636830e-02 5.991251767947257889e+00
9.463240831495036787e+01 1.425068093560143178e-04 5.995874011332887055e-02 6.118226538871174292e+00
9.948431564196151555e+01 1.252562564283175124e-04 5.487004736288223633e-02 6.247892332151248951e+00
1.045849855771433994e+02 1.100938954800498575e-04 5.021323149743191216e-02 6.380306179600310656e+00
1.099471724521542768e+02 9.676694935322499472e-05 4.595163916553229866e-02 6.515526321727468151e+00
1.155842845272200918e+02 8.505323974865925307e-05 4.205172778229090275e-02 6.653612233351766214e+00
1.215104175187690743e+02 7.475748321192522824e-05 3.848280151891317336e-02 6.794624649765967028e+00
1.277403898460648861e+02 6.570803549278136381e-05 3.521676969876327140e-02 6.938625593446681172e+00
1.342897796849734675e+02 5.775403000234524963e-05 3.222792569834876525e-02 7.085678401337416332e+00
1.411749639215168770e+02 5.076286266202353404e-05 2.949274461293660901e-02 7.235847752700887980e+00
1.484131591026187778e+02 4.461798121341673418e-05 2.698969809429953987e-02 7.389199697574452053e+00
1.560224644864394463e+02 3.921694213375567279e-05 2.469908490313346347e-02 7.545801685813771087e+00
1.640219072999485945e+02 3.446970276324860040e-05 2.260287584250938661e-02 7.705722596769619237e+00
1.724314903169036768e+02 3.029712017153954687e-05 2.068457185177253674e-02 7.869032769572758212e+00
1.812722418752032070e+02 2.662963173756111634e-05 1.892907414402678415e-02 8.035804034076539537e+00
1.905662684586848457e+02 2.340609544614174930e-05 1.732256536503554850e-02 8.206109742455836908e+00
2.003368099748494728e+02 2.057277056750143445e-05 1.585240083813707970e-02 8.380024801459391881e+00
2.106082978667353416e+02 1.808242172629104911e-05 1.450700903921368391e-02 8.557625705361596502e+00
2.214064162042512862e+02 1.589353142371761448e-05 1.327580051833859853e-02 8.738990569613660497e+00
2.327581659077297047e+02 1.396960788440007850e-05 1.214908455121858737e-02 8.924199165188008820e+00
2.446919322642916654e+02 1.227857668892237461e-05 1.111799286444370254e-02 9.113332953679107007e+00
2.572375559058498879e+02 1.079224604966355656e-05 1.017440983414916525e-02 9.306475123123677307e+00
2.704264074262317763e+02 9.485836815397791360e-06 9.310908608719007176e-03 9.503710624590373968e+00
2.842914658240042627e+02 8.337569369182567543e-06 8.520692652751531496e-03 9.705126209549959526e+00
2.988674009671481713e+02 7.328300532547578445e-06 7.797542252178399878e-03 9.910810468028497411e+00
3.141906602857868620e+02 6.441204422698105497e-06 7.135765559490008653e-03 1.012085386756931982e+01
3.302995599097462787e+02 5.661491942192864021e-06 6.530153793751930849e-03 1.033534879303058673e+01
3.472343804788374655e+02 4.976164224592082517e-06 5.975940242787406396e-03 1.055438958721501130e+01
3.650374678654371792e+02 4.373795925694082399e-06 5.468762744843352203e-03 1.077807259236791104e+01
3.837533390612260860e+02 3.844344747521688849e-06 5.004629354431923936e-03 1.100649619254690492e+01
4.034287934928555046e+02 3.378984019574252247e-06 4.579886922112316218e-03 1.123976085690368443e+01
4.241130300448911044e+02 2.969955546234162936e-06 4.191192340899406628e-03 1.147796918386535303e+01
4.458577700826506316e+02 2.610440267106210398e-06 3.835486232989807932e-03 1.172122594626313763e+01
4.687173867825576963e+02 2.294444574017302043e-06 3.509968869693404995e-03 1.196963813742230087e+01
4.927490410934046849e+02 2.016700389423245140e-06 3.212078135036194187e-03 1.222331501821783561e+01
5.180128246684984106e+02 1.772577340396374726e-06 2.939469359589238270e-03 1.248236816511769121e+01
5.445719101260938260e+02 1.558005564022150562e-06 2.689996865803856180e-03 1.274691151928431054e+01
5.724927090138447738e+02 1.369407857251364849e-06 2.461697079586691941e-03 1.301706143667229654e+01
6.018450378722650385e+02 1.203640040065017385e-06 2.252773075196022601e-03 1.329293673920139085e+01
6.327022928124463306e+02 1.057938537723716169e-06 2.061580431813527566e-03 1.357465876704059227e+01
6.651416330445650829e+02 9.298743082198130548e-07 1.886614290463709291e-03 1.386235143195935926e+01
6.992441738160994191e+02 8.173123468473958920e-07 1.726497509413607665e-03 1.415614127183241422e+01
7.350951892421985576e+02 7.183760927731081099e-07 1.579969824822224271e-03 1.445615750629593421e+01
7.727843255353874383e+02 6.314161442178413235e-07 1.445877931325115912e-03 1.476253209359288121e+01
8.124058251677936369e+02 5.549827606873550773e-07 1.323166404477668342e-03 1.507539978860183894e+01
8.540587625264155349e+02 4.878016938283901897e-07 1.210869393610233867e-03 1.539489820210020632e+01
8.978472916506958654e+02 4.287529439782367159e-07 1.108103019711187149e-03 1.572116786131580390e+01
9.438809066718714575e+02 3.768520882478081643e-07 1.014058418498962454e-03 1.605435227171606982e+01
9.922747156053346771e+02 3.312338688545038681e-07 9.279953739286804807e-04 1.639459798011892744e+01
1.043149728180628472e+03 2.911377681001489421e-07 8.492364920236699201e-04 1.674205463918409720e+01
1.096633158428801380e+03 2.558953295068319629e-07 7.771618691712750548e-04 1.709687507320172273e+01
1.152858742783748994e+03 2.249190137394919747e-07 7.112042129213184917e-04 1.745921534532019237e+01
1.211967074492957408e+03 1.976924035270255149e-07 6.508443768817468713e-04 1.782923482619679945e+01
1.274105955173854682e+03 1.737615942846128648e-07 5.956072745669698052e-04 1.820709626408908477e+01
1.339430764394840480e+03 1.527276269075221204e-07 5.450581400375660275e-04 1.859296585643101452e+01
1.408104848205140797e+03 1.342398365809016310e-07 4.987991058994469462e-04 1.898701332294550070e+01
1.480299927585014302e+03 1.179900067207920650e-07 4.564660717276036099e-04 1.938941198028694757e+01
1.556196527837648091e+03 1.037072305848714233e-07 4.177258382664814323e-04 1.980033881826610909e+01
1.635984429996447261e+03 9.115339488906382942e-08 3.822734848507306133e-04 2.021997457770930495e+01
1.719863145376471039e+03 8.011921013551485411e-08 3.498299694037566095e-04 2.064850382994672984e+01
1.808042414456641382e+03 7.042072147232413942e-08 3.201399321243204843e-04 2.108611505799808938e+01
1.900742731340188357e+03 6.189624191619228865e-08 2.929696855739371045e-04 2.153300073946465076e+01
1.998195895104759757e+03 5.440365681077331786e-08 2.681053753455401125e-04 2.198935743120026487e+01
2.100645589420852957e+03 4.781805458225696194e-08 2.453512968359334266e-04 2.245538585576680291e+01
2.208347991887921125e+03 4.202964429366533565e-08 2.245283548734796849e-04 2.293129098969722790e+01
2.321572414611807289e+03 3.694192528083116649e-08 2.054726540773417953e-04 2.341728215368198107e+01
2.440601977625289692e+03 3.247007835514526846e-08 1.880342088524734922e-04 2.391357310460200480e+01
2.565734316835632853e+03 2.853955175250021760e-08 1.720757628675345457e-04 2.442038212958163612e+01
2.697282328269386653e+03 2.508481825405164488e-08 1.574717087233591173e-04 2.493793214197771135e+01
2.835574950475434889e+03 2.204828275845411667e-08 1.441070993091621657e-04 2.546645077942512003e+01
2.980957987042702825e+03 1.937932209328800782e-08 1.318767430649119379e-04 2.600617050398307128e+01
3.133794971289250043e+03 1.703344105796547818e-08 1.206843760285517735e-04 2.655732870435186044e+01
3.294468075284922634e+03 1.497153062828457011e-08 1.104419041515801659e-04 2.712016780027845186e+01
3.463379065480592999e+03 1.315921595589428135e-08 1.010687099193677193e-04 2.769493534924194478e+01
3.640950307333554974e+03 1.156628329281682985e-08 9.249101781823983669e-05 2.828188415525369237e+01
3.827625821441170956e+03 1.016617628725607312e-08 8.464131365561884375e-05 2.888127238011719555e+01
4.023872393823642142e+03 8.935553253113979757e-09 7.745781316222071888e-05 2.949336365694604467e+01
4.230180743132199495e+03 7.853898032374647409e-09 7.088397569401251434e-05 3.011842720613325497e+01
4.447066747701334862e+03 6.903177962865783931e-09 6.486805920618067837e-05 3.075673795372927444e+01
4.675072735513344924e+03 6.067543249297616250e-09 5.936271299653517674e-05 3.140857665243386521e+01
4.914768840300775992e+03 5.333062725623572821e-09 5.432460501259522265e-05 3.207423000502001997e+01
5.166754427177720572e+03 4.687491603578001591e-09 4.971408078917150073e-05 3.275399079044131412e+01
5.431659591364801599e+03 4.120067335425007921e-09 4.549485133190113564e-05 3.344815799264419098e+01
5.710146733755425885e+03 3.621330187659203526e-09 4.163370749002397598e-05 3.415703693204248026e+01
6.002912217263044113e+03 3.182965534397519159e-09 3.810025857035022139e-05 3.488093939982455538e+01
6.310688108091153481e+03 2.797665241265027794e-09 3.486669313500477009e-05 3.562018379505058618e+01
6.634244006280128815e+03 2.459005828872661604e-09 3.190756010030805718e-05 3.637509526477531807e+01
6.974388970108182548e+03 2.161341384681507516e-09 2.919956841369514004e-05 3.714600584698910524e+01
7.331973539158482708e+03 1.899709437971331933e-09 2.672140373208085868e-05 3.793325461666686493e+01
7.707891861111141225e+03 1.669748228713603787e-09 2.445356065872432262e-05 3.873718783494757645e+01
8.103083927578147268e+03 1.467623991103703922e-09 2.237818921810856671e-05 3.955815910140878344e+01
8.518537924572025076e+03 1.289967039474923832e-09 2.047895436048458032e-05 4.039652950955562005e+01
8.955292703485578386e+03 1.133815591063400151e-09 1.874090739028549872e-05 4.125266780573333847e+01
9.414440378761499232e+03 9.965663890619410476e-10 1.715036830635071924e-05 4.212695055122591015e+01
9.897129058747319505e+03 8.759313027938841972e-10 1.569481812796214839e-05 4.301976228793595425e+01
1.040456571656430970e+04 7.698991814646993254e-10 1.436280035913673068e-05 4.393149570747284827e+01
1.093801920816896018e+04 6.767023255471301032e-10 1.314383081565704083e-05 4.486255182394088337e+01
1.149882344515380282e+04 5.947870168268059562e-10 1.202831510504819506e-05 4.581334015024123829e+01
1.208838073022117533e+04 5.227876158096810232e-10 1.100747311004412040e-05 4.678427887825078813e+01
1.270816526367042752e+04 4.595037946558842991e-10 1.007326988112346107e-05 4.777579506274914678e+01
1.335972682966652428e+04 4.038805260836017603e-10 9.218352394190302480e-06 4.878832480924357640e+01
1.404469467150771925e+04 3.549904946307610130e-10 8.435991675625219342e-06 4.982231346577248132e+01
1.476478156558243427e+04 3.120186370463377084e-10 7.720029839178303951e-06 5.087821581877359733e+01
1.552178810420236550e+04 2.742485540790031820e-10 7.064831617842143366e-06 5.195649629318466367e+01
1.631760719802116000e+04 2.410505671275655532e-10 6.465240009197056420e-06 5.305762915661050982e+01
1.715422880929701932e+04 2.118712206438685427e-10 5.916535685148309305e-06 5.418209872805309146e+01
1.803374492783486858e+04 1.862240552761987852e-10 5.414399846538849182e-06 5.533039959081420278e+01
1.895835480205053682e+04 1.636814979312586505e-10 4.954880230299002051e-06 5.650303681009084045e+01
1.993037043823734348e+04 1.438677335497646754e-10 4.534360001562790935e-06 5.770052615513657202e+01
2.095222238178608313e+04 1.264524397585192250e-10 4.149529285903066792e-06 5.892339432601078641e+01
2.202646579481454319e+04 1.111452799480381307e-10 3.797359117633089879e-06 6.017217918538346311e+01
2.315578684540369068e+04 9.769106296662918227e-11 3.475077599105608212e-06 6.144742999507150927e+01
2.434300942441707230e+04 8.586548873698851195e-11 3.180148083368883576e-06 6.274970765751368162e+01
2.559110220669883711e+04 7.547140886941156654e-11 2.910249208465930685e-06 6.407958496261350945e+01
2.690318607430719567e+04 6.633553993014496995e-11 2.663256626214831673e-06 6.543764683960469597e+01
2.828254192034512744e+04 5.830557457114490430e-11 2.437226281668465355e-06 6.682449061435272597e+01
2.973261885290210193e+04 5.124764235959312544e-11 2.230379111643168206e-06 6.824072627202210128e+01
3.125704281962085952e+04 4.504407797596609495e-11 2.041087041884399522e-06 6.968697672544283250e+01
3.285962567445517197e+04 3.959145957328182547e-11 1.867860172650266651e-06 7.116387808911166246e+01
3.454437470929026313e+04 3.479888459430364119e-11 1.709335051851398210e-06 7.267207995883440219e+01
3.631550267425979837e+04 3.058645430250500627e-11 1.564263943452526044e-06 7.421224569759991141e+01
3.817743831181556016e+04 2.688394176152332149e-11 1.431505006660550095e-06 7.578505272727426245e+01
4.013483743089039490e+04 2.362962105672860642e-11 1.310013308605451684e-06 7.739119282658725751e+01
4.219259454884566367e+04 2.076923824033383662e-11 1.198832599773055048e-06 7.903137243531618594e+01
4.435585513031406299e+04 1.825510684442870386e-11 1.097087787458351026e-06 8.070631296519775333e+01
4.663002845354139572e+04 1.604531288269701421e-11 1.003978047992664729e-06 8.241675111698170042e+01
4.902080113639969204e+04 1.410301608737031034e-11 9.187705235388258271e-07 8.416343920465807571e+01
5.153415135589398415e+04 1.239583573188596010e-11 8.407945538366746862e-07 8.594714548626083683e+01
5.417636379671867326e+04 1.089531080018444674e-11 7.694363975005548542e-07 8.776865450179464290e+01
5.695404536624281900e+04 9.576425502901972991e-12 7.041344013196769272e-07 8.962876741830652350e+01
5.987414171521994285e+04 8.417192230172892378e-12 6.443745795395159742e-07 9.152830238226655979e+01
6.294395460553275188e+04 7.398284988298924708e-12 5.896865683291885812e-07 9.346809487941833083e+01
6.617116016840114025e+04 6.502717209176172203e-12 5.396399235928120674e-07 9.544899810225831516e+01
6.956382809870861820e+04 5.715558561125195440e-12 4.938407329852717835e-07 9.747188332530188859e+01
7.313044183344273188e+04 5.023686039976246456e-12 4.519285154658985718e-07 9.953764028830154587e+01
7.687991976470644295e+04 4.415565190760566225e-12 4.135733839867869844e-07 1.016471775876079704e+02
8.082163754034375597e+04 3.881057812669290079e-12 3.784734489832164040e-07 1.038014230756906784e+02
8.496545150794286747e+04 3.411252941482152592e-12 3.463524422303254558e-07 1.060013242694994631e+02
8.932172336083906703e+04 2.998318291673324011e-12 3.169575423617549385e-07 1.082478487668877847e+02
9.390134604774527543e+04 2.635369681580062357e-12 2.900573849373814299e-07 1.105419846724560244e+02
9.871577101079767453e+04 2.316356264736451514e-12 2.654402413957638103e-07 1.128847410320386757e+02
1.037770368201258680e+05 2.035959654042480869e-12 2.429123525589675815e-07 1.152771482765460433e+02
1.090977992765488161e+05 1.789505257025045821e-12 2.222964035726417329e-07 1.177202586751851072e+02
1.146913630576689611e+05 1.572884344030417400e-12 2.034301282778143165e-07 1.202151467983109967e+02
1.205717149864963576e+05 1.382485550116949076e-12 1.861650320294089939e-07 1.227629099899563272e+02
1.267535590057915979e+05 1.215134668697040612e-12 1.703652229092682846e-07 1.253646688506465381e+02
1.332523529455816897e+05 1.068041733198987117e-12 1.559063421337881821e-07 1.280215677301729897e+02
1.400843471757866791e+05 9.387545045339340393e-13 1.426745852378740646e-07 1.307347752309461271e+02
1.472666252406089625e+05 8.251175889384129053e-13 1.305658063309011140e-07 1.335054847219904843e+02
1.548171465762921434e+05 7.252365046317941510e-13 1.194846983743885666e-07 1.363349148638354507e+02
1.627547914190663723e+05 6.374460982311219657e-13 1.093440430294450226e-07 1.392243101445554601e+02
1.710994080155731353e+05 5.602827843811953763e-13 1.000640241695295511e-07 1.421749414270151135e+02
1.798718622538203781e+05 4.924601457990675251e-13 9.157159965544594865e-08 1.451881065080322344e+02
1.890940898387710622e+05 4.328474869494478219e-13 8.379992642761103639e-08 1.482651306890736578e+02
1.987891511430313694e+05 3.804509838140215195e-13 7.668783439075134488e-08 1.514073673591991280e+02
2.089812888697938761e+05 3.343971154946983739e-13 7.017934494993675632e-08 1.546161985902983531e+02
2.196959886722229712e+05 2.939181014338314482e-13 6.422323040847104358e-08 1.578930357451866087e+02
2.309600428808625729e+05 2.583391014680529520e-13 5.877261075948344416e-08 1.612393200978494292e+02
2.428016174984180834e+05 2.270669653272820022e-13 5.378458469803988618e-08 1.646565234680750791e+02
2.552503226294341730e+05 1.995803440127591069e-13 4.921989194896965835e-08 1.681461488682770380e+02
2.683372865209793090e+05 1.754209982012971165e-13 4.504260425304607157e-08 1.717097311647922595e+02
2.820952333994774381e+05 1.541861587730914317e-13 4.121984257909355990e-08 1.753488377529401419e+02
2.965585652983192704e+05 1.355218121032512539e-13 3.772151833628385624e-08 1.790650692464168401e+02
3.117634480808650260e+05 1.191167981737050607e-13 3.452009654972465233e-08 1.828600601813445792e+02
3.277479018739408348e+05 1.046976231128152285e-13 3.159037913529465892e-08 1.867354797350361935e+02
3.445518961379595567e+05 9.202389968111839055e-14 2.890930656796266237e-08 1.906930324604117288e+02
3.622174496113909991e+05 8.088433968931231332e-14 2.645577638245884464e-08 1.947344590355592118e+02
3.807887353794944938e+05 7.109323153709402442e-14 2.421047707779703103e-08 1.988615370293850333e+02
4.003121913300411543e+05 6.248734414844427861e-14 2.215573611829838684e-08 2.030760816834123546e+02
4.208366362722213962e+05 5.492320568787994865e-14 2.027538083476913103e-08 2.073799467104232122e+02
4.424133920090965694e+05 4.827471168989120775e-14 1.855461113094788380e-08 2.117750251093749512e+02
4.650964116688389913e+05 4.243102272626185881e-14 1.697988299338280617e-08 2.162632499982797469e+02
4.889424146156553179e+05 3.729471656220279717e-14 1.553880188780014717e-08 2.208465954645172644e+02
5.140110282777408138e+05 3.278016399529725525e-14 1.422002520290617405e-08 2.255270774329724190e+02
5.403649372469085502e+05 2.881210130035831590e-14 1.301317297378136833e-08 2.303067545527032962e+02
5.680700400227193022e+05 2.532437548090296564e-14 1.190874618217859831e-08 2.351877291026711418e+02
5.971956137930564582e+05 2.225884140875340409e-14 1.089805199064587874e-08 2.401721479158814248e+02
6.278144876631795196e+05 1.956439246581449054e-14 9.973135322050601409e-09 2.452622033241652559e+02
6.600032247664229944e+05 1.719610852728312868e-14 9.126716245923312459e-09 2.504601341222415272e+02
6.938423137119094608e+05 1.511450708212187893e-14 8.352132678818871007e-09 2.557682265521831084e+02
7.294163698479967425e+05 1.328488500599785512e-14 7.643287947707287933e-09 2.611888153096244309e+02
7.668143468447235646e+05 1.167674001299483676e-14 6.994602803629757742e-09 2.667242845697863913e+02
8.061297591243179049e+05 1.026326214111594616e-14 6.400971507979360283e-09 2.723770690370591296e+02
8.474609156959623797e+05 9.020886793744809813e-15 5.857721645708337196e-09 2.781496550149133213e+02
8.909111659795242595e+05 7.928901885839457235e-15 5.360577349208008575e-09 2.840445815003161556e+02
9.365891582329371013e+05 6.969102545319462553e-15 4.905625643360557890e-09 2.900644413002680722e+02
9.846091112294379855e+05 6.125487613089548199e-15 4.489285646878269764e-09 2.962118821711401893e+02
1.035091099863994634e+06 5.383992882036437743e-15 4.108280387551027245e-09 3.024896079857706468e+02
1.088161355403086869e+06 4.732256627508803216e-15 3.759611009483783213e-09 3.089003799191019084e+02
1.143952581128624268e+06 4.159413520651081253e-15 3.440533169418625377e-09 3.154470176667500141e+02
1.202604284165272489e+06 3.655913488541939753e-15 3.148535436246374240e-09 3.221324006813191545e+02
1.264263124320930336e+06 3.213362501553557975e-15 2.881319523793105009e-09 3.289594694422822840e+02
1.329083280812643003e+06 2.824382633438280108e-15 2.636782201215691988e-09 3.359312267467397533e+02
1.397226837794951163e+06 2.482489061289326102e-15 2.412998738679816033e-09 3.430507390312916982e+02
1.468864189654704416e+06 2.181981954733160750e-15 2.208207757996547998e-09 3.503211377211259787e+02
1.544174467085782439e+06 1.917851452004469063e-15 2.020797368979503515e-09 3.577456206062071260e+02
1.623345985009134281e+06 1.685694138752459302e-15 1.849292482415867022e-09 3.653274532490754609e+02
1.706576713458170416e+06 1.481639637133117377e-15 1.692343199776676493e-09 3.730699704198698328e+02
1.794074772606963990e+06 1.302286081357911460e-15 1.548714188298041740e-09 3.809765775642123344e+02
1.886058953179090517e+06 1.144643403966733594e-15 1.417274957794177702e-09 3.890507523007590862e+02
1.982759263538399944e+06 1.006083487336815577e-15 1.296990962675006170e-09 3.972960459493542658e+02
2.084417504829733167e+06 8.842963494005391339e-16 1.186915459142742183e-09 4.057160850962292216e+02
2.191287875607731752e+06 7.772516330949568832e-16 1.086182053455362443e-09 4.143145731851693654e+02
2.303637607465630397e+06 6.831647575592868147e-16 9.939978826298383092e-10 4.230952921496719910e+02
2.421747633253435604e+06 6.004671667437227876e-16 9.096373738913509850e-10 4.320621040751369151e+02
2.545913289556382690e+06 5.277801794473443988e-16 8.324365337582165538e-10 4.412189528961755514e+02
2.676445055190230254e+06 4.638920048341892911e-16 7.617877218165341096e-10 4.505698661348233713e+02
2.813669327560023405e+06 4.077375402276946859e-16 6.971348680361797876e-10 4.601189566674138405e+02
2.957929238823618274e+06 3.583806144073982763e-16 6.379690960012596571e-10 4.698704245384349747e+02
3.109585513900805730e+06 3.149983803579273801e-16 5.838247175885975893e-10 4.798285588029190194e+02
