# [1] k:    [h/Mpc] 
# [2] P:    [Mpc^3/h^3] 
# [3] T:    [Mpc^3/h^3] 
# [4] Delta_k 
3.059023205018257859e-07 1.979072384876534585e-01 3.949809060980226059e+04 2.869989132156090329e-22
3.215862678579245412e-07 2.075042029527821852e-01 3.947840899972231273e+04 3.496146665501465280e-22
3.380743483904743061e-07 2.175665456813245524e-01 3.945873719685390097e+04 4.258915606945131929e-22
3.554077908890640533e-07 2.281168339056489081e-01 3.943907519630118622e+04 5.188101038798716126e-22
3.736299379885273404e-07 2.391787291937695625e-01 3.941942299317973811e+04 6.320010742849940503e-22
3.927863545481053003e-07 2.507770405159218674e-01 3.939978058259861427e+04 7.698873921501210675e-22
4.129249415873286729e-07 2.629377798851150749e-01 3.938014795969618717e+04 9.378569447252107398e-22
4.340960560635169786e-07 2.756882206946831837e-01 3.936052511958635296e+04 1.142473117156590180e-21
4.563526367904018199e-07 2.890569588857640482e-01 3.934091205738548888e+04 1.391731255780533005e-21
4.797503368127355169e-07 3.030739770810079725e-01 3.932130876823921426e+04 1.695371085087739463e-21
5.043476625678916271e-07 3.177707118270780007e-01 3.930171524726874486e+04 2.065257285997775178e-21
5.302061201824328858e-07 3.331801240990469593e-01 3.928213148959774117e+04 2.515843106492633577e-21
5.573903692694645323e-07 3.493367732238155665e-01 3.926255749037909118e+04 3.064735120124034672e-21
5.859683846113473662e-07 3.662768943868601190e-01 3.924299324474127934e+04 3.733381200235501236e-21
6.160116261320592563e-07 3.840384798989635029e-01 3.922343874782418425e+04 4.547908592409668108e-21
6.475952175842278093e-07 4.026613644028182448e-01 3.920389399476116523e+04 5.540144832678677056e-21
6.807981343976415384e-07 4.221873142125477374e-01 3.918435898071476549e+04 6.748861403744196315e-21
7.157034011589609116e-07 4.426601209836767969e-01 3.916483370082319016e+04 8.221288724851964906e-21
7.523982992164306405e-07 4.641256999271998751e-01 3.914531815023598028e+04 1.001496167336902020e-20
7.909745849287134463e-07 4.866321927853459739e-01 3.912581232410509256e+04 1.219996775151044397e-20
8.315287191035797356e-07 5.102300758010595017e-01 3.910631621758489928e+04 1.486168574500671043e-20
8.741621082001717898e-07 5.349722729231537466e-01 3.908682982583219564e+04 1.810412188638685974e-20
9.189813578979717484e-07 5.609142745007896780e-01 3.906735314399730123e+04 2.205397388295080697e-20
9.660985396665287929e-07 5.881142617349901514e-01 3.904788616725958855e+04 2.686558161077243228e-20
1.015631471002508262e-06 6.166332371625276032e-01 3.902842889077420841e+04 3.272695792222041130e-20
1.067704010034801725e-06 6.465351614695319382e-01 3.900898130969872727e+04 3.986713522006312300e-20
1.122446365234364056e-06 6.778870969396812995e-01 3.898954341921972082e+04 4.856511486441460216e-20
1.179995421003214005e-06 7.107593578558413228e-01 3.897011521449957218e+04 5.916076910905890247e-20
1.240495079956737545e-06 7.452256681976191510e-01 3.895069669070308737e+04 7.206812155896666279e-20
1.304096622755184042e-06 7.813633269862382269e-01 3.893128784302403801e+04 8.779152508085126695e-20
1.370959086384113674e-06 8.192533816442575390e-01 3.891188866663203225e+04 1.069453693158273168e-19
1.441249661829700436e-06 8.589808097653076624e-01 3.889249915670794144e+04 1.302780878628723050e-19
1.515144112143284134e-06 9.006347096965113819e-01 3.887311930843502341e+04 1.587014032097468347e-19
1.592827211940548929e-06 9.443085003626243701e-01 3.885374911699013319e+04 1.933259521527636555e-19
1.674493209434307728e-06 9.901001307822140385e-01 3.883438857757898950e+04 2.355046837638435711e-19
1.760346312156213177e-06 1.038112299739448519e+00 3.881503768538324221e+04 2.868857256726807775e-19
1.850601197581954108e-06 1.088452686112592938e+00 3.879569643559573888e+04 3.494767844077039114e-19
1.945483549936765273e-06 1.141234190368928259e+00 3.877636482340292423e+04 4.257235962281397179e-19
2.045230624523543909e-06 1.196575187773379678e+00 3.875704284402009944e+04 5.186054939033196845e-19
2.150091840984688092e-06 1.254599793870569968e+00 3.873773049263847497e+04 6.317518236940299515e-19
2.260329406981118614e-06 1.315438142845881453e+00 3.871842776446048811e+04 7.695837615155234720e-19
2.376218973848010330e-06 1.379226679381979626e+00 3.869913465468658251e+04 9.374870697248520096e-19
2.498050325866710336e-06 1.446108464670198046e+00 3.867985115853275784e+04 1.142022544980316646e-18
2.626128104876382668e-06 1.516233497257597262e+00 3.866057727119983610e+04 1.391182380388247676e-18
2.760772572037287162e-06 1.589759049457497575e+00 3.864131298790859728e+04 1.694702459255334492e-18
2.902320408650496801e-06 1.666850020067889071e+00 3.862205830386463640e+04 2.064442783270364963e-18
3.051125558036519890e-06 1.747679304199232453e+00 3.860281321428909723e+04 2.514850900298913198e-18
3.207560110577962700e-06 1.832428181032928149e+00 3.858357771440991928e+04 3.063526440155576216e-18
3.372015234139298021e-06 1.921286720380672719e+00 3.856435179943106778e+04 3.731908817501896394e-18
3.544902152190277809e-06 2.014454208967244142e+00 3.854513546458961355e+04 4.546114973776559851e-18
3.726653172078803499e-06 2.112139597374039113e+00 3.852592870510308421e+04 5.537959892767385767e-18
3.917722766024474580e-06 2.214561968664681135e+00 3.850673151620452700e+04 6.746199766351866390e-18
4.118588707535861475e-06 2.321951029730447313e+00 3.848754389312936837e+04 8.218046386896844437e-18
4.329753266093139866e-06 2.434547626461749825e+00 3.846836583110228094e+04 1.001101194097820711e-17
4.551744463083409039e-06 2.552604283906870108e+00 3.844919732536780066e+04 1.219515628948335863e-17
4.785117392129195949e-06 2.676385772615977210e+00 3.843003837115535134e+04 1.485582454618054787e-17
5.030455607111644826e-06 2.806169702458193971e+00 3.841088896371860028e+04 1.809698192530110729e-17
5.288372581359179674e-06 2.942247145221474014e+00 3.839174909828298405e+04 2.204527616669563411e-17
5.559513241650373021e-06 3.084923287419350846e+00 3.837261877010251919e+04 2.685498627737557516e-17
5.844555580866815540e-06 3.234518114741190775e+00 3.835349797442923591e+04 3.271405096061895884e-17
6.144212353328471540e-06 3.391367129695615823e+00 3.833438670650441782e+04 3.985141229267155966e-17
6.459232857050738118e-06 3.555822104061004740e+00 3.831528496158919006e+04 4.854596160018963663e-17
6.790404807379771878e-06 3.728251867812605980e+00 3.829619273492958746e+04 5.913743709705162793e-17
7.138556306691162195e-06 3.909043136318192779e+00 3.827711002178708441e+04 7.203969910432418550e-17
7.504557915077204533e-06 4.098601377639389476e+00 3.825803681742987101e+04 8.775690158041597868e-17
7.889324827200587103e-06 4.297351721885035225e+00 3.823897311710238864e+04 1.069031918614578357e-16
8.293819160757753291e-06 4.505739914680043867e+00 3.821991891608189326e+04 1.302267083768662024e-16
8.719052362274285227e-06 4.724233316846349062e+00 3.820087420962625765e+04 1.586388140463351472e-16
9.166087736248057605e-06 4.953321952580119536e+00 3.818183899300875055e+04 1.932497076498223248e-16
9.636043103964330830e-06 5.193519608446470315e+00 3.816281326150500536e+04 2.354118046787854869e-16
1.013009359863121538e-05 5.445364985666286017e+00 3.814379701037996711e+04 2.867725827690824290e-16
1.064947460382478790e-05 5.709422908291817755e+00 3.812479023491832049e+04 3.493389566435789890e-16
1.119548484259151579e-05 5.986285589951396702e+00 3.810579293038973265e+04 4.255556980043164518e-16
1.176948962493235138e-05 6.276573962042986565e+00 3.808680509208790318e+04 5.184009646218575790e-16
1.237292426178888029e-05 6.580939066306356722e+00 3.806782671527856292e+04 6.315026714035927157e-16
1.300729765406831334e-05 6.900063514961026101e+00 3.804885779526009719e+04 7.692802506277398155e-16
1.367419606568169201e-05 7.234663021611530631e+00 3.802989832731161732e+04 9.371173405971771876e-16
1.437528709002991615e-05 7.585488006420027851e+00 3.801094830672754324e+04 1.141572150502129034e-15
1.511232381985586521e-05 7.953325279100331713e+00 3.799200772880464501e+04 1.390633721463202280e-15
1.588714923088939049e-05 8.338999803522908039e+00 3.797307658882907708e+04 1.694034097117311633e-15
1.670170079024660794e-05 8.743376547906134277e+00 3.795415488210228796e+04 2.063628601769112703e-15
1.755801530110687162e-05 9.167362424713571656e+00 3.793524260393239092e+04 2.513859085415194018e-15
1.845823399578163895e-05 9.611908324609228060e+00 3.791633974960396154e+04 3.062318236868790928e-15
1.940460788991057802e-05 1.007801124908619883e+01 3.789744631443408434e+04 3.730437015451295170e-15
2.039950341117315543e-05 1.056671654645791314e+01 3.787856229372066446e+04 4.544322062515366691e-15
2.144540831659045798e-05 1.107912025632151831e+01 3.785968768277684285e+04 5.535775814557116290e-15
2.254493791321357228e-05 1.161637156768513002e+01 3.784082247691810335e+04 6.743539178664591875e-15
2.370084159775344190e-05 1.217967539629319873e+01 3.782196667144936509e+04 8.214805327663453870e-15
2.491600973150475266e-05 1.277029508695938986e+01 3.780312026169506862e+04 1.000706376629767369e-14
2.619348086775470484e-05 1.338955524690045884e+01 3.778428324296481151e+04 1.219034672501586041e-14
2.753644934974891994e-05 1.403884471651049459e+01 3.776545561058770545e+04 1.484996565891950765e-14
2.894827329821342076e-05 1.471961968414700372e+01 3.774663735987801192e+04 1.808984478009189721e-14
3.043248300840562692e-05 1.543340695200966550e+01 3.772782848616949195e+04 2.203658188066832620e-14
3.199278977769132648e-05 1.618180736034037892e+01 3.770902898478537099e+04 2.684439512260615328e-14
3.363309518572123809e-05 1.696649937770283145e+01 3.769023885105120280e+04 3.270114908930613871e-14
3.535750085041236633e-05 1.778924286536353350e+01 3.767145808030557964e+04 3.983569556613378721e-14
3.717031868412924126e-05 1.865188302419105071e+01 3.765268666788299015e+04 4.852681588968415260e-14
3.907608167571078754e-05 1.955635453296718040e+01 3.763392460911811213e+04 5.911411428681751034e-14
4.107955522530357004e-05 2.050468588737075493e+01 3.761517189934581256e+04 7.201128785902883560e-14
4.318574906034433776e-05 2.149900394938267567e+01 3.759642853391396056e+04 8.772229173486747993e-14
4.539992976248807967e-05 2.254153871726720482e+01 3.757769450816421886e+04 1.068610310411542130e-13
4.772763393680535859e-05 2.363462832689263138e+01 3.755896981744267396e+04 1.301753491540353580e-13
5.017468205617894183e-05 2.478072429556291567e+01 3.754025445709776977e+04 1.585762495670562452e-13
5.274719301551768723e-05 2.598239702013716013e+01 3.752154842248022760e+04 1.931734932164295250e-13
5.545159943218107865e-05 2.724234154176474121e+01 3.750285170894311159e+04 2.353189622236483761e-13
5.829466373087315435e-05 2.856338359016578821e+01 3.748416431184180692e+04 2.866594844872069365e-13
6.128349505322671351e-05 2.994848592101238438e+01 3.746548622653398343e+04 3.492011832364488882e-13
6.442556703436033705e-05 3.140075496062314997e+01 3.744681744837966107e+04 4.253878659967324103e-13
6.772873649085907528e-05 3.292344777287374313e+01 3.742815797274113720e+04 5.181965160030009021e-13
7.120126306690828879e-05 3.451997936395351729e+01 3.740950779498516931e+04 6.312536173745551816e-13
7.485182988770643921e-05 3.619393034132478704e+01 3.739086691047444037e+04 7.689768594393772350e-13
7.868956527180084881e-05 3.794905494411888469e+01 3.737223531457819627e+04 9.367477572842432860e-13
8.272406555663884206e-05 3.978928946292519697e+01 3.735361300267223123e+04 1.141121933652075744e-12
8.696541909440986997e-05 4.171876106785570926e+01 3.733499997013040411e+04 1.390085278919833314e-12
9.142423147818073699e-05 4.374179706471914386e+01 3.731639621232462378e+04 1.693365998570474378e-12
9.611165206140254191e-05 4.586293460007126299e+01 3.729780172463548661e+04 2.062814741368064647e-12
1.010394018371016720e-04 4.808693083684396186e+01 3.727921650244375633e+04 2.512867661685426459e-12
1.062198027464676133e-04 5.041877362343556257e+01 3.726064054113251041e+04 3.061110510077414130e-12
1.116658084901241013e-04 5.286369268016442646e+01 3.724207383608711098e+04 3.728965793853827129e-12
1.173910369191279803e-04 5.542717132817952574e+01 3.722351638269522664e+04 4.542529858348774662e-12
1.234098040866900780e-04 5.811495878713195395e+01 3.720496817634683975e+04 5.533592597711786930e-12
1.297371600457651012e-04 6.093308306918740413e+01 3.718642921243421006e+04 6.740879640267595315e-12
1.363889264820232711e-04 6.388786449829881064e+01 3.716789948635188921e+04 8.211565546651193796e-12
1.433817362763056455e-04 6.698592988506160850e+01 3.714937899349779764e+04 1.000311714871027746e-11
1.507330750954898936e-04 7.023422738891741801e+01 3.713086772926792764e+04 1.218553905736239905e-11
1.584613251157653230e-04 7.364004210112162241e+01 3.711236568906792672e+04 1.484410908230413256e-11
1.665858109876483387e-04 7.721101238326365035e+01 3.709387286829837103e+04 1.808271044966187019e-11
1.751268481576742783e-04 8.095514699818066617e+01 3.707538926236634870e+04 2.202789102352498868e-11
1.841057936675958640e-04 8.488084307152065833e+01 3.705691486668015568e+04 2.683380814480531109e-11
1.935450995581117185e-04 8.899690492433822442e+01 3.703844967665251170e+04 3.268825230628347224e-11
2.034683690106629794e-04 9.331256381885981455e+01 3.701999368768999557e+04 3.981998503801065742e-11
2.139004153676812446e-04 9.783749866192344768e+01 3.700154689521512773e+04 4.850767772992494800e-11
2.248673241788693637e-04 1.025818577121411153e+02 3.698310929464118090e+04 5.909080067468740710e-11
2.363965184286629729e-04 1.075562813399003659e+02 3.696468088138893654e+04 7.198288781863400065e-11
2.485168271079757005e-04 1.127719258909356910e+02 3.694626165088094422e+04 8.768769553887191893e-11
2.612585573016925852e-04 1.182404887071168247e+02 3.692785159853994264e+04 1.068188868483691694e-10
2.746535699721688829e-04 1.239742343605928312e+02 3.690945071979408385e+04 1.301240101864331849e-10
2.887353596282311993e-04 1.299860221600258967e+02 3.689105901007223292e+04 1.585137097621592979e-10
3.035391380788964293e-04 1.362893349906994729e+02 3.687267646480449184e+04 1.930973088407112010e-10
3.191019224812350285e-04 1.428983095531579863e+02 3.685430307942480431e+04 2.352261563840210833e-10
3.354626279025451924e-04 1.498277680681591164e+02 3.683593884936885297e+04 2.865464308093654969e-10
3.526621646282911485e-04 1.570932515190883976e+02 3.681758377007513627e+04 3.490634641648511674e-10
3.707435404591257876e-04 1.647110545063463576e+02 3.679923783698285115e+04 4.252201001792428389e-10
3.897519682527942697e-04 1.726982617919533425e+02 3.678090104553503625e+04 5.179921480153927572e-10
4.097349789798286580e-04 1.810727866162316673e+02 3.676257339117660740e+04 6.310046615682029913e-10
4.307425405757319271e-04 1.898534108725757221e+02 3.674425486935448862e+04 7.686735879034469004e-10
4.528271828868440083e-04 1.990598272303849967e+02 3.672594547551812866e+04 9.363783197289399327e-10
4.760441290223192071e-04 2.087126833006180675e+02 3.670764520511873707e+04 1.140671894360066831e-09
5.004514334406633081e-04 2.188336279430634193e+02 3.668935405361055018e+04 1.389537052672951464e-09
5.261101271161193775e-04 2.294437370601189059e+02 3.667094233760749194e+04 1.692686191853147263e-09
5.530843701478924991e-04 2.405653400111956728e+02 3.665231624439396546e+04 2.061946874858277217e-09
5.814416121938181326e-04 2.522197347676465142e+02 3.663324247356006526e+04 2.511699349222282845e-09
6.112527611296385451e-04 2.644333348206332630e+02 3.661380465476948302e+04 3.059489469316601230e-09
6.425923603556274889e-04 2.772239411683688672e+02 3.659342475409579492e+04 3.726556124441297820e-09
6.755387751939181127e-04 2.906277077839099547e+02 3.657270889737054677e+04 4.538978460761333458e-09
7.101743888426273075e-04 3.046527071853414554e+02 3.655039482477144338e+04 5.528029083395619865e-09
7.465858083767621441e-04 3.193481126103228007e+02 3.652772794706854620e+04 6.732460338130462626e-09
7.848640813110194670e-04 3.347155825544259073e+02 3.650306899026646715e+04 8.198408487986645405e-09
8.251049232659968648e-04 3.508079916899126829e+02 3.647766946206062858e+04 9.983142557263476998e-09
8.674089573071004124e-04 3.676348652036045905e+02 3.645034315307596989e+04 1.215510342001676682e-08
9.118819655546198935e-04 3.852376213365831745e+02 3.642156076921855129e+04 1.479840236842858608e-08
9.586351536941296880e-04 4.036451667978083151e+02 3.639108594511019328e+04 1.801482584104973149e-08
1.007785429048626679e-03 4.228764869387263730e+02 3.635823874208804773e+04 2.192744454980723085e-08
1.059455692907732439e-03 4.429918520397066573e+02 3.632410046465195046e+04 2.668789953857125979e-08
1.113775147844932919e-03 4.639736621925609938e+02 3.628645935186158022e+04 3.247552318395045874e-08
1.170879620791311689e-03 4.859282543443015925e+02 3.624807408212410519e+04 3.951656190976713697e-08
1.230911902673626282e-03 5.087856120167533049e+02 3.620488750615747995e+04 4.807131406617505942e-08
1.294022105466001958e-03 5.326869859486735095e+02 3.616069475350902212e+04 5.847462315820072880e-08
1.360368037548055848e-03 5.575729066766149344e+02 3.611207841702645237e+04 7.111171945237370314e-08
1.430115598308045934e-03 5.835460525014665336e+02 3.606119814407494414e+04 8.646867917421436681e-08
1.503439192977754080e-03 6.105964194294851950e+02 3.600647794387404429e+04 1.051192164610902919e-07
1.580522168736409397e-03 6.387629112054048619e+02 3.594796349486945837e+04 1.277649489219065598e-07
1.661557273174137529e-03 6.681130787817343162e+02 3.588643885771970963e+04 1.552623588108000070e-07
1.746747136261333697e-03 6.985874172578969592e+02 3.581926644293437130e+04 1.886171323214501448e-07
1.836304777029133936e-03 7.303679624377155051e+02 3.575016875908360089e+04 2.291111713052559612e-07
1.930454136227949345e-03 7.632526641817701147e+02 3.567322181506497145e+04 2.781743309422770303e-07
2.029430636295988157e-03 7.975429719240255508e+02 3.559476638063146675e+04 3.377123849673952075e-07
2.133481770037976965e-03 8.329681556573311809e+02 3.550783809392117837e+04 4.097938783782292789e-07
2.242867719486086112e-03 8.698192415926637295e+02 3.541811696544626466e+04 4.971761085374156433e-07
2.357862006490532136e-03 9.079093228510909057e+02 3.532101142891036579e+04 6.029313806195871205e-07
2.478752176666675511e-03 9.473753202681938319e+02 3.521874351542313525e+04 7.309567005916784762e-07
2.605840518408833982e-03 9.882054958075345894e+02 3.511053019153985952e+04 8.858516977067779195e-07
2.739444818768723561e-03 1.030307657618775011e+03 3.499436763032706222e+04 1.073062102098389127e-06
2.879899158088616417e-03 1.073925359539109195e+03 3.487407249040951865e+04 1.299499747408945010e-06
3.027554745376210416e-03 1.118643102945058672e+03 3.474260050794225390e+04 1.572670799596388751e-06
3.182780796510085389e-03 1.165051269967868393e+03 3.460907544663662702e+04 1.902985520089027633e-06
3.345965457471714814e-03 1.212322764706409544e+03 3.446097334563610639e+04 2.300662314700890262e-06
3.517516774912597243e-03 1.261277764136625365e+03 3.431031539473656449e+04 2.780926624478280903e-06
3.697863716483424691e-03 1.311182280155954231e+03 3.414694123832556215e+04 3.358814615842912241e-06
3.887457243476651579e-03 1.362521440633558086e+03 3.397761373999661009e+04 4.055183212270457863e-06
4.086771438464619106e-03 1.414930932123018692e+03 3.379790288881881133e+04 4.892677028938191341e-06
4.296304690752923532e-03 1.468411182799815606e+03 3.360832790711145935e+04 5.899336417260834336e-06
4.516580942613284376e-03 1.523128467168455700e+03 3.341121450957074558e+04 7.109452996267769594e-06
4.748150999412126434e-03 1.578412649110051461e+03 3.319977973128480517e+04 8.559814969979365079e-06
4.991593906910903912e-03 1.635160452443507211e+03 3.298420677407686890e+04 1.030263636523040729e-05
5.247518399182111472e-03 1.691803096385172012e+03 3.274927541394835862e+04 1.238460000643095702e-05
5.516564420761540903e-03 1.749946988036986795e+03 3.251173639442432250e+04 1.488336847232927439e-05
5.799404726842954938e-03 1.807643563114266271e+03 3.225410898884430208e+04 1.786213274490560594e-05
6.096746565516493986e-03 1.866376305710644829e+03 3.199110097982070874e+04 2.142712475116629957e-05
6.409333446257287764e-03 1.924751887399813086e+03 3.171158055609365329e+04 2.567341329921006139e-05
6.737946999086424568e-03 1.983301683824527345e+03 3.142142179341170049e+04 3.073560817039414805e-05
7.083408929053131541e-03 2.041673689511631437e+03 3.111899331420461749e+04 3.676067987212700759e-05
7.446583070925409317e-03 2.099104344829131605e+03 3.079997173109185314e+04 4.391120979879277963e-05
7.828377549226901017e-03 2.156656966017984359e+03 3.047367077262343446e+04 5.241633118156698040e-05
8.229747049021221908e-03 2.211853704756400475e+03 3.012405038138238160e+04 6.245771882856072325e-05
8.651695203121895217e-03 2.267573638628540721e+03 2.977260232641635957e+04 7.439355136333797910e-05
9.095277101697147801e-03 2.319284101746922261e+03 2.939097566705345889e+04 8.840402019366798880e-05
9.561601930544914862e-03 2.370993550247238090e+03 2.900702203806884063e+04 1.050008002440935156e-04
1.005183574463506743e-02 2.418783944898527352e+03 2.859811631071267402e+04 1.244524601069341271e-04
1.056720438385422289e-02 2.464900187955208821e+03 2.817990270953294385e+04 1.473499249218800946e-04
1.110899653824396448e-02 2.507399467398627621e+03 2.774294212920665814e+04 1.741479163362861583e-04
1.167856697039719623e-02 2.546149033341453560e+03 2.728874684845697993e+04 2.054578532811551870e-04
1.227733990307029038e-02 2.581862700238660636e+03 2.682311334690866352e+04 2.420562167886136326e-04
1.290681258048182248e-02 2.611309542169479300e+03 2.633132550938177155e+04 2.844366963830255706e-04
1.356855901220299469e-02 2.638659407523360187e+03 2.583664648537891117e+04 3.339294932677476730e-04
1.426423390900143431e-02 2.656761888542768702e+03 2.530589618989776864e+04 3.906323869067501514e-04
1.499557682048000690e-02 2.672978476470087116e+03 2.477673452772355085e+04 4.566203353699052701e-04
1.576441648485692182e-02 2.678859723971790118e+03 2.421153107644109332e+04 5.316844171807134098e-04
1.657267540176381518e-02 2.682879302062719944e+03 2.365095958741759023e+04 6.186560530704960032e-04
1.742237463949622076e-02 2.682151683476990002e+03 2.308292267979604367e+04 7.185808491162293905e-04
1.831563888873704443e-02 2.672810546708975380e+03 2.249231455460450161e+04 8.319642263164217988e-04
1.925470177538994923e-02 2.653648861299926466e+03 2.187624199091751871e+04 9.596748281265273005e-04
2.024191144580758314e-02 2.624999174805674556e+03 2.123814138976147660e+04 1.102945344525809064e-03
2.127973643838054069e-02 2.591468104881595991e+03 2.059803477564186687e+04 1.265070885639663469e-03
2.237077185616915750e-02 2.540572558812052193e+03 1.990763114317745567e+04 1.440936253258388736e-03
2.351774585601286785e-02 2.486963336088425422e+03 1.922602072782089817e+04 1.638802886755025279e-03
2.472352647034336062e-02 2.423652487910901982e+03 1.852639077506481772e+04 1.855546571860659973e-03
2.599112877875953478e-02 2.359401394586174320e+03 1.784257342026926199e+04 2.098686234224452114e-03
2.732372244729698585e-02 2.286427402079552394e+03 1.714494971492065451e+04 2.362910492288494875e-03
2.872463965424410307e-02 2.209757990714321750e+03 1.645245815640012734e+04 2.653253462799973639e-03
3.019738342232343442e-02 2.126057164961641774e+03 1.575240387397733321e+04 2.965877002689195664e-03
3.174563637807315680e-02 2.039266099029176530e+03 1.505903872100955596e+04 3.305188787497899926e-03
3.337326996033158216e-02 1.951228657373265833e+03 1.437855735071462550e+04 3.674300816565433895e-03
3.508435410085083278e-02 1.871441227890715254e+03 1.374517452079106442e+04 4.094368323414519263e-03
3.688316740124613496e-02 1.796438128296196965e+03 1.314526134823299981e+04 4.566328510135045891e-03
3.877420783172848273e-02 1.711255228391210039e+03 1.252337593848346478e+04 5.053751094917036460e-03
4.076220397837305304e-02 1.628398478217401134e+03 1.192464060140023503e+04 5.587324828398194075e-03
4.285212686704739649e-02 1.544363281807355179e+03 1.133549838358103989e+04 6.156542366267027215e-03
4.504920239356542677e-02 1.468343677099553133e+03 1.078898713490894625e+04 6.800788905475933267e-03
4.735892439114896407e-02 1.404971288474020639e+03 1.030152384260280269e+04 7.560372587464229271e-03
4.978706836787243073e-02 1.347590706093131303e+03 9.847991881074905905e+03 8.425155572077062949e-03
5.233970594844135349e-02 1.296160857435506159e+03 9.427554685997001798e+03 9.415057923297031825e-03
5.502322005641668845e-02 1.253111594954061957e+03 9.048267144154073321e+03 1.057542951166797092e-02
5.784432087484844831e-02 1.214897798191213042e+03 8.696436767252642312e+03 1.191220568465723231e-02
6.081006262522850592e-02 1.175135483196242149e+03 8.348652256359546300e+03 1.338703968848679871e-02
6.392786120671870020e-02 1.136009300418444127e+03 8.012430515042831757e+03 1.503566601291516681e-02
6.720551273976151097e-02 1.086763783836162474e+03 7.649654884515805861e+03 1.671168006514625604e-02
7.065121306044198912e-02 1.037443904387886050e+03 7.295541063504933845e+03 1.853504953864367269e-02
7.427357821434696361e-02 9.815358608927248270e+02 6.926745180569145305e+03 2.037414869873662576e-02
7.808166600116696332e-02 9.208797035085834750e+02 6.549053028165993055e+03 2.220855865017628411e-02
8.208499862391337165e-02 8.519104985296937684e+02 6.148582044348821000e+03 2.387017566022541296e-02
8.629358649938589920e-02 7.814228158539598326e+02 5.748068857117586958e+03 2.543852373759416738e-02
9.071795328942874881e-02 7.119015692621424023e+02 5.355374227654199785e+03 2.692588208063459790e-02
9.536916221556676621e-02 6.499678711185889597e+02 4.994899158117552361e+03 2.856183137938655275e-02
1.002588437228218304e-01 5.938787772084347125e+02 4.660479626127123993e+03 3.032048469065647817e-02
1.053992245618834284e-01 5.534391098380971243e+02 4.391547301243658694e+03 3.282859923884406950e-02
1.108031583623540345e-01 5.177636022232682080e+02 4.146191254716074582e+03 3.568273999882088515e-02
1.164841577735182265e-01 4.937742118941209810e+02 3.952289111295870043e+03 3.953659420043224154e-02
1.224564282530043596e-01 4.700595880985392796e+02 3.764106410637691624e+03 4.372883815985521144e-02
1.287349035878279091e-01 4.454712632988412793e+02 3.576812809650817144e+03 4.814807061665864196e-02
1.353352832366376823e-01 4.151609923825108126e+02 3.370509588878396698e+03 5.213386330976444577e-02
1.422740715865399574e-01 3.795246182320163939e+02 3.145634093786898575e+03 5.537165341703637056e-02
1.495686192226629019e-01 3.417509152088160249e+02 2.913694413341101153e+03 5.792971586694591057e-02
1.572371663136570008e-01 3.052083728341460755e+02 2.687746535810987552e+03 6.010800694369122787e-02
1.652988882216175348e-01 2.790395035870771494e+02 2.508556373997903393e+03 6.384777205452604742e-02
1.737739434504778357e-01 2.564256985036767560e+02 2.347322298676254832e+03 6.816881995661455695e-02
1.826835240527691917e-01 2.418844112215370217e+02 2.225342292822443142e+03 7.470957768098296370e-02
1.920499086207905493e-01 2.267232906999680324e+02 2.103012629413439299e+03 8.135958223370570730e-02
2.018965179946938526e-01 2.069078165762441870e+02 1.961025280533622663e+03 8.626480473222153389e-02
2.122479738267836202e-01 1.873373468863182438e+02 1.821410589100871221e+03 9.074553877024886528e-02
2.231301601484726449e-01 1.673865480818509184e+02 1.680571065285095074e+03 9.420319739388131886e-02
2.345702880938428103e-01 1.525049229888620914e+02 1.565811462074426117e+03 9.971790046628610515e-02
2.465969639416541459e-01 1.411298192471719801e+02 1.470306441039407673e+03 1.072141780043756459e-01
2.592402606459418002e-01 1.290975066788584797e+02 1.372645293545042932e+03 1.139450496180294120e-01
2.725317930340656614e-01 1.176045275260971010e+02 1.278828627365574903e+03 1.205995871297313587e-01
2.865047968602461026e-01 1.058621119283413208e+02 1.184326744748108013e+03 1.261265468673590517e-01
3.011942119122611450e-01 9.536319257223080115e+01 1.097217136089708220e+03 1.320051594593435185e-01
3.166367693791155569e-01 8.728752519513675168e+01 1.024658652761849225e+03 1.403804003979147452e-01
3.328710836981453314e-01 7.947462006874989981e+01 9.543733042368953647e+02 1.485001625710473394e-01
3.499377491112247163e-01 7.139820949888049029e+01 8.829754806598326695e+02 1.549993802785884500e-01
3.678794411715154977e-01 6.445270667827544742e+01 8.188917473797737330e+02 1.625653462631649060e-01
3.867410234545784475e-01 5.850701990138247766e+01 7.615717643581776883e+02 1.714505817596200798e-01
4.065696597406806001e-01 5.279324720483472078e+01 7.061500005871714620e+02 1.797436403432644547e-01
4.274149319488126375e-01 4.748202811922898547e+01 6.536922520117601607e+02 1.878229212639983270e-01
4.493289641173122684e-01 4.280177251680648709e+01 6.058156875443286253e+02 1.967094648422527958e-01
4.723665527411103904e-01 3.859987753635707719e+01 5.615695257199993193e+02 2.061074079153762395e-01
4.965853037915104462e-01 3.471913203539708803e+01 5.198714041360747160e+02 2.153876046253552223e-01
5.220457767611225153e-01 3.121835689939964809e+01 4.811909505814407453e+02 2.250121972381686486e-01
5.488116360941387439e-01 2.803203654060789773e+01 4.450826722046917325e+02 2.347441845916730663e-01
5.769498103806052214e-01 2.516269456136516069e+01 4.116165851839004972e+02 2.448169650361931293e-01
6.065306597127584354e-01 2.257467883722049251e+01 3.805625194072501927e+02 2.551820467948807680e-01
6.376281516219051149e-01 2.023870414416235519e+01 3.517284556013238443e+02 2.658002653526763681e-01
6.703200460357783275e-01 1.813431881101945464e+01 3.249882867660633678e+02 2.767057138708701181e-01
7.046880897188601001e-01 1.623442285087316250e+01 3.001486835225736627e+02 2.878047163637968420e-01
7.408182206818726412e-01 1.452901343284403168e+01 2.771641207252566801e+02 2.992549553004222318e-01
7.788007830715680813e-01 1.298892359298556265e+01 2.558034861539136955e+02 3.108297360308419632e-01
8.187307530781540166e-01 1.160971847695758186e+01 2.360650280250580693e+02 3.227864224847197816e-01
8.607079764252394405e-01 1.036678579068693296e+01 2.177427993504900599e+02 3.348743370731840363e-01
9.048374180361511421e-01 9.254293538133470776e+00 2.008141475099515390e+02 3.473163155269935465e-01
9.512294245009160765e-01 8.255244025364092408e+00 1.851350122642515998e+02 3.599614579884503618e-01
1.000000000000213163e+00 7.360607484311372239e+00 1.706402040553259383e+02 3.728927313187775927e-01
1.051271096376248826e+00 6.559393783285769608e+00 1.572379290450581379e+02 3.860807383588829023e-01
1.105170918075884856e+00 5.841739584159878262e+00 1.448429930551949951e+02 3.994852938775489415e-01
1.161834242728533306e+00 5.200824733517905862e+00 1.334023358981897900e+02 4.132139684990709383e-01
1.221402758160433644e+00 4.626845382291806530e+00 1.228204683851821812e+02 4.271023242151854027e-01
1.284025416688019838e+00 4.115551700563148785e+00 1.130689131688457536e+02 4.413866384303363755e-01
1.349858807576296504e+00 3.657518329384621847e+00 1.040455171897158948e+02 4.557448858376184075e-01
1.419067548593566874e+00 3.249943201777490298e+00 9.573460155991179477e+01 4.704952420981647898e-01
1.491824697641596753e+00 2.885850558112756037e+00 8.805801641351003184e+01 4.853974326178472354e-01
1.568312185490513100e+00 2.561777689964241933e+00 8.098482162967079034e+01 5.006212135591665557e-01
1.648721270700491237e+00 2.272953189224608650e+00 7.446103818467123858e+01 5.160627038111249565e-01
1.733253017867778301e+00 2.015815401217826430e+00 6.844790367211142268e+01 5.317492830973095108e-01
1.822118800390913007e+00 1.787146042463802598e+00 6.290942634582013682e+01 5.477222330785939119e-01
1.915540829014322100e+00 1.583570057582042168e+00 5.780365159872475544e+01 5.638736237239091453e-01
2.013752707470925607e+00 1.402916764872108812e+00 5.310721381534100516e+01 5.803908753363264950e-01
2.117000016613148627e+00 1.242040172120040031e+00 4.877601518121966251e+01 5.969919650440826953e-01
2.225540928492967474e+00 1.099472234793746450e+00 4.479520825305674947e+01 6.139899775729670273e-01
2.339646851926517890e+00 9.726799495971653053e-01 4.112683979632104325e+01 6.310897861539310760e-01
2.459603111157505406e+00 8.603473813697499750e-01 3.775532465719405195e+01 6.485436348175424026e-01
2.585709659316432152e+00 7.606245404196019244e-01 3.465192661575949984e+01 6.661620153647527243e-01
2.718281828459663263e+00 6.722641273772612669e-01 3.179897483932187185e+01 6.840591275922547343e-01
2.857651118063815776e+00 5.939684741323874029e-01 2.917600189813155964e+01 7.022007219396241284e-01
3.004166023947120401e+00 5.245832417297592309e-01 2.676407377845916713e+01 7.205372899894076921e-01
3.158192909690492378e+00 4.632027783736893389e-01 2.454887083646246637e+01 7.391922028644223319e-01
3.320116922737311960e+00 4.088051765843221941e-01 2.251153281295705000e+01 7.579608607605970994e-01
3.490342957462647444e+00 3.607574536671058762e-01 2.064217526953714099e+01 7.771232080908102580e-01
3.669296667620093988e+00 3.181803452633015228e-01 1.892280047389180098e+01 7.963281847206673536e-01
3.857425530697870641e+00 2.805986378186305918e-01 1.734572456181681943e+01 8.159216725768222434e-01
4.055199966845619564e+00 2.473460068474546969e-01 1.589655618165109985e+01 8.356260810449118726e-01
4.263114515169814212e+00 2.179911552318938295e-01 1.456702833085672211e+01 8.556381265300118111e-01
4.481689070339116121e+00 1.920568605416179409e-01 1.334649942268051248e+01 8.758409623107477060e-01
4.711470182591849465e+00 1.691607416426054444e-01 1.222652894900216047e+01 8.962706612113851001e-01
4.953032424396282885e+00 1.489609410402042422e-01 1.119929087952258406e+01 9.169722211861830452e-01
5.206979827181080545e+00 1.311256221662771559e-01 1.025649642399086936e+01 9.378113968010357571e-01
5.473947391728498424e+00 1.154108346135605256e-01 9.392462586114273648e+00 9.590002013816177895e-01
5.754602676007100293e+00 1.015351922331560880e-01 8.599345764421682858e+00 9.802410468944617872e-01
6.049647464414390718e+00 8.932023927815770092e-02 7.872868248321601037e+00 1.001867616442090547e+00
6.359819522603354258e+00 7.854239499380806511e-02 7.206278556901717813e+00 1.023549318804390706e+00
6.685894442280875261e+00 6.905649340918385004e-02 6.595719340564611954e+00 1.045570514601303014e+00
7.028687580590986528e+00 6.069715465239495372e-02 6.035941247681601673e+00 1.067729669602322184e+00
7.389056098932435646e+00 5.334971993244584654e-02 5.523671469978799209e+00 1.090358451609365620e+00
7.767901106308653603e+00 4.689169752964879312e-02 5.054877981122988473e+00 1.113466813597844940e+00
8.166169912569634093e+00 4.121542343608056852e-02 4.625870952484452125e+00 1.137064919480176739e+00
8.584858397179985445e+00 3.622626645028934056e-02 4.233273710849402960e+00 1.161163148576278559e+00
9.025013499436326470e+00 3.184105054658994960e-02 3.873996160948649514e+00 1.185772100178729804e+00
9.487735836360851494e+00 2.798666821770725080e-02 3.545210463613902352e+00 1.210902598214797399e+00
9.974182454817173138e+00 2.459886167329642173e-02 3.244328778126509327e+00 1.236565696007098980e+00
1.048556972473016025e+01 2.162115157527539494e-02 2.968982893571407988e+00 1.262772681135439834e+00
1.102317638064432792e+01 1.900389545051566972e-02 2.717005588875554878e+00 1.289535080401254419e+00
1.158834671922626214e+01 1.670346008337158725e-02 2.486413574818919781e+00 1.316864664897795523e+00
1.218249396070650370e+01 1.468149409068681722e-02 2.275391883754726674e+00 1.344773455187207922e+00
1.280710378266622662e+01 1.290428855213416291e-02 2.082279584173382325e+00 1.373273726587978194e+00
1.346373803500505772e+01 1.134221503670853302e-02 1.905556707669347594e+00 1.402378014573641751e+00
1.415403864537935341e+01 9.969231656530311292e-03 1.743832285415758188e+00 1.432099120286725258e+00
1.487973172487657614e+01 8.762448913189524805e-03 1.595833399981952061e+00 1.462450116168992453e+00
1.564263188419211659e+01 7.701748098707351768e-03 1.460395166322297600e+00 1.493444351711122220e+00
1.644464677110120832e+01 6.769445889339752685e-03 1.336451563077713178e+00 1.525095459324407488e+00
1.728778184057202338e+01 5.949999540544764418e-03 1.223027042023713040e+00 1.557417360336904588e+00
1.817414536944768244e+01 5.229747768312074420e-03 1.119228849623722155e+00 1.590424271116326782e+00
1.910595372823652127e+01 4.596682996997372185e-03 1.024240000251551930e+00 1.624130709322930688e+00
2.008553692319280515e+01 4.040251176722395310e-03 9.373128457758879151e-01 1.658551500295107006e+00
2.111534442254602695e+01 3.551175833023513615e-03 8.577631908934760796e-01 1.693701783570105590e+00
2.219795128144734164e+01 3.121303415418098543e-03 7.849649078933976787e-01 1.729597019542788994e+00
2.333606458094873304e+01 2.743467366639783071e-03 7.183450084658445922e-01 1.766252996265573083e+00
2.453253019711569394e+01 2.411368646392760603e-03 6.573791337661775147e-01 1.803685836393237318e+00
2.579033991719975205e+01 2.119470717790283409e-03 6.015874272365372422e-01 1.841912004273545289e+00
2.711263892066493852e+01 1.862907245762855830e-03 5.505307577009319608e-01 1.880948313189125365e+00
2.850273364377471097e+01 1.637400968640723414e-03 5.038072630058143542e-01 1.920811932752511497e+00
2.996410004740484823e+01 1.439192390390811854e-03 4.610491870016565352e-01 1.961520396458538817e+00
3.150039230875619012e+01 1.264977104708906504e-03 4.219199849693893722e-01 2.003091609395154293e+00
3.311545195870102276e+01 1.111850706077735290e-03 3.861116747092976920e-01 2.045543856119713677e+00
3.481331748761120082e+01 9.772603693804407087e-04 3.533424124425837975e-01 2.088895808700830248e+00
3.659823444368765877e+01 8.589622908372966355e-04 3.233542744459743101e-01 2.133166534930813096e+00
3.847466604904231957e+01 7.549842807482023488e-04 2.959112269588344279e-01 2.178375506712588283e+00
4.044730436007814234e+01 6.635928844108585252e-04 2.707972683840703110e-01 2.224542608624429540e+00
4.252108200007410943e+01 5.832644830755259833e-04 2.478147291602346425e-01 2.271688146665694408e+00
4.470118449331276622e+01 5.126598931502556302e-04 2.267827159233312684e-01 2.319832857187756225e+00
4.699306323159186860e+01 4.506020401910873626e-04 2.075356877125247856e-01 2.368997916015401106e+00
4.940244910554343960e+01 3.960563354716577136e-04 1.899221530130758562e-01 2.419204947760342339e+00
5.193536683484541783e+01 3.481134279833717165e-04 1.738034773811255873e-01 2.470476035331982345e+00
5.459815003315897997e+01 3.059740443188208926e-04 1.590527922653354742e-01 2.522833729651947632e+00
5.739745704546173499e+01 2.689356636977442098e-04 1.455539964365855088e-01 2.576301059570301089e+00
6.034028759737834946e+01 2.363808059914496986e-04 1.332008421664087061e-01 2.630901541996891524e+00
6.343400029814058882e+01 2.077667374899338571e-04 1.218960989612608153e-01 2.686659192243800121e+00
6.668633104094334385e+01 1.826164227935143112e-04 1.115507882706148618e-01 2.743598534587741611e+00
7.010541234670704114e+01 1.605105719846955218e-04 1.020834831453538427e-01 2.801744613058384736e+00
7.369979369961600923e+01 1.410806504954114130e-04 9.341966733401284306e-02 2.861123002451663400e+00
7.747846292528217305e+01 1.240027351351359348e-04 8.549114877252876610e-02 2.921759819579601292e+00
8.145086866499057976e+01 1.089921138511938561e-04 7.823552285104369564e-02 2.983681734757918758e+00
8.562694400222423496e+01 9.579853919192809206e-05 7.159568123317207322e-02 3.046915983534690842e+00
9.001713130054676526e+01 8.420205634177981122e-05 6.551936236179636830e-02 3.111490378672352897e+00
9.463240831495036787e+01 7.400933617557772066e-05 5.995874011332887055e-02 3.177433322378626634e+00
9.948431564196151555e+01 6.505045219936713959e-05 5.487004736288223633e-02 3.244773818799149279e+00
1.045849855771433994e+02 5.717604764489850024e-05 5.021323149743191216e-02 3.313541486775470446e+00
1.099471724521542768e+02 5.025484548935825056e-05 4.595163916553229866e-02 3.383766572872207501e+00
1.155842845272200918e+02 4.417145988901394996e-05 4.205172778229090275e-02 3.455479964679216920e+00
1.215104175187690743e+02 3.882447254046235950e-05 3.848280151891317336e-02 3.528713204399405612e+00
1.277403898460648861e+02 3.412474189968818213e-05 3.521676969876327140e-02 3.603498502720433372e+00
1.342897796849734675e+02 2.999391707142719924e-05 3.222792569834876525e-02 3.679868752983767699e+00
1.411749639215168770e+02 2.636313159326118154e-05 2.949274461293660901e-02 3.757857545649545106e+00
1.484131591026187778e+02 2.317185533815344976e-05 2.698969809429953987e-02 3.837499183074551734e+00
1.560224644864394463e+02 2.036688539495961372e-05 2.469908490313346347e-02 3.918828694595732465e+00
1.640219072999485945e+02 1.790145910364419738e-05 2.260287584250938661e-02 4.001881851942543200e+00
1.724314903169036768e+02 1.573447445816889516e-05 2.068457185177253674e-02 4.086695184964998617e+00
1.812722418752032070e+02 1.382980488022428251e-05 1.892907414402678415e-02 4.173305997703440795e+00
1.905662684586848457e+02 1.215569694009192579e-05 1.732256536503554850e-02 4.261752384799057047e+00
2.003368099748494728e+02 1.068424098380802055e-05 1.585240083813707970e-02 4.352073248243785386e+00
2.106082978667353416e+02 9.390905841322642964e-06 1.450700903921368391e-02 4.444308314493489398e+00
2.214064162042512862e+02 8.254129858570049768e-06 1.327580051833859853e-02 4.538498151944246217e+00
2.327581659077297047e+02 7.254961435384454669e-06 1.214908455121858737e-02 4.634684188768809499e+00
2.446919322642916654e+02 6.376743076591223338e-06 1.111799286444370254e-02 4.732908731145791137e+00
2.572375559058498879e+02 5.604833688920083947e-06 1.017440983414916525e-02 4.833214981862498760e+00
2.704264074262317763e+02 4.926364494089484073e-06 9.310908608719007176e-03 4.935647059317417984e+00
2.842914658240042627e+02 4.330024488791138876e-06 8.520692652751531496e-03 5.040250016927907417e+00
2.988674009671481713e+02 3.805871874894308074e-06 7.797542252178399878e-03 5.147069862944770868e+00
3.141906602857868620e+02 3.345168316162038265e-06 7.135765559490008653e-03 5.256153580686584448e+00
3.302995599097462787e+02 2.940233258316181277e-06 6.530153793751930849e-03 5.367549149208225678e+00
3.472343804788374655e+02 2.584315883760092311e-06 5.975940242787406396e-03 5.481305564401424135e+00
3.650374678654371792e+02 2.271482566277834270e-06 5.468762744843352203e-03 5.597472860546310436e+00
3.837533390612260860e+02 1.996517949422056677e-06 5.004629354431923936e-03 5.716102132315707962e+00
4.034287934928555046e+02 1.754837999437828581e-06 4.579886922112316218e-03 5.837245557252937367e+00
4.241130300448911044e+02 1.542413583189872685e-06 4.191192340899406628e-03 5.960956418717003658e+00
4.458577700826506316e+02 1.355703297039504973e-06 3.835486232989807932e-03 6.087289129319652936e+00
4.687173867825576963e+02 1.191594426835085818e-06 3.509968869693404995e-03 6.216299254861650248e+00
4.927490410934046849e+02 1.047351054737123252e-06 3.212078135036194187e-03 6.348043538770691718e+00
5.180128246684984106e+02 9.205684477495490058e-07 2.939469359589238270e-03 6.482579927052010582e+00
5.445719101260938260e+02 8.091329675557692957e-07 2.689996865803856180e-03 6.619967593788835813e+00
5.724927090138447738e+02 7.111868332944097570e-07 2.461697079586691941e-03 6.760266967159994422e+00
6.018450378722650385e+02 6.250971498282175796e-07 2.252773075196022601e-03 6.903539756016042972e+00
6.327022928124463306e+02 5.494286851647158912e-07 2.061580431813527566e-03 7.049848977032495689e+00
6.651416330445650829e+02 4.829199431877427261e-07 1.886614290463709291e-03 7.199258982417060082e+00
6.992441738160994191e+02 4.244621328035267229e-07 1.726497509413607665e-03 7.351835488216277525e+00
7.350951892421985576e+02 3.730806828866752425e-07 1.579969824822224271e-03 7.507645603219771147e+00
7.727843255353874383e+02 3.279189948556178291e-07 1.445877931325115912e-03 7.666757858482377230e+00
8.124058251677936369e+02 2.882241620100328730e-07 1.323166404477668342e-03 7.829242237460713127e+00
8.540587625264155349e+02 2.533344175531352135e-07 1.210869393610233867e-03 7.995170206790864320e+00
8.978472916506958654e+02 2.226681020405206452e-07 1.108103019711187149e-03 8.164614747735260636e+00
9.438809066718714575e+02 1.957139663265043977e-07 1.014058418498962454e-03 8.337650388272070501e+00
9.922747156053346771e+02 1.720226483462114276e-07 9.279953739286804807e-04 8.514353235871276127e+00
1.043149728180628472e+03 1.511991816398209722e-07 8.492364920236699201e-04 8.694801010987447398e+00
1.096633158428801380e+03 1.328964107246155165e-07 7.771618691712750548e-04 8.879073081226344755e+00
1.152858742783748994e+03 1.168092035415635967e-07 7.112042129213184917e-04 9.067250496259015691e+00
1.211967074492957408e+03 1.026693644893686014e-07 6.508443768817468713e-04 9.259416023474587476e+00
1.274105955173854682e+03 9.024116323934467340e-08 5.956072745669698052e-04 9.455654184381646843e+00
1.339430764394840480e+03 7.931740479052396924e-08 5.450581400375660275e-04 9.656051291780373802e+00
1.408104848205140797e+03 6.971597524754539440e-08 4.987991058994469462e-04 9.860695487732787257e+00
1.480299927585014302e+03 6.127680573454111618e-08 4.564660717276036099e-04 1.006967678232751595e+01
1.556196527837648091e+03 5.385920382947637087e-08 4.177258382664814323e-04 1.028308709326634052e+01
1.635984429996447261e+03 4.733950803035923683e-08 3.822734848507306133e-04 1.050102028629951079e+01
1.719863145376471039e+03 4.160902614995514675e-08 3.498299694037566095e-04 1.072357221650711701e+01
1.808042414456641382e+03 3.657222326935779390e-08 3.201399321243204843e-04 1.095084077046196391e+01
1.900742731340188357e+03 3.214512904107083337e-08 2.929696855739371045e-04 1.118292590927863195e+01
1.998195895104759757e+03 2.825393778924959955e-08 2.681053753455401125e-04 1.141992971258643763e+01
2.100645589420852957e+03 2.483377806880231043e-08 2.453512968359334266e-04 1.166195642342910688e+01
2.208347991887921125e+03 2.182763117023328052e-08 2.245283548734796849e-04 1.190911249410324046e+01
2.321572414611807289e+03 1.918538054032097183e-08 2.054726540773417953e-04 1.216150663299559298e+01
2.440601977625289692e+03 1.686297627104846109e-08 1.880342088524734922e-04 1.241924985237942458e+01
2.565734316835632853e+03 1.482170072781820066e-08 1.720757628675345457e-04 1.268245551725982700e+01
2.697282328269386653e+03 1.302752307385812086e-08 1.574717087233591173e-04 1.295123939522459366e+01
2.835574950475434889e+03 1.145053192993796835e-08 1.441070993091621657e-04 1.322571970736311719e+01
2.980957987042702825e+03 1.006443671104774508e-08 1.318767430649119379e-04 1.350601718027621700e+01
3.133794971289250043e+03 8.846129326609978567e-09 1.206843760285517735e-04 1.379225509916130754e+01
3.294468075284922634e+03 7.775298937214666627e-09 1.104419041515801659e-04 1.408455936203428394e+01
3.463379065480592999e+03 6.834093345348650253e-09 1.010687099193677193e-04 1.438305853513542232e+01
3.640950307333554974e+03 6.006821374980997354e-09 9.249101781823983669e-05 1.468788390943353939e+01
3.827625821441170956e+03 5.279691278359026185e-09 8.464131365561884375e-05 1.499916955840757282e+01
4.023872393823642142e+03 4.640580808825608056e-09 7.745781316222071888e-05 1.531705239700087873e+01
4.230180743132199495e+03 4.078835126499815397e-09 7.088397569401251434e-05 1.564167224184861915e+01
4.447066747701334862e+03 3.585089167614654199e-09 6.486805920618067837e-05 1.597317187275607608e+01
4.675072735513344924e+03 3.151111516189262916e-09 5.936271299653517674e-05 1.631169709553444491e+01
4.914768840300775992e+03 2.769667175131797934e-09 5.432460501259522265e-05 1.665739680609967976e+01
5.166754427177720572e+03 2.434396949009798683e-09 4.971408078917150073e-05 1.701042305596495297e+01
5.431659591364801599e+03 2.139711427625316464e-09 4.549485133190113564e-05 1.737093111913789656e+01
5.710146733755425885e+03 1.880697802949770784e-09 4.163370749002397598e-05 1.773907956040044098e+01
6.002912217263044113e+03 1.653037965940267621e-09 3.810025857035022139e-05 1.811503030505973655e+01
6.310688108091153481e+03 1.452936517792956970e-09 3.486669313500477009e-05 1.849894871014811670e+01
6.634244006280128815e+03 1.277057495491960748e-09 3.190756010030805718e-05 1.889100363719430575e+01
6.974388970108182548e+03 1.122468756769842347e-09 2.919956841369514004e-05 1.929136752645825936e+01
7.331973539158482708e+03 9.865930973129632934e-10 2.672140373208085868e-05 1.970021647278008103e+01
7.707891861111141225e+03 8.671652852651923479e-10 2.445356065872432262e-05 2.011773030305474919e+01
8.103083927578147268e+03 7.621942967341654761e-10 2.237818921810856671e-05 2.054409265531418427e+01
8.518537924572025076e+03 6.699301227172217227e-10 2.047895436048458032e-05 2.097949105947877158e+01
8.955292703485578386e+03 5.888345940753539564e-10 1.874090739028549872e-05 2.142411701988680761e+01
9.414440378761499232e+03 5.175557381620237724e-10 1.715036830635071924e-05 2.187816609947864066e+01
9.897129058747319505e+03 4.549052396031937324e-10 1.569481812796214839e-05 2.234183800584067825e+01
1.040456571656430970e+04 3.998386294648894525e-10 1.436280035913673068e-05 2.281533667901946671e+01
1.093801920816896018e+04 3.514378725376965979e-10 1.314383081565704083e-05 2.329887038125727017e+01
1.149882344515380282e+04 3.088960624417088143e-10 1.202831510504819506e-05 2.379265178855258611e+01
1.208838073022117533e+04 2.715039694014070245e-10 1.100747311004412040e-05 2.429689808423399100e+01
1.270816526367042752e+04 2.386382164215210234e-10 1.007326988112346107e-05 2.481183105448064197e+01
1.335972682966652428e+04 2.097508867454617665e-10 9.218352394190302480e-06 2.533767718586703310e+01
1.404469467150771925e+04 1.843603893385029430e-10 8.435991675625219342e-06 2.587466776497406684e+01
1.476478156558243427e+04 1.620434301108952381e-10 7.720029839178303951e-06 2.642303898011098795e+01
1.552178810420236550e+04 1.424279550305042836e-10 7.064831617842143366e-06 2.698303202523548094e+01
1.631760719802116000e+04 1.251869474762382627e-10 6.465240009197056420e-06 2.755489320598558578e+01
1.715422880929701932e+04 1.100329764270334316e-10 5.916535685148309305e-06 2.813887404808132331e+01
1.803374492783486858e+04 9.671340459587589929e-11 5.414399846538849182e-06 2.873523140789336594e+01
1.895835480205053682e+04 8.500617662313410476e-11 4.954880230299002051e-06 2.934422758544884147e+01
1.993037043823734348e+04 7.471611711201089438e-11 4.534360001562790935e-06 2.996613043980827840e+01
2.095222238178608313e+04 6.567167678935385240e-11 4.149529285903066792e-06 3.060121350682541319e+01
2.202646579481454319e+04 5.772207254639438241e-11 3.797359117633089879e-06 3.124975611953238541e+01
2.315578684540369068e+04 5.073477367937193955e-11 3.475077599105608212e-06 3.191204353098229518e+01
2.434300942441707230e+04 4.459329242254112273e-11 3.180148083368883576e-06 3.258836703965651793e+01
2.559110220669883711e+04 3.919524193897775293e-11 2.910249208465930685e-06 3.327902411765986557e+01
2.690318607430719567e+04 3.445062939282881852e-11 2.663256626214831673e-06 3.398431854152406828e+01
2.828254192034512744e+04 3.028035564648591173e-11 2.437226281668465355e-06 3.470456052583457307e+01
2.973261885290210193e+04 2.661489657046226413e-11 2.230379111643168206e-06 3.544006685964379955e+01
3.125704281962085952e+04 2.339314398173014431e-11 2.041087041884399522e-06 3.619116104584438176e+01
3.285962567445517197e+04 2.056138688727962353e-11 1.867860172650266651e-06 3.695817344346860978e+01
3.454437470929026313e+04 1.807241604884235345e-11 1.709335051851398210e-06 3.774144141291763788e+01
3.631550267425979837e+04 1.588473694080010397e-11 1.564263943452526044e-06 3.854130946442694494e+01
3.817743831181556016e+04 1.396187798003816356e-11 1.431505006660550095e-06 3.935812940955448624e+01
4.013483743089039490e+04 1.227178249510875812e-11 1.310013308605451684e-06 4.019226051593670235e+01
4.219259454884566367e+04 1.078627429794925154e-11 1.198832599773055048e-06 4.104406966526296685e+01
4.435585513031406299e+04 9.480587948574364840e-12 1.097087787458351026e-06 4.191393151474429146e+01
4.663002845354139572e+04 8.332955881505983635e-12 1.003978047992664729e-06 4.280222866177160057e+01
4.902080113639969204e+04 7.324245510909123122e-12 9.187705235388258271e-07 4.370935181229958033e+01
5.153415135589398415e+04 6.437640264378486955e-12 8.407945538366746862e-07 4.463569995264587220e+01
5.417636379671867326e+04 5.658359227830275298e-12 7.694363975005548542e-07 4.558168052498965039e+01
5.695404536624281900e+04 4.973410727581744918e-12 7.041344013196769272e-07 4.654770960658070322e+01
5.987414171521994285e+04 4.371375741499158821e-12 6.443745795395159742e-07 4.753421209274452508e+01
6.294395460553275188e+04 3.842217528383929995e-12 5.896865683291885812e-07 4.854162188376663067e+01
6.617116016840114025e+04 3.377114301860010517e-12 5.396399235928120674e-07 4.957038207573889821e+01
6.956382809870861820e+04 2.968312159208857902e-12 4.938407329852717835e-07 5.062094515544988127e+01
7.313044183344273188e+04 2.608995813275974877e-12 4.519285154658985718e-07 5.169377319940489457e+01
7.687991976470644295e+04 2.293174972374650769e-12 4.135733839867869844e-07 5.278933807707507242e+01
8.082163754034375597e+04 2.015584473981990212e-12 3.784734489832164040e-07 5.390812165838403303e+01
8.496545150794286747e+04 1.771596507331571010e-12 3.463524422303254558e-07 5.505061602578585678e+01
8.932172336083906703e+04 1.557143461513264150e-12 3.169575423617549385e-07 5.621732369052991629e+01
9.390134604774527543e+04 1.368650112877939845e-12 2.900573849373814299e-07 5.740875781381799214e+01
9.871577101079767453e+04 1.202974021199292871e-12 2.654402413957638103e-07 5.862544243245027786e+01
1.037770368201258680e+05 1.057353140926129719e-12 2.429123525589675815e-07 5.986791268932968535e+01
1.090977992765488161e+05 9.293597741302652884e-13 2.222964035726417329e-07 6.113671506883716233e+01
1.146913630576689611e+05 8.168600974837372481e-13 2.034301282778143165e-07 6.243240763720836384e+01
1.205717149864963576e+05 7.179785885239570339e-13 1.861650320294089939e-07 6.375556028793666030e+01
1.267535590057915979e+05 6.310667581471825592e-13 1.703652229092682846e-07 6.510675499251786391e+01
1.332523529455816897e+05 5.546756680545563204e-13 1.559063421337881821e-07 6.648658605636653363e+01
1.400843471757866791e+05 4.875317749822152719e-13 1.426745852378740646e-07 6.789566038022685746e+01
1.472666252406089625e+05 4.285156990047221076e-13 1.305658063309011140e-07 6.933459772711029245e+01
1.548171465762921434e+05 3.766435619508179945e-13 1.194846983743885666e-07 7.080403099489173258e+01
1.627547914190663723e+05 3.310505848175907235e-13 1.093440430294450226e-07 7.230460649469617351e+01
1.710994080155731353e+05 2.909766707292193800e-13 1.000640241695295511e-07 7.383698423510422515e+01
1.798718622538203781e+05 2.557537330898007689e-13 9.157159965544594865e-08 7.540183821254750285e+01
1.890940898387710622e+05 2.247945576717361903e-13 8.379992642761103639e-08 7.699985670769294188e+01
1.987891511430313694e+05 1.975830129567971389e-13 7.668783439075134488e-08 7.863174258818844464e+01
2.089812888697938761e+05 1.736654455224187921e-13 7.017934494993675632e-08 8.029821361779256961e+01
2.196959886722229712e+05 1.526431170229967790e-13 6.422323040847104358e-08 8.200000277218228462e+01
2.309600428808625729e+05 1.341655566793370123e-13 5.877261075948344416e-08 8.373785856107021175e+01
2.428016174984180834e+05 1.179247184553278262e-13 5.378458469803988618e-08 8.551254535779396804e+01
2.552503226294341730e+05 1.036498455114303403e-13 4.921989194896965835e-08 8.732484373523625720e+01
2.683372865209793090e+05 9.110295632050294837e-14 4.504260425304607157e-08 8.917555080926283040e+01
2.820952333994774381e+05 8.007487719236576917e-14 4.121984257909355990e-08 9.106548058930691525e+01
2.965585652983192704e+05 7.038175506418143782e-14 3.772151833628385624e-08 9.299546433639849852e+01
3.117634480808650260e+05 6.186199242011254086e-14 3.452009654972465233e-08 9.496635092880457307e+01
3.277479018739408348e+05 5.437355324111225324e-14 3.159037913529465892e-08 9.697900723531154199e+01
3.445518961379595567e+05 4.779159507159436588e-14 2.890930656796266237e-08 9.903431849663641628e+01
3.622174496113909991e+05 4.200638772601429705e-14 2.645577638245884464e-08 1.011331887147028112e+02
3.807887353794944938e+05 3.692148393760187848e-14 2.421047707779703103e-08 1.032765410502730958e+02
4.003121913300411543e+05 3.245211145137504138e-14 2.215573611829838684e-08 1.054653182289667654e+02
4.208366362722213962e+05 2.852375975550643954e-14 2.027538083476913103e-08 1.077004829560262777e+02
4.424133920090965694e+05 2.507093788978628563e-14 1.855461113094788380e-08 1.099830183395350218e+02
4.650964116688389913e+05 2.203608262238425166e-14 1.697988299338280617e-08 1.123139283229640597e+02
4.889424146156553179e+05 1.936859879256334221e-14 1.553880188780014717e-08 1.146942381267725040e+02
5.140110282777408138e+05 1.702401582058952763e-14 1.422002520290617405e-08 1.171249946992654287e+02
5.403649372469085502e+05 1.496324632274861168e-14 1.301317297378136833e-08 1.196072671770749309e+02
5.680700400227193022e+05 1.315193447156920359e-14 1.190874618217859831e-08 1.221421473555410273e+02
5.971956137930564582e+05 1.155988323746567451e-14 1.089805199064587874e-08 1.247307501686545947e+02
6.278144876631795196e+05 1.016055096326034598e-14 9.973135322050601409e-09 1.273742141797172991e+02
6.600032247664229944e+05 8.930608878681657612e-15 9.126716245923312459e-09 1.300737020820188263e+02
6.938423137119094608e+05 7.849552178060204763e-15 8.352132678818871007e-09 1.328304012101091018e+02
7.294163698479967425e+05 6.899358177380284924e-15 7.643287947707287933e-09 1.356455240623568841e+02
7.668143468447235646e+05 6.064185851622155579e-15 6.994602803629757742e-09 1.385203088338090538e+02
8.061297591243179049e+05 5.330111743378776287e-15 6.400971507979360283e-09 1.414560199612774625e+02
8.474609156959623797e+05 4.684897839879328397e-15 5.857721645708337196e-09 1.444539486789851424e+02
8.909111659795242595e+05 4.117787548707762859e-15 5.360577349208008575e-09 1.475154135869441916e+02
9.365891582329371013e+05 3.619326370784797726e-15 4.905625643360557890e-09 1.506417612308063667e+02
9.846091112294379855e+05 3.181204281010382239e-15 4.489285646878269764e-09 1.538343666935758449e+02
1.035091099863994634e+06 2.796117188885291300e-15 4.108280387551027245e-09 1.570946342017215613e+02
1.088161355403086869e+06 2.457645169357813670e-15 3.759611009483783213e-09 1.604239977409302185e+02
1.143952581128624268e+06 2.160145433991631685e-15 3.440533169418625377e-09 1.638239216889512306e+02
1.202604284165272489e+06 1.898658257981069359e-15 3.148535436246374240e-09 1.672959014576630068e+02
1.264263124320930336e+06 1.668824294826138196e-15 2.881319523793105009e-09 1.708414641525770037e+02
1.329083280812643003e+06 1.466811900085352500e-15 2.636782201215691988e-09 1.744621692431732924e+02
1.397226837794951163e+06 1.289253252665029900e-15 2.412998738679816033e-09 1.781596092494076515e+02
1.468864189654704416e+06 1.133188208666296441e-15 2.208207757996547998e-09 1.819354104423330227e+02
1.544174467085782439e+06 9.960149517601193528e-16 2.020797368979503515e-09 1.857912335588204940e+02
1.623345985009134281e+06 8.754466173785467521e-16 1.849292482415867022e-09 1.897287745326780453e+02
1.706576713458170416e+06 7.694731675712618284e-16 1.692343199776676493e-09 1.937497652399148933e+02
1.794074772606963990e+06 6.763278809450527752e-16 1.548714188298041740e-09 1.978559742610712249e+02
1.886058953179090517e+06 5.944578990165753122e-16 1.417274957794177702e-09 2.020492076589546571e+02
1.982759263538399944e+06 5.224983379495316115e-16 1.296990962675006170e-09 2.063313097722701741e+02
2.084417504829733167e+06 4.592495340915357542e-16 1.186915459142742183e-09 2.107041640284888615e+02
2.191287875607731752e+06 4.036570439454158105e-16 1.086182053455362443e-09 2.151696937702030539e+02
2.303637607465630397e+06 3.547940651677964834e-16 9.939978826298383092e-10 2.197298631027692295e+02
2.421747633253435604e+06 3.118459855129545968e-16 9.096373738913509850e-10 2.243866777575484264e+02
2.545913289556382690e+06 2.740968021390683193e-16 8.324365337582165538e-10 2.291421859733850965e+02
2.676445055190230254e+06 2.409171848705587151e-16 7.617877218165341096e-10 2.339984793993282324e+02
2.813669327560023405e+06 2.117539844059469264e-16 6.971348680361797876e-10 2.389576940122381927e+02
2.957929238823618274e+06 1.861210105702779718e-16 6.379690960012596571e-10 2.440220110587926854e+02
3.109585513900805730e+06 1.635909268618295900e-16 5.838247175885975893e-10 2.491936580123116585e+02
