# [1] k:    [h/Mpc] 
# [2] P:    [Mpc^3/h^3] 
# [3] T:    [Mpc^3/h^3] 
# [4] Delta_k 
3.059023205018257859e-07 6.731006191201356348e-01 3.949809060980226059e+04 9.761095533869707716e-22
3.215862678579245412e-07 7.057407730251433753e-01 3.947840899972231273e+04 1.189071457449818599e-21
3.380743483904743061e-07 7.399637209685223649e-01 3.945873719685390097e+04 1.448496150884349701e-21
3.554077908890640533e-07 7.758462161716053185e-01 3.943907519630118622e+04 1.764520614788470703e-21
3.736299379885273404e-07 8.134687337913467653e-01 3.941942299317973811e+04 2.149493457827002407e-21
3.927863545481053003e-07 8.529156514045993509e-01 3.939978058259861427e+04 2.618457436266844647e-21
4.129249415873286729e-07 8.942754382467223984e-01 3.938014795969618717e+04 3.189737247432913196e-21
4.340960560635169786e-07 9.376408536229282609e-01 3.936052511958635296e+04 3.885655564509252809e-21
4.563526367904018199e-07 9.831091549444733735e-01 3.934091205738548888e+04 4.733405291657181095e-21
4.797503368127355169e-07 1.030782315853266962e+00 3.932130876823921426e+04 5.766112122685814385e-21
5.043476625678916271e-07 1.080767254919764664e+00 3.930171524726874486e+04 7.024128922571945767e-21
5.302061201824328858e-07 1.133176075434870533e+00 3.928213148959774117e+04 8.556612509627625638e-21
5.573903692694645323e-07 1.188126316830245388e+00 3.926255749037909118e+04 1.042344445083750813e-20
5.859683846113473662e-07 1.245741218285841834e+00 3.924299324474127934e+04 1.269757092511175183e-20
6.160116261320592563e-07 1.306149995125491570e+00 3.922343874782418425e+04 1.546785308433122535e-20
6.475952175842278093e-07 1.369488128612354583e+00 3.920389399476116523e+04 1.884253928955645854e-20
6.807981343976415384e-07 1.435897669800801690e+00 3.918435898071476549e+04 2.295349489957939497e-20
7.157034011589609116e-07 1.505527558116551923e+00 3.916483370082319016e+04 2.796135489005098837e-20
7.523982992164306405e-07 1.578533955391702159e+00 3.914531815023598028e+04 3.406180064116072429e-20
7.909745849287134463e-07 1.655080596094720802e+00 3.912581232410509256e+04 4.149320615829647484e-20
8.315287191035797356e-07 1.735339154544528029e+00 3.910631621758489928e+04 5.054595250065579876e-20
8.741621082001717898e-07 1.819489629931577035e+00 3.908682982583219564e+04 6.157377437770468800e-20
9.189813578979717484e-07 1.907720750008630617e+00 3.906735314399730123e+04 7.500758228001621805e-20
9.660985396665287929e-07 2.000230394361746988e+00 3.904788616725958855e+04 9.137230024237617354e-20
1.015631471002508262e-06 2.097226038197911535e+00 3.902842889077420841e+04 1.113073771717521018e-19
1.067704010034801725e-06 2.198925217660636200e+00 3.900898130969872727e+04 1.355917732177577083e-19
1.122446365234364056e-06 2.305556017710370220e+00 3.898954341921972082e+04 1.651743975242079743e-19
1.179995421003214005e-06 2.417357583654237363e+00 3.897011521449957218e+04 2.012111867116730969e-19
1.240495079956737545e-06 2.534580657489834632e+00 3.895069669070308737e+04 2.451102729281517428e-19
1.304096622755184042e-06 2.657488140258279063e+00 3.893128784302403801e+04 2.985870064025389107e-19
1.370959086384113674e-06 2.786355681656466299e+00 3.891188866663203225e+04 3.637309824976694584e-19
1.441249661829700436e-06 2.921472298252568045e+00 3.889249915670794144e+04 4.430876923370197761e-19
1.515144112143284134e-06 3.063141021674276043e+00 3.887311930843502341e+04 5.397579874895722912e-19
1.592827211940548929e-06 3.211679578228981313e+00 3.885374911699013319e+04 6.575192452808276128e-19
1.674493209434307728e-06 3.367421101487459989e+00 3.883438857757898950e+04 8.009729692480337045e-19
1.760346312156213177e-06 3.530714879407721440e+00 3.881503768538324221e+04 9.757245922010945489e-19
1.850601197581954108e-06 3.701927137703287407e+00 3.879569643559573888e+04 1.188602507672372484e-18
1.945483549936765273e-06 3.881441861189502074e+00 3.877636482340292423e+04 1.447924888371820394e-18
2.045230624523543909e-06 4.069661654969232600e+00 3.875704284402009944e+04 1.763824717544146974e-18
2.150091840984688092e-06 4.267008647361617335e+00 3.873773049263847497e+04 2.148645733770135856e-18
2.260329406981118614e-06 4.473925436633495067e+00 3.871842776446048811e+04 2.617424760707864543e-18
2.376218973848010330e-06 4.690876083630135973e+00 3.869913465468658251e+04 3.188479268727126617e-18
2.498050325866710336e-06 4.918347152547952739e+00 3.867985115853275784e+04 3.884123127327442117e-18
2.626128104876382668e-06 5.156848802164688550e+00 3.866057727119983610e+04 4.731538516246690007e-18
2.760772572037287162e-06 5.406915930002411663e+00 3.864131298790859728e+04 5.763838065075842425e-18
2.902320408650496801e-06 5.669109371955086907e+00 3.862205830386463640e+04 7.021358724299845370e-18
3.051125558036519890e-06 5.944017160106749742e+00 3.860281321428909723e+04 8.553237925613461149e-18
3.207560110577962700e-06 6.232255841533531182e+00 3.858357771440991928e+04 1.041933361971629945e-17
3.372015234139298021e-06 6.534471861049204300e+00 3.856435179943106778e+04 1.269256321676745288e-17
3.544902152190277809e-06 6.851343011031935326e+00 3.854513546458961355e+04 1.546175282331178981e-17
3.726653172078803499e-06 7.183579951520126627e+00 3.852592870510308421e+04 1.883510810907882798e-17
3.917722766024474580e-06 7.531927804050971176e+00 3.850673151620452700e+04 2.294444242736897657e-17
4.118588707535861475e-06 7.897167822771190338e+00 3.848754389312936837e+04 2.795032740211439133e-17
4.329753266093139866e-06 8.280119146582359591e+00 3.846836583110228094e+04 3.404836724004851275e-17
4.551744463083409039e-06 8.681640636270174127e+00 3.844919732536780066e+04 4.147684193587564384e-17
4.785117392129195949e-06 9.102632800692244786e+00 3.843003837115535134e+04 5.052601802737047004e-17
5.030455607111644826e-06 9.544039816404255916e+00 3.841088896371860028e+04 6.154949071701621415e-17
5.288372581359179674e-06 1.000685164517909165e+01 3.839174909828298405e+04 7.497800055152098659e-17
5.559513241650373021e-06 1.049210625426229981e+01 3.837261877010251919e+04 9.133626454442137951e-17
5.844555580866815540e-06 1.100089194424999661e+01 3.835349797442923591e+04 1.112634794148469885e-16
6.144212353328471540e-06 1.153434978985978887e+01 3.833438670650441782e+04 1.355382981036460927e-16
6.459232857050738118e-06 1.209367619908374891e+01 3.831528496158919006e+04 1.651092555207799331e-16
6.790404807379771878e-06 1.268012559640168568e+01 3.829619273492958746e+04 2.011318324048415745e-16
7.138556306691162195e-06 1.329501323614921837e+01 3.827711002178708441e+04 2.450136055603335741e-16
7.504557915077204533e-06 1.393971815228891664e+01 3.825803681742987101e+04 2.984692487108183473e-16
7.889324827200587103e-06 1.461568625120425757e+01 3.823897311710238864e+04 3.635875331177203008e-16
8.293819160757753291e-06 1.532443355453443345e+01 3.821991891608189326e+04 4.429129460058342326e-16
8.719052362274285227e-06 1.606754959918067271e+01 3.820087420962625765e+04 5.395451160202729097e-16
9.166087736248057605e-06 1.684670100225281431e+01 3.818183899300875055e+04 6.572599307528372443e-16
9.636043103964330830e-06 1.766363519885084443e+01 3.816281326150500536e+04 8.006570789848294073e-16
1.013009359863121538e-05 1.852018436109776900e+01 3.814379701037996711e+04 9.753397828376689800e-16
1.064947460382478790e-05 1.941826950725532441e+01 3.812479023491832049e+04 1.188133742840566988e-15
1.119548484259151579e-05 2.035990481003859998e+01 3.810579293038973265e+04 1.447353851156273501e-15
1.176948962493235138e-05 2.134720211392380307e+01 3.808680509208790318e+04 1.763129094751204198e-15
1.237292426178888029e-05 2.238237567141356266e+01 3.806782671527856292e+04 2.147798344042352261e-15
1.300729765406831334e-05 2.346774710909966188e+01 3.804885779526009719e+04 2.616392492418769263e-15
1.367419606568169201e-05 2.460575063441183374e+01 3.802989832731161732e+04 3.187221786147702119e-15
1.437528709002991615e-05 2.579893849495663005e+01 3.801094830672754324e+04 3.882591294513101254e-15
1.511232381985586521e-05 2.704998670253404569e+01 3.799200772880464501e+04 4.729672477061079513e-15
1.588714923088939049e-05 2.836170103472051096e+01 3.797307658882907708e+04 5.761564904314622255e-15
1.670170079024660794e-05 2.973702332753859423e+01 3.795415488210228796e+04 7.018589618547336697e-15
1.755801530110687162e-05 3.117903807322503340e+01 3.793524260393239092e+04 8.549864672480460707e-15
1.845823399578163895e-05 3.269097933789863930e+01 3.791633974960396154e+04 1.041522440983313349e-14
1.940460788991057802e-05 3.427623801482534560e+01 3.789744631443408434e+04 1.268755748337921060e-14
2.039950341117315543e-05 3.593836942922892774e+01 3.787856229372066446e+04 1.545565496812904212e-14
2.144540831659045798e-05 3.768110131202544721e+01 3.785968768277684285e+04 1.882767985932532663e-14
2.254493791321357228e-05 3.950834216013879541e+01 3.784082247691810335e+04 2.293539352530161928e-14
2.370084159775344190e-05 4.142419000222006531e+01 3.782196667144936509e+04 2.793930426322744872e-14
2.491600973150475266e-05 4.343294158952876671e+01 3.780312026169506862e+04 3.403493913685155374e-14
2.619348086775470484e-05 4.553910203236053889e+01 3.778428324296481151e+04 4.146048416722867525e-14
2.753644934974891994e-05 4.774739490392200025e+01 3.776545561058770545e+04 5.050609141592900203e-14
2.894827329821342076e-05 5.006277283400317657e+01 3.774663735987801192e+04 6.152521663338075699e-14
3.043248300840562692e-05 5.249042861652979752e+01 3.772782848616949195e+04 7.494843048954365546e-14
3.199278977769132648e-05 5.503580685558087993e+01 3.770902898478537099e+04 9.130024305836100276e-14
3.363309518572123809e-05 5.770461617625787198e+01 3.769023885105120280e+04 1.112195989704794440e-13
3.535750085041236633e-05 6.050284202768891362e+01 3.767145808030557964e+04 1.354848440792058309e-13
3.717031868412924126e-05 6.343676010679401855e+01 3.765268666788299015e+04 1.650441392082433147e-13
3.907608167571078754e-05 6.651295043306001276e+01 3.763392460911811213e+04 2.010525093940800045e-13
4.107955522530357004e-05 6.973831210582119411e+01 3.761517189934581256e+04 2.449169763165310513e-13
4.318574906034433776e-05 7.312007877720199645e+01 3.759642853391396056e+04 2.983515374606177058e-13
4.539992976248807967e-05 7.666583487525961971e+01 3.757769450816421886e+04 3.634441403117466732e-13
4.772763393680535859e-05 8.038353261393309879e+01 3.755896981744267396e+04 4.427382685915626009e-13
5.017468205617894183e-05 8.428150982779426670e+01 3.754025445709776977e+04 5.393323285039609191e-13
5.274719301551768723e-05 8.836850867165496481e+01 3.752154842248022760e+04 6.570007184941338498e-13
5.545159943218107865e-05 9.265369522695851856e+01 3.750285170894311159e+04 8.003413133033393437e-13
5.829466373087315435e-05 9.714668005893044267e+01 3.748416431184180692e+04 9.749551252367937090e-13
6.128349505322671351e-05 1.018575397705915293e+02 3.746548622653398343e+04 1.187665162881859732e-12
6.442556703436033705e-05 1.067968396019718540e+02 3.744681744837966107e+04 1.446783039148197111e-12
6.772873649085907528e-05 1.119756571252106312e+02 3.742815797274113720e+04 1.762433746299166815e-12
7.120126306690828879e-05 1.174056070887016858e+02 3.740950779498516931e+04 2.146951288510583469e-12
7.485182988770643921e-05 1.230988674659144664e+02 3.739086691047444037e+04 2.615360631238324996e-12
7.868956527180084881e-05 1.290682067675054441e+02 3.737223531457819627e+04 3.185964799497514669e-12
8.272406555663884206e-05 1.353270126777907763e+02 3.735361300267223123e+04 3.881060065828250516e-12
8.696541909440986997e-05 1.418893220798012180e+02 3.733499997013040411e+04 4.727807173809358540e-12
9.142423147818073699e-05 1.487698525363769591e+02 3.731639621232462378e+04 5.759292640051071555e-12
9.611165206140254191e-05 1.559840352979313991e+02 3.729780172463548661e+04 7.015821604885917178e-12
1.010394018371016720e-04 1.635480499106962782e+02 3.727921650244375633e+04 8.546492749697733583e-12
1.062198027464676133e-04 1.714788605032736939e+02 3.726064054113251041e+04 1.041111682055432300e-11
1.116658084901241013e-04 1.797942538327879447e+02 3.724207383608711098e+04 1.268255372416511470e-11
1.173910369191279803e-04 1.885128791759829312e+02 3.722351638269522664e+04 1.544955951783949082e-11
1.234098040866900780e-04 1.976542901547283293e+02 3.720496817634683975e+04 1.882025453915256600e-11
1.297371600457651012e-04 2.072389885897345323e+02 3.718642921243421006e+04 2.292634819196614453e-11
1.363889264820232711e-04 2.172884704808359686e+02 3.716789948635188921e+04 2.792828547168728114e-11
1.433817362763056455e-04 2.278252742169700866e+02 3.714937899349779764e+04 3.402151632947052157e-11
1.507330750954898936e-04 2.388730311238916215e+02 3.713086772926792764e+04 4.144413284981957836e-11
1.584613251157653230e-04 2.504565184632702710e+02 3.711236568906792672e+04 5.048617266320477915e-11
1.665858109876483387e-04 2.626017150014926642e+02 3.709387286829837103e+04 6.150095212306695040e-11
1.751268481576742783e-04 2.753358592734667809e+02 3.707538926236634870e+04 7.491887208951459699e-11
1.841057936675958640e-04 2.886875106715407355e+02 3.705691486668015568e+04 9.126423577855247261e-11
1.935450995581117185e-04 3.026866134968834103e+02 3.703844967665251170e+04 1.111757358318513244e-10
2.034683690106629794e-04 3.173645641166381210e+02 3.701999368768999557e+04 1.354314111361402397e-10
2.139004153676812446e-04 3.327542813782147846e+02 3.700154689521512773e+04 1.649790485764842200e-10
2.248673241788693637e-04 3.488902804373343542e+02 3.698310929464118090e+04 2.009732176669114940e-10
2.363965184286629729e-04 3.658087501668761661e+02 3.696468088138893654e+04 2.448203851816183055e-10
2.485168271079757005e-04 3.835476343190667876e+02 3.694626165088094422e+04 2.982338726337939793e-10
2.612585573016925852e-04 4.021467166234692172e+02 3.692785159853994264e+04 3.633008040574845553e-10
2.746535699721688829e-04 4.216477100117068062e+02 3.690945071979408385e+04 4.425636600671731024e-10
2.887353596282311993e-04 4.420943501686796822e+02 3.689105901007223292e+04 5.391196249074807582e-10
3.035391380788964293e-04 4.635324936204108326e+02 3.687267646480449184e+04 6.567416084643283205e-10
3.191019224812350285e-04 4.860102205784249350e+02 3.685430307942480431e+04 8.000256721545414412e-10
3.354626279025451924e-04 5.095779427711912035e+02 3.683593884936885297e+04 9.745706193383214231e-10
3.526621646282911485e-04 5.342885165046156999e+02 3.681758377007513627e+04 1.187196767723272300e-09
3.707435404591257876e-04 5.601973612050002203e+02 3.679923783698285115e+04 1.446212452258685803e-09
3.897519682527942697e-04 5.873625837105847722e+02 3.678090104553503625e+04 1.761738672081367189e-09
4.097349789798286580e-04 6.158451085900895805e+02 3.676257339117660740e+04 2.146104567043143795e-09
4.307425405757319271e-04 6.457088147807814948e+02 3.674425486935448862e+04 2.614329177006746942e-09
4.528271828868440083e-04 6.770206788524220656e+02 3.672594547551812866e+04 3.184708308582359230e-09
4.760441290223192071e-04 7.098509252183566787e+02 3.670764520511873707e+04 3.879529441034561957e-09
5.004514334406633081e-04 7.442731836307774529e+02 3.668935405361055018e+04 4.725942606201756368e-09
5.261101271161193775e-04 7.803591351613869165e+02 3.667094233760749194e+04 5.756980555228830622e-09
5.530843701478924991e-04 8.181847240038339351e+02 3.665231624439396546e+04 7.012869911509183802e-09
5.814416121938181326e-04 8.578223865066479448e+02 3.663324247356006526e+04 8.542519212154201222e-09
6.112527611296385451e-04 8.993619573691051983e+02 3.661380465476948302e+04 1.040560351266287125e-08
6.425923603556274889e-04 9.428639794142457049e+02 3.659342475409579492e+04 1.267435821809948760e-08
6.755387751939181127e-04 9.884514156111553120e+02 3.657270889737054677e+04 1.543748088982615885e-08
7.101743888426273075e-04 1.036151721332171292e+03 3.655039482477144338e+04 1.880133251811217419e-08
7.465858083767621441e-04 1.086132139256063510e+03 3.652772794706854620e+04 2.289771337535027145e-08
7.848640813110194670e-04 1.138398310077961924e+03 3.650306899026646715e+04 2.788353711179624049e-08
8.251049232659968648e-04 1.193130065394260782e+03 3.647766946206062858e+04 3.395358091704078874e-08
8.674089573071004124e-04 1.250359801236534395e+03 3.645034315307596989e+04 4.134061846349793427e-08
9.118819655546198935e-04 1.310228384830902542e+03 3.642156076921855129e+04 5.033071994887942346e-08
9.586351536941296880e-04 1.372834130538408090e+03 3.639108594511019328e+04 6.127007036030409341e-08
1.007785429048626679e-03 1.438241609275761448e+03 3.635823874208804773e+04 7.457724444534899109e-08
1.059455692907732439e-03 1.506655805778948206e+03 3.632410046465195046e+04 9.076798726363409639e-08
1.113775147844932919e-03 1.578016861150495060e+03 3.628645935186158022e+04 1.104522246301319968e-07
1.170879620791311689e-03 1.652686437072997705e+03 3.624807408212410519e+04 1.343994413252491337e-07
1.230911902673626282e-03 1.730426401100323801e+03 3.620488750615747995e+04 1.634949358453079630e-07
1.294022105466001958e-03 1.811717159914084959e+03 3.616069475350902212e+04 1.988775415764140386e-07
1.360368037548055848e-03 1.896356452429891760e+03 3.611207841702645237e+04 2.418574618890269063e-07
1.430115598308045934e-03 1.984693496940246177e+03 3.606119814407494414e+04 2.940878864837231680e-07
1.503439192977754080e-03 2.076694268947440833e+03 3.600647794387404429e+04 3.575200696148245029e-07
1.580522168736409397e-03 2.172491083645537401e+03 3.594796349486945837e+04 4.345402769416787352e-07
1.661557273174137529e-03 2.272313688002373965e+03 3.588643885771970963e+04 5.280614829463239568e-07
1.746747136261333697e-03 2.375959700408642220e+03 3.581926644293437130e+04 6.415041183556959512e-07
1.836304777029133936e-03 2.484048241282531762e+03 3.575016875908360089e+04 7.792280486119156428e-07
1.930454136227949345e-03 2.595892119619932600e+03 3.567322181506497145e+04 9.460963419600093512e-07
2.029430636295988157e-03 2.712516592516976289e+03 3.559476638063146675e+04 1.148590709178494162e-06
2.133481770037976965e-03 2.833000882457792159e+03 3.550783809392117837e+04 1.393746460997865659e-06
2.242867719486086112e-03 2.958334796203797396e+03 3.541811696544626466e+04 1.690941417936825194e-06
2.357862006490532136e-03 3.087882646364836546e+03 3.532101142891036579e+04 2.050624770893967222e-06
2.478752176666675511e-03 3.222110113225797249e+03 3.521874351542313525e+04 2.486050593591423428e-06
2.605840518408833982e-03 3.360977274651166226e+03 3.511053019153985952e+04 3.012862645810975502e-06
2.739444818768723561e-03 3.504170577725879411e+03 3.499436763032706222e+04 3.649582353814913040e-06
2.879899158088616417e-03 3.652518371326192664e+03 3.487407249040951865e+04 4.419717495992389570e-06
3.027554745376210416e-03 3.804607506631255092e+03 3.474260050794225390e+04 5.348797229296527116e-06
3.182780796510085389e-03 3.962445927267055140e+03 3.460907544663662702e+04 6.472227804989997824e-06
3.345965457471714814e-03 4.123220604425876445e+03 3.446097334563610639e+04 7.824762955843790090e-06
3.517516774912597243e-03 4.289721035018059411e+03 3.431031539473656449e+04 9.458185799408115905e-06
3.697863716483424691e-03 4.459450858374654672e+03 3.414694123832556215e+04 1.142363571292348883e-05
3.887457243476651579e-03 4.634060038749525120e+03 3.397761373999661009e+04 1.379204900074995971e-05
4.086771438464619106e-03 4.812309512790506233e+03 3.379790288881881133e+04 1.664044207023086168e-05
4.296304690752923532e-03 4.994200736761567896e+03 3.360832790711145935e+04 2.006418272115879369e-05
4.516580942613284376e-03 5.180299225460362322e+03 3.341121450957074558e+04 2.417989988623824596e-05
4.748150999412126434e-03 5.368325784654455674e+03 3.319977973128480517e+04 2.911271361207112260e-05
4.991593906910903912e-03 5.561330254068239810e+03 3.298420677407686890e+04 3.504020857953022425e-05
5.247518399182111472e-03 5.753977066772437865e+03 3.274927541394835862e+04 4.212115734414616090e-05
5.516564420761540903e-03 5.951729760246214028e+03 3.251173639442432250e+04 5.061969743942901516e-05
5.799404726842954938e-03 6.147961089137455929e+03 3.225410898884430208e+04 6.075074717467733956e-05
6.096746565516493986e-03 6.347716518531274232e+03 3.199110097982070874e+04 7.287561104984129642e-05
6.409333446257287764e-03 6.546257211012962216e+03 3.171158055609365329e+04 8.731762677646317324e-05
6.737946999086424568e-03 6.745390423744297550e+03 3.142142179341170049e+04 1.045346145326404180e-04
7.083408929053131541e-03 6.943918953915895145e+03 3.111899331420461749e+04 1.250264344563093669e-04
7.446583070925409317e-03 7.139245865382532429e+03 3.079997173109185314e+04 1.493460407398160240e-04
7.828377549226901017e-03 7.334987593932901291e+03 3.047367077262343446e+04 1.782727364594087190e-04
8.229747049021221908e-03 7.522716750795236294e+03 3.012405038138238160e+04 2.124244142538438314e-04
8.651695203121895217e-03 7.712225342159924367e+03 2.977260232641635957e+04 2.530192723816532003e-04
9.095277101697147801e-03 7.888097356776222114e+03 2.939097566705345889e+04 3.006701583013554830e-04
9.561601930544914862e-03 8.063965920583677871e+03 2.900702203806884063e+04 3.571173252302147242e-04
1.005183574463506743e-02 8.226505423805463579e+03 2.859811631071267402e+04 4.232741995145734956e-04
1.056720438385422289e-02 8.383350984332464577e+03 2.817990270953294385e+04 5.011505716018085400e-04
1.110899653824396448e-02 8.527894920795451981e+03 2.774294212920665814e+04 5.922929914043973927e-04
1.167856697039719623e-02 8.659685738686026525e+03 2.728874684845697993e+04 6.987809506283775311e-04
1.227733990307029038e-02 8.781151186252564003e+03 2.682311334690866352e+04 8.232553322826437333e-04
1.290681258048182248e-02 8.881302588931062928e+03 2.633132550938177155e+04 9.673952195934687514e-04
1.356855901220299469e-02 8.974321982477389611e+03 2.583664648537891117e+04 1.135724748516544818e-03
1.426423390900143431e-02 9.035890176116423390e+03 2.530589618989776864e+04 1.328576475951955297e-03
1.499557682048000690e-02 9.091044274861402300e+03 2.477673452772355085e+04 1.553007524075484527e-03
1.576441648485692182e-02 9.111046935526295783e+03 2.421153107644109332e+04 1.808307331837147054e-03
1.657267540176381518e-02 9.124717888252846024e+03 2.365095958741759023e+04 2.104105820112024943e-03
1.742237463949622076e-02 9.122243190893210340e+03 2.308292267979604367e+04 2.443959190801306067e-03
1.831563888873704443e-02 9.090473130384641991e+03 2.249231455460450161e+04 2.829586426947812861e-03
1.925470177538994923e-02 9.025302485739319309e+03 2.187624199091751871e+04 3.263941864391551630e-03
2.024191144580758314e-02 8.927862281610141508e+03 2.123814138976147660e+04 3.751217994496485429e-03
2.127973643838054069e-02 8.813820045974249297e+03 2.059803477564186687e+04 4.302621788176979808e-03
2.237077185616915750e-02 8.640719638775122803e+03 1.990763114317745567e+04 4.900755988474758337e-03
2.351774585601286785e-02 8.458389769076729863e+03 1.922602072782089817e+04 5.573718506306624305e-03
2.472352647034336062e-02 8.243063783878011236e+03 1.852639077506481772e+04 6.310883603196619160e-03
2.599112877875953478e-02 8.024539938936796716e+03 1.784257342026926199e+04 7.137823832974719319e-03
2.732372244729698585e-02 7.776348716062755557e+03 1.714494971492065451e+04 8.036474701172047555e-03
2.872463965424410307e-02 7.515589035659592810e+03 1.645245815640012734e+04 9.023957699276979189e-03
3.019738342232343442e-02 7.230914871816361483e+03 1.575240387397733321e+04 1.008721895166462927e-02
3.174563637807315680e-02 6.935730518481639592e+03 1.505903872100955596e+04 1.124124936598797954e-02
3.337326996033158216e-02 6.636307127315261823e+03 1.437855735071462550e+04 1.249663313663033730e-02
3.508435410085083278e-02 6.364942782114419970e+03 1.374517452079106442e+04 1.392532114770584153e-02
3.688316740124613496e-02 6.109850380447923271e+03 1.314526134823299981e+04 1.553050090924073569e-02
3.877420783172848273e-02 5.820135546858993621e+03 1.252337593848346478e+04 1.718826970080700525e-02
4.076220397837305304e-02 5.538332161260480461e+03 1.192464060140023503e+04 1.900300277018290504e-02
4.285212686704739649e-02 5.252520772229285285e+03 1.133549838358103989e+04 2.093896367834065589e-02
4.504920239356542677e-02 4.993971143700758148e+03 1.078898713490894625e+04 2.313010508237056673e-02
4.735892439114896407e-02 4.778435853809737637e+03 1.030152384260280269e+04 2.571351865797745148e-02
4.978706836787243073e-02 4.583279244980292788e+03 9.847991881074905905e+03 2.865472468356590474e-02
5.233970594844135349e-02 4.408361625810633996e+03 9.427554685997001798e+03 3.202147311867282325e-02
5.502322005641668845e-02 4.261947146732683905e+03 9.048267144154073321e+03 3.596800302081492456e-02
5.784432087484844831e-02 4.131978528825819012e+03 8.696436767252642312e+03 4.051450104958839032e-02
6.081006262522850592e-02 3.996743258780684300e+03 8.348652256359546300e+03 4.553054638811723093e-02
6.392786120671870020e-02 3.863671532588180980e+03 8.012430515042831757e+03 5.113767530442372283e-02
6.720551273976151097e-02 3.696183026590495501e+03 7.649654884515805861e+03 5.683795238792803406e-02
7.065121306044198912e-02 3.528441605684173737e+03 7.295541063504933845e+03 6.303939873660435733e-02
7.427357821434696361e-02 3.338293236286679075e+03 6.926745180569145305e+03 6.929434318806317050e-02
7.808166600116696332e-02 3.131996097280007234e+03 6.549053028165993055e+03 7.553333921200701406e-02
8.208499862391337165e-02 2.897425523074302873e+03 6.148582044348821000e+03 8.118465063826588168e-02
8.629358649938589920e-02 2.657690467338380131e+03 5.748068857117586958e+03 8.651874589390069759e-02
9.071795328942874881e-02 2.421242349116189416e+03 5.355374227654199785e+03 9.157738765558881555e-02
9.536916221556676621e-02 2.210600177140119740e+03 4.994899158117552361e+03 9.714140084810167497e-02
1.002588437228218304e-01 2.019836038721971363e+03 4.660479626127123993e+03 1.031227416099622513e-01
1.053992245618834284e-01 1.882297031296102205e+03 4.391547301243658694e+03 1.116530685859238176e-01
1.108031583623540345e-01 1.760961366939063055e+03 4.146191254716074582e+03 1.213602623564854488e-01
1.164841577735182265e-01 1.679371256308162629e+03 3.952289111295870043e+03 1.344675729779974960e-01
1.224564282530043596e-01 1.598715651788659670e+03 3.764106410637691624e+03 1.487257781156852143e-01
1.287349035878279091e-01 1.515088510243575683e+03 3.576812809650817144e+03 1.637559918938222836e-01
1.353352832366376823e-01 1.412000506614270080e+03 3.370509588878396698e+03 1.773120373922864590e-01
1.422740715865399574e-01 1.290797938748663682e+03 3.145634093786898575e+03 1.883240576823969614e-01
1.495686192226629019e-01 1.162326119902267692e+03 2.913694413341101153e+03 1.970242620404578648e-01
1.572371663136570008e-01 1.038041591026136530e+03 2.687746535810987552e+03 2.044328292236769484e-01
1.652988882216175348e-01 9.490388732555339857e+02 2.508556373997903393e+03 2.171521124126232771e-01
1.737739434504778357e-01 8.721272538594174648e+02 2.347322298676254832e+03 2.318483915400033624e-01
1.826835240527691917e-01 8.226710058353077102e+02 2.225342292822443142e+03 2.540941067924136210e-01
1.920499086207905493e-01 7.711066482726120057e+02 2.103012629413439299e+03 2.767113805000079307e-01
2.018965179946938526e-01 7.037124084117509710e+02 1.961025280533622663e+03 2.933944908597080903e-01
2.122479738267836202e-01 6.371514510388714143e+02 1.821410589100871221e+03 3.086338771406550996e-01
2.231301601484726449e-01 5.692969595617141749e+02 1.680571065285095074e+03 3.203936903645573375e-01
2.345702880938428103e-01 5.186831915148752614e+02 1.565811462074426117e+03 3.391496999004639523e-01
2.465969639416541459e-01 4.799954232978221853e+02 1.470306441039407673e+03 3.646452254332464005e-01
2.592402606459418002e-01 4.390724277516837333e+02 1.372645293545042932e+03 3.875375354113432258e-01
2.725317930340656614e-01 3.999837544804374829e+02 1.278828627365574903e+03 4.101702261270200323e-01
2.865047968602461026e-01 3.600467250457691080e+02 1.184326744748108013e+03 4.289679217023708580e-01
3.011942119122611450e-01 3.243389400617891738e+02 1.097217136089708220e+03 4.489616207983188056e-01
3.166367693791155569e-01 2.968728566943058809e+02 1.024658652761849225e+03 4.774465812480311877e-01
3.328710836981453314e-01 2.703004517742809867e+02 9.543733042368953647e+02 5.050626350498468309e-01
3.499377491112247163e-01 2.428318407401947070e+02 8.829754806598326695e+02 5.271670689056877634e-01
3.678794411715154977e-01 2.192095503966226602e+02 8.188917473797737330e+02 5.528996112188281353e-01
3.867410234545784475e-01 1.989877258630509402e+02 7.615717643581776883e+02 5.831191098051079491e-01
4.065696597406806001e-01 1.795546623280962422e+02 7.061500005871714620e+02 6.113245605491385293e-01
4.274149319488126375e-01 1.614907204423782332e+02 6.536922520117601607e+02 6.388029339090434133e-01
4.493289641173122684e-01 1.455727430722498639e+02 6.058156875443286253e+02 6.690268814011626208e-01
4.723665527411103904e-01 1.312817139293480011e+02 5.615695257199993193e+02 7.009901453490339218e-01
4.965853037915104462e-01 1.180829435392148952e+02 5.198714041360747160e+02 7.325529431465140906e-01
5.220457767611225153e-01 1.061764871132299533e+02 4.811909505814407453e+02 7.652870629087276111e-01
5.488116360941387439e-01 9.533952014523489993e+01 4.450826722046917325e+02 7.983864420065862610e-01
5.769498103806052214e-01 8.558062563761349395e+01 4.116165851839004972e+02 8.326448895766614955e-01
6.065306597127584354e-01 7.677854745428773242e+01 3.805625194072501927e+02 8.678974806507303574e-01
6.376281516219051149e-01 6.883368386990451882e+01 3.517284556013238443e+02 9.040110131310039598e-01
6.703200460357783275e-01 6.167647688025624575e+01 3.249882867660633678e+02 9.411014409772645584e-01
7.046880897188601001e-01 5.521475695120931704e+01 3.001486835225736627e+02 9.788501635944565349e-01
7.408182206818726412e-01 4.941450354006220635e+01 2.771641207252566801e+02 1.017793473481511946e+00
7.788007830715680813e-01 4.417651713475931530e+01 2.558034861539136955e+02 1.057160361400123261e+00
8.187307530781540166e-01 3.948571439006835249e+01 2.360650280250580693e+02 1.097826145614138049e+00
8.607079764252394405e-01 3.525838664275293866e+01 2.177427993504900599e+02 1.138938248716290236e+00
9.048374180361511421e-01 3.147469874087356700e+01 2.008141475099515390e+02 1.181254555407927676e+00
9.512294245009160765e-01 2.807683997271794496e+01 1.851350122642515998e+02 1.224261841471392609e+00
1.000000000000213163e+00 2.503409927120666723e+01 1.706402040553259383e+02 1.268242284790033425e+00
1.051271096376248826e+00 2.230909819328240928e+01 1.572379290450581379e+02 1.313095902937049031e+00
1.105170918075884856e+00 1.986829062385165656e+01 1.448429930551949951e+02 1.358686022265641613e+00
1.161834242728533306e+00 1.768848059736131972e+01 1.334023358981897900e+02 1.405378500307680634e+00
1.221402758160433644e+00 1.573632432644976475e+01 1.228204683851821812e+02 1.452614068357206634e+00
1.284025416688019838e+00 1.399736775086577723e+01 1.130689131688457536e+02 1.501196327477175574e+00
1.349858807576296504e+00 1.243955436276586290e+01 1.040455171897158948e+02 1.550030040145671917e+00
1.419067548593566874e+00 1.105335407607223885e+01 9.573460155991179477e+01 1.600197350887242909e+00
1.491824697641596753e+00 9.815041694268636263e+00 8.805801641351003184e+01 1.650881063831225237e+00
1.568312185490513100e+00 8.712840229290833349e+00 8.098482162967079034e+01 1.702658535212549396e+00
1.648721270700491237e+00 7.730521685762474782e+00 7.446103818467123858e+01 1.755176455871520824e+00
1.733253017867778301e+00 6.855972550373750529e+00 6.844790367211142268e+01 1.808527946752267912e+00
1.822118800390913007e+00 6.078247146657705713e+00 6.290942634582013682e+01 1.862853410559132561e+00
1.915540829014322100e+00 5.385866602575418938e+00 5.780365159872475544e+01 1.917785767384934337e+00
2.013752707470925607e+00 4.771448231128469608e+00 5.310721381534100516e+01 1.973962450822285275e+00
2.117000016613148627e+00 4.224292225057923567e+00 4.877601518121966251e+01 2.030424275289896663e+00
2.225540928492967474e+00 3.739405630639621503e+00 4.479520825305674947e+01 2.088236070575583803e+00
2.339646851926517890e+00 3.308173471989700687e+00 4.112683979632104325e+01 2.146394083544880260e+00
2.459603111157505406e+00 2.926120133268867995e+00 3.775532465719405195e+01 2.205756219216532088e+00
2.585709659316432152e+00 2.586953630330921960e+00 3.465192661575949984e+01 2.265677942872745376e+00
2.718281828459663263e+00 2.286431783939634865e+00 3.179897483932187185e+01 2.326547658467031710e+00
2.857651118063815776e+00 2.020141106164209166e+00 2.917600189813155964e+01 2.388248880111850436e+00
3.004166023947120401e+00 1.784155584639602887e+00 2.676407377845916713e+01 2.450613225151295982e+00
3.158192909690492378e+00 1.575395014775813340e+00 2.454887083646246637e+01 2.514060290057857472e+00
3.320116922737311960e+00 1.390383795767985875e+00 2.251153281295705000e+01 2.577894212184750344e+00
3.490342957462647444e+00 1.226969095577984170e+00 2.064217526953714099e+01 2.643067108084494077e+00
3.669296667620093988e+00 1.082160455702319890e+00 1.892280047389180098e+01 2.708384990131293968e+00
3.857425530697870641e+00 9.543416313788328775e-01 1.734572456181681943e+01 2.775024234392809319e+00
4.055199966845619564e+00 8.412463920883901380e-01 1.589655618165109985e+01 2.842040729800554111e+00
4.263114515169814212e+00 7.414078568857154217e-01 1.456702833085672211e+01 2.910103526840296606e+00
4.481689070339116121e+00 6.532029486374616445e-01 1.334649942268051248e+01 2.978815219125589664e+00
4.711470182591849465e+00 5.753311541334167334e-01 1.222652894900216047e+01 3.048298493631058648e+00
4.953032424396282885e+00 5.066297847672439625e-01 1.119929087952258406e+01 3.118706392514749570e+00
5.206979827181080545e+00 4.459702340202191251e-01 1.025649642399086936e+01 3.189582334776889461e+00
5.473947391728498424e+00 3.925228042450072397e-01 9.392462586114273648e+00 3.261647397129296522e+00
5.754602676007100293e+00 3.453304754130202547e-01 8.599345764421682858e+00 3.333889455452101913e+00
6.049647464414390718e+00 3.037863032070821090e-01 7.872868248321601037e+00 3.407443396496363963e+00
6.359819522603354258e+00 2.671298690310843771e-01 7.206278556901717813e+00 3.481184849285890337e+00
6.685894442280875261e+00 2.348674501407234383e-01 6.595719340564611954e+00 3.556080950297334731e+00
7.028687580590986528e+00 2.064365744657007118e-01 6.035941247681601673e+00 3.631446263179994194e+00
7.389056098932435646e+00 1.814472769708995736e-01 5.523671469978799209e+00 3.708408820463242161e+00
7.767901106308653603e+00 1.594829521143047990e-01 5.054877981122988473e+00 3.787002473126775293e+00
8.166169912569634093e+00 1.401774247577866339e-01 4.625870952484452125e+00 3.867261789566335484e+00
8.584858397179985445e+00 1.232088455300332924e-01 4.233273710849402960e+00 3.949222070798277251e+00
9.025013499436326470e+00 1.082943251602305201e-01 3.873996160948649514e+00 4.032919365986097127e+00
9.487735836360851494e+00 9.518521832956496065e-02 3.545210463613902352e+00 4.118390488296409302e+00
9.974182454817173138e+00 8.366297841591754936e-02 3.244328778126509327e+00 4.205673031090397807e+00
1.048556972473016025e+01 7.353551402474890752e-02 2.968982893571407988e+00 4.294805384459367659e+00
1.102317638064432792e+01 6.463398656454111268e-02 2.717005588875554878e+00 4.385826752109262650e+00
1.158834671922626214e+01 5.680999547809511413e-02 2.486413574818919781e+00 4.478777168604842984e+00
1.218249396070650370e+01 4.993310420359590995e-02 2.275391883754726674e+00 4.573697516977392574e+00
1.280710378266622662e+01 4.388866561991998372e-02 2.082279584173382325e+00 4.670629546707812274e+00
1.346373803500505772e+01 3.857591072333871329e-02 1.905556707669347594e+00 4.769615892088115316e+00
1.415403864537935341e+01 3.390626867132619238e-02 1.743832285415758188e+00 4.870700090974855456e+00
1.487973172487657614e+01 2.980189018626712774e-02 1.595833399981952061e+00 4.973926603938105373e+00
1.564263188419211659e+01 2.619434970222503725e-02 1.460395166322297600e+00 5.079340833816636369e+00
1.644464677110120832e+01 2.302350461779145013e-02 1.336451563077713178e+00 5.186989145688106539e+00
1.728778184057202338e+01 2.023649263720615765e-02 1.223027042023713040e+00 5.296918887262509479e+00
1.817414536944768244e+01 1.778685048405952845e-02 1.119228849623722155e+00 5.409178409706698609e+00
1.910595372823652127e+01 1.563373929534645629e-02 1.024240000251551930e+00 5.523817088911022744e+00
2.008553692319280515e+01 1.374126378213476503e-02 9.373128457758879151e-01 5.640885347207305500e+00
2.111534442254602695e+01 1.207787380632724915e-02 8.577631908934760796e-01 5.760434675546428629e+00
2.219795128144734164e+01 1.061583839699114552e-02 7.849649078933976787e-01 5.882517656145362039e+00
2.333606458094873304e+01 9.330783437394728555e-03 7.183450084658445922e-01 6.007187985614378611e+00
2.453253019711569394e+01 8.201285315368126577e-03 6.573791337661775147e-01 6.134500498577000194e+00
2.579033991719975205e+01 7.208513762575884110e-03 6.015874272365372422e-01 6.264511191785832267e+00
2.711263892066493852e+01 6.335917928361125759e-03 5.505307577009319608e-01 6.397277248752874179e+00
2.850273364377471097e+01 5.568950454577423909e-03 5.038072630058143542e-01 6.532857064900724708e+00
2.996410004740484823e+01 4.894824951364663140e-03 4.610491870016565352e-01 6.671310273248968414e+00
3.150039230875619012e+01 4.302302830654069002e-03 4.219199849693893722e-01 6.812697770639349670e+00
3.311545195870102276e+01 3.781505943638195037e-03 3.861116747092976920e-01 6.957081744523783584e+00
3.481331748761120082e+01 3.323751898607709299e-03 3.533424124425837975e-01 7.104525700315408976e+00
3.659823444368765877e+01 2.921409313684620191e-03 3.233542744459743101e-01 7.255094489319851903e+00
3.847466604904231957e+01 2.567770591318155500e-03 2.959112269588344279e-01 7.408854337259906053e+00
4.044730436007814234e+01 2.256940093520282044e-03 2.707972683840703110e-01 7.565872873404966725e+00
4.252108200007410943e+01 1.983735853569674069e-03 2.478147291602346425e-01 7.726219160316079027e+00
4.470118449331276622e+01 1.743603185585488420e-03 2.267827159233312684e-01 7.889963724220857344e+00
4.699306323159186860e+01 1.532538751726044649e-03 2.075356877125247856e-01 8.057178586036181756e+00
4.940244910554343960e+01 1.347023821107260671e-03 1.899221530130758562e-01 8.227937293044327305e+00
5.193536683484541783e+01 1.183965607777696591e-03 1.738034773811255873e-01 8.402314951239917562e+00
5.459815003315897997e+01 1.040645709775483811e-03 1.590527922653354742e-01 8.580388258369966437e+00
5.739745704546173499e+01 9.146747896728861949e-04 1.455539964365855088e-01 8.762235537659799789e+00
6.034028759737834946e+01 8.039527410761554416e-04 1.332008421664087061e-01 8.947936772270725925e+00
6.343400029814058882e+01 7.066336769979721360e-04 1.218960989612608153e-01 9.137573640475622483e+00
6.668633104094334385e+01 6.210951564133278214e-04 1.115507882706148618e-01 9.331229551582639559e+00
7.010541234670704114e+01 5.459111359636587869e-04 1.020834831453538427e-01 9.528989682627262425e+00
7.369979369961600923e+01 4.798281958760042330e-04 9.341966733401284306e-02 9.730941015829589702e+00
7.747846292528217305e+01 4.217446437526703039e-04 8.549114877252876610e-02 9.937172376856011624e+00
8.145086866499057976e+01 3.706921478621290561e-04 7.823552285104369564e-02 1.014777447388961917e+01
8.562694400222423496e+01 3.258195937331221075e-04 7.159568123317207322e-02 1.036283993752043564e+01
9.001713130054676526e+01 2.863788949203912118e-04 6.551936236179636830e-02 1.058246336149732336e+01
9.463240831495036787e+01 2.517125213869293634e-04 5.995874011332887055e-02 1.080674134432646483e+01
9.948431564196151555e+01 2.212425375849523502e-04 5.487004736288223633e-02 1.103577253175996020e+01
1.045849855771433994e+02 1.944609674851506737e-04 5.021323149743191216e-02 1.126965766018691895e+01
1.099471724521542768e+02 1.709213259260553626e-04 4.595163916553229866e-02 1.150849960094002356e+01
1.155842845272200918e+02 1.502311750996937424e-04 4.205172778229090275e-02 1.175240340553741980e+01
1.215104175187690743e+02 1.320455820802543176e-04 3.848280151891317336e-02 1.200147635189611250e+01
1.277403898460648861e+02 1.160613683234627927e-04 3.521676969876327140e-02 1.225582799151089120e+01
1.342897796849734675e+02 1.020120552683834419e-04 3.222792569834876525e-02 1.251557019764458367e+01
1.411749639215168770e+02 8.966342177765639207e-05 2.949274461293660901e-02 1.278081721452437058e+01
1.484131591026187778e+02 7.880959935301370901e-05 2.698969809429953987e-02 1.305168570760304902e+01
1.560224644864394463e+02 6.926964002760009533e-05 2.469908490313346347e-02 1.332829481485942758e+01
1.640219072999485945e+02 6.088449971762102436e-05 2.260287584250938661e-02 1.361076619921714581e+01
1.724314903169036768e+02 5.351438674126190906e-05 2.068457185177253674e-02 1.389922410203720027e+01
1.812722418752032070e+02 4.703643130147749864e-05 1.892907414402678415e-02 1.419379539777270338e+01
1.905662684586848457e+02 4.134263707955810566e-05 1.732256536503554850e-02 1.449460964978255362e+01
2.003368099748494728e+02 3.633808078969558847e-05 1.585240083813707970e-02 1.480179916729938938e+01
2.106082978667353416e+02 3.193932967887633479e-05 1.450700903921368391e-02 1.511549906363307194e+01
2.214064162042512862e+02 2.807305058954729171e-05 1.327580051833859853e-02 1.543584731560913603e+01
2.327581659077297047e+02 2.467478739619031737e-05 1.214908455121858737e-02 1.576298482423221969e+01
2.446919322642916654e+02 2.168788643418598306e-05 1.111799286444370254e-02 1.609705547668520254e+01
2.572375559058498879e+02 1.906255200621607133e-05 1.017440983414916525e-02 1.643820620959913370e+01
2.704264074262317763e+02 1.675501622033875691e-05 9.310908608719007176e-03 1.678658707368243341e+01
2.842914658240042627e+02 1.472680931977376269e-05 8.520692652751531496e-03 1.714235129972821525e+01
2.988674009671481713e+02 1.294411833978010211e-05 7.797542252178399878e-03 1.750565536600547389e+01
3.141906602857868620e+02 1.137722339958878357e-05 7.135765559490008653e-03 1.787665906707789176e+01
3.302995599097462787e+02 1.000000223161974110e-05 6.530153793751930849e-03 1.825552558409937021e+01
3.472343804788374655e+02 8.789494687782418072e-06 5.975940242787406396e-03 1.864242155657894884e+01
3.650374678654371792e+02 7.725519962614141420e-06 5.468762744843352203e-03 1.903751715567960190e+01
3.837533390612260860e+02 6.790340151829700622e-06 5.004629354431923936e-03 1.944098615905682692e+01
4.034287934928555046e+02 5.968364537362947586e-06 4.579886922112316218e-03 1.985300602730772823e+01
4.241130300448911044e+02 5.245889668907579960e-06 4.191192340899406628e-03 2.027375798200969470e+01
4.458577700826506316e+02 4.610870908784005337e-06 3.835486232989807932e-03 2.070342708543196864e+01
4.687173867825576963e+02 4.052721631466937477e-06 3.509968869693404995e-03 2.114220232194512050e+01
4.927490410934046849e+02 3.562136730151305703e-06 3.212078135036194187e-03 2.159027668113661846e+01
5.180128246684984106e+02 3.130937487975406818e-06 2.939469359589238270e-03 2.204784724267013374e+01
5.445719101260938260e+02 2.751935227706578640e-06 2.689996865803856180e-03 2.251511526301491273e+01
5.724927090138447738e+02 2.418811466718635368e-06 2.461697079586691941e-03 2.299228626393404085e+01
6.018450378722650385e+02 2.126012579301662369e-06 2.252773075196022601e-03 2.347957012287227840e+01
6.327022928124463306e+02 1.868657210179826997e-06 2.061580431813527566e-03 2.397718116530670329e+01
6.651416330445650829e+02 1.642454895682903071e-06 1.886614290463709291e-03 2.448533825898151051e+01
6.992441738160994191e+02 1.443634535888543971e-06 1.726497509413607665e-03 2.500426491018152220e+01
7.350951892421985576e+02 1.268881525262909118e-06 1.579969824822224271e-03 2.553418936203816259e+01
7.727843255353874383e+02 1.115282493683720186e-06 1.445877931325115912e-03 2.607534469493692697e+01
8.124058251677936369e+02 9.802767366007098955e-07 1.323166404477668342e-03 2.662796892901461021e+01
8.540587625264155349e+02 8.616135246113908917e-07 1.210869393610233867e-03 2.719230512883703099e+01
8.978472916506958654e+02 7.573145807455150830e-07 1.108103019711187149e-03 2.776860151035273105e+01
9.438809066718714575e+02 6.656410998986568920e-07 1.014058418498962454e-03 2.835711155003196637e+01
9.922747156053346771e+02 5.850647605885510838e-07 9.279953739286804807e-04 2.895809409634108178e+01
1.043149728180628472e+03 5.142422457608615545e-07 8.492364920236699201e-04 2.957181348365456586e+01
1.096633158428801380e+03 4.519928478672752517e-07 7.771618691712750548e-04 3.019853964845873406e+01
1.152858742783748994e+03 3.972787848669890475e-07 7.112042129213184917e-04 3.083854824809780126e+01
1.211967074492957408e+03 3.491878989902445833e-07 6.508443768817468713e-04 3.149212078203231968e+01
1.274105955173854682e+03 3.069184498287746591e-07 5.956072745669698052e-04 3.215954471564342043e+01
1.339430764394840480e+03 2.697657482337860110e-07 5.450581400375660275e-04 3.284111360665890089e+01
1.408104848205140797e+03 2.371104081906247992e-07 4.987991058994469462e-04 3.353712723429331533e+01
1.480299927585014302e+03 2.084080208122204644e-07 4.564660717276036099e-04 3.424789173109077467e+01
1.556196527837648091e+03 1.831800783031983765e-07 4.177258382664814323e-04 3.497371971756178510e+01
1.635984429996447261e+03 1.610059965849372013e-07 3.822734848507306133e-04 3.571493043970835402e+01
1.719863145376471039e+03 1.415161035874289273e-07 3.498299694037566095e-04 3.647184990942480454e+01
1.808042414456641382e+03 1.243854763136432156e-07 3.201399321243204843e-04 3.724481104789814623e+01
1.900742731340188357e+03 1.093285239316362417e-07 2.929696855739371045e-04 3.803415383202193567e+01
1.998195895104759757e+03 9.609422658743274042e-08 2.681053753455401125e-04 3.884022544395156018e+01
2.100645589420852957e+03 8.446195056299428826e-08 2.453512968359334266e-04 3.966338042381351414e+01
2.208347991887921125e+03 7.423777001227064097e-08 2.245283548734796849e-04 4.050398082560446511e+01
2.321572414611807289e+03 6.525123395398745796e-08 2.054726540773417953e-04 4.136239637649061507e+01
2.440601977625289692e+03 5.735252462207943722e-08 1.880342088524734922e-04 4.223900463936675465e+01
2.565734316835632853e+03 5.040995980008160948e-08 1.720757628675345457e-04 4.313419117898363453e+01
2.697282328269386653e+03 4.430779749959885917e-08 1.574717087233591173e-04 4.404834973149616673e+01
2.835574950475434889e+03 3.894430638410917842e-08 1.441070993091621657e-04 4.498188237764166786e+01
2.980957987042702825e+03 3.423006976940003005e-08 1.318767430649119379e-04 4.593519971963159776e+01
3.133794971289250043e+03 3.008649492590154901e-08 1.206843760285517735e-04 4.690872106169829436e+01
3.294468075284922634e+03 2.644450283110705989e-08 1.104419041515801659e-04 4.790287459450871665e+01
3.463379065480592999e+03 2.324337652847375796e-08 1.010687099193677193e-04 4.891809758360499671e+01
3.640950307333554974e+03 2.042974889317157044e-08 9.249101781823983669e-05 4.995483656158022967e+01
3.827625821441170956e+03 1.795671292967058085e-08 8.464131365561884375e-05 5.101354752459892694e+01
4.023872393823642142e+03 1.578303976836303079e-08 7.745781316222071888e-05 5.209469613290599455e+01
4.230180743132199495e+03 1.387249132429920591e-08 7.088397569401251434e-05 5.319875791566553147e+01
4.447066747701334862e+03 1.219321615905859449e-08 6.486805920618067837e-05 5.432621848005427267e+01
4.675072735513344924e+03 1.071721847402719327e-08 5.936271299653517674e-05 5.547757372497181905e+01
4.914768840300775992e+03 9.419891382367180574e-09 5.432460501259522265e-05 5.665333005904661690e+01
5.166754427177720572e+03 8.279606678786998576e-09 4.971408078917150073e-05 5.785400462338197514e+01
5.431659591364801599e+03 7.277354267983897490e-09 4.549485133190113564e-05 5.908012551907952314e+01
5.710146733755425885e+03 6.396425240516633745e-09 4.163370749002397598e-05 6.033223203946528912e+01
6.002912217263044113e+03 5.622133312586741802e-09 3.810025857035022139e-05 6.161087490731893013e+01
6.310688108091153481e+03 4.941569985726954615e-09 3.486669313500477009e-05 6.291661651703133629e+01
6.634244006280128815e+03 4.343389344605885361e-09 3.190756010030805718e-05 6.425003118210611319e+01
6.974388970108182548e+03 3.817618905191915703e-09 2.919956841369514004e-05 6.561170538763914806e+01
7.331973539158482708e+03 3.355493359897685240e-09 2.672140373208085868e-05 6.700223804828765140e+01
7.707891861111141225e+03 2.949308447997492874e-09 2.445356065872432262e-05 6.842224077176878438e+01
8.103083927578147268e+03 2.592292515130060590e-09 2.237818921810856671e-05 6.987233812782504572e+01
8.518537924572025076e+03 2.278493620617734814e-09 2.047895436048458032e-05 7.135316792286756993e+01
8.955292703485578386e+03 2.002680310534479331e-09 1.874090739028549872e-05 7.286538148066630072e+01
9.414440378761499232e+03 1.760254402255077521e-09 1.715036830635071924e-05 7.440964392866796118e+01
9.897129058747319505e+03 1.547174326506536685e-09 1.569481812796214839e-05 7.598663449063960229e+01
1.040456571656430970e+04 1.359887748915024674e-09 1.436280035913673068e-05 7.759704678533235267e+01
1.093801920816896018e+04 1.195272347767839338e-09 1.314383081565704083e-05 7.924158913168024299e+01
1.149882344515380282e+04 1.050583760665518403e-09 1.202831510504819506e-05 8.092098486020597647e+01
1.208838073022117533e+04 9.234098322738338769e-10 1.100747311004412040e-05 8.263597263127410031e+01
1.270816526367042752e+04 8.116304004164646986e-10 1.007326988112346107e-05 8.438730675996497155e+01
1.335972682966652428e+04 7.133819500906015812e-10 9.218352394190302480e-06 8.617575754783341324e+01
1.404469467150771925e+04 6.270265461397834050e-10 8.435991675625219342e-06 8.800211162169500767e+01
1.476478156558243427e+04 5.511245266493810296e-10 7.720029839178303951e-06 8.986717227959181287e+01
1.552178810420236550e+04 4.844105018272397391e-10 7.064831617842143366e-06 9.177175984423404032e+01
1.631760719802116000e+04 4.257722582353793792e-10 6.465240009197056420e-06 9.371671202362428232e+01
1.715422880929701932e+04 3.742322166821001604e-10 5.916535685148309305e-06 9.570288427974143985e+01
1.803374492783486858e+04 3.289311346475156559e-10 5.414399846538849182e-06 9.773115020459481173e+01
1.895835480205053682e+04 2.891137815438559779e-10 4.954880230299002051e-06 9.980240190456717642e+01
1.993037043823734348e+04 2.541163479954505412e-10 4.534360001562790935e-06 1.019175503928223492e+02
2.095222238178608313e+04 2.233553792340407438e-10 4.149529285903066792e-06 1.040775259898170901e+02
2.202646579481454319e+04 1.963180481157557434e-10 3.797359117633089879e-06 1.062832787327421045e+02
2.315578684540369068e+04 1.725536055955614023e-10 3.475077599105608212e-06 1.085357787933208158e+02
2.434300942441707230e+04 1.516658661279348647e-10 3.180148083368883576e-06 1.108360169043312027e+02
2.559110220669883711e+04 1.333066027159756589e-10 2.910249208465930685e-06 1.131850047956091601e+02
2.690318607430719567e+04 1.171697414940085406e-10 2.663256626214831673e-06 1.155837756389231856e+02
2.828254192034512744e+04 1.029862590604492639e-10 2.437226281668465355e-06 1.180333845024512271e+02
2.973261885290210193e+04 9.051969749208620584e-11 2.230379111643168206e-06 1.205349088147348340e+02
3.125704281962085952e+04 7.956222226935563487e-11 2.041087041884399522e-06 1.230894488387000933e+02
3.285962567445517197e+04 6.993115739250730792e-11 1.867860172650266651e-06 1.256981281556311671e+02
3.454437470929026313e+04 6.146593992433164137e-11 1.709335051851398210e-06 1.283620941591080964e+02
3.631550267425979837e+04 5.402544318802206233e-11 1.564263943452526044e-06 1.310825185599514384e+02
3.817743831181556016e+04 4.748562399363565586e-11 1.431505006660550095e-06 1.338605979014471927e+02
4.013483743089039490e+04 4.173745466960610498e-11 1.310013308605451684e-06 1.366975540856863063e+02
4.219259454884566367e+04 3.668510542327734383e-11 1.198832599773055048e-06 1.395946349108501465e+02
4.435585513031406299e+04 3.224434672815879370e-11 1.097087787458351026e-06 1.425531146203802848e+02
4.663002845354139572e+04 2.834114510315082249e-11 1.003978047992664729e-06 1.455742944629964768e+02
4.902080113639969204e+04 2.491042887392100173e-11 9.187705235388258271e-07 1.486595032653854105e+02
5.153415135589398415e+04 2.189500333963887400e-11 8.407945538366746862e-07 1.518100980165055205e+02
5.417636379671867326e+04 1.924459725961110427e-11 7.694363975005548542e-07 1.550274644644737236e+02
5.695404536624281900e+04 1.691502476339612890e-11 7.041344013196769272e-07 1.583130177260718767e+02
5.987414171521994285e+04 1.486744871230868024e-11 6.443745795395159742e-07 1.616682029091638526e+02
6.294395460553275188e+04 1.306773323155032608e-11 5.896865683291885812e-07 1.650944957483060875e+02
6.617116016840114025e+04 1.148587461879648110e-11 5.396399235928120674e-07 1.685934032538336851e+02
6.956382809870861820e+04 1.009550114171269414e-11 4.938407329852717835e-07 1.721664643746998422e+02
7.313044183344273188e+04 8.873433385345626697e-12 4.519285154658985718e-07 1.758152506753616535e+02
7.687991976470644295e+04 7.799297819783756299e-12 4.135733839867869844e-07 1.795413670270487216e+02
8.082163754034375597e+04 6.855187145723577172e-12 3.784734489832164040e-07 1.833464523134440469e+02
8.496545150794286747e+04 6.025361755478915894e-12 3.463524422303254558e-07 1.872321801519808844e+02
8.932172336083906703e+04 5.295987332311939770e-12 3.169575423617549385e-07 1.912002596293792180e+02
9.390134604774527543e+04 4.654904213594280681e-12 2.900573849373814299e-07 1.952524360538210715e+02
9.871577101079767453e+04 4.091424672701899823e-12 2.654402413957638103e-07 1.993904917223934206e+02
1.037770368201258680e+05 3.596154740092535994e-12 2.429123525589675815e-07 2.036162467050544649e+02
1.090977992765488161e+05 3.160837593069933655e-12 2.222964035726417329e-07 2.079315596451663737e+02
1.146913630576689611e+05 2.778215903331600685e-12 2.034301282778143165e-07 2.123383285770385953e+02
1.205717149864963576e+05 2.441910847442937267e-12 1.861650320294089939e-07 2.168384917605657449e+02
1.267535590057915979e+05 2.146315763187740563e-12 1.703652229092682846e-07 2.214340285340334731e+02
1.332523529455816897e+05 1.886502678888569212e-12 1.559063421337881821e-07 2.261269601845131092e+02
1.400843471757866791e+05 1.658140157424007316e-12 1.426745852378740646e-07 2.309193508369441759e+02
1.472666252406089625e+05 1.457421085286734974e-12 1.305658063309011140e-07 2.358133083620134300e+02
1.548171465762921434e+05 1.280999202828678034e-12 1.194846983743885666e-07 2.408109853032796366e+02
1.627547914190663723e+05 1.125933317566375959e-12 1.093440430294450226e-07 2.459145798239918292e+02
1.710994080155731353e+05 9.896382705050593798e-13 1.000640241695295511e-07 2.511263366736986029e+02
1.798718622538203781e+05 8.698418380274182223e-13 9.157159965544594865e-08 2.564485481759089112e+02
1.890940898387710622e+05 7.645468508375068476e-13 8.379992642761103639e-08 2.618835552361227883e+02
1.987891511430313694e+05 6.719978984353267453e-13 7.668783439075134488e-08 2.674337483714965060e+02
2.089812888697938761e+05 5.906520640386124764e-13 7.017934494993675632e-08 2.731015687622210066e+02
2.196959886722229712e+05 5.191532020644931588e-13 6.422323040847104358e-08 2.788895093256133464e+02
2.309600428808625729e+05 4.563093293381150128e-13 5.877261075948344416e-08 2.848001158116664442e+02
2.428016174984180834e+05 4.010727531161060923e-13 5.378458469803988618e-08 2.908359879240127270e+02
2.552503226294341730e+05 3.525226046231892676e-13 4.921989194896965835e-08 2.969997804624191531e+02
2.683372865209793090e+05 3.098494869192511983e-13 4.504260425304607157e-08 3.032942044908511434e+02
2.820952333994774381e+05 2.723419811525124546e-13 4.121984257909355990e-08 3.097220285298420777e+02
2.965585652983192704e+05 2.393747862406649307e-13 3.772151833628385624e-08 3.162860797741839747e+02
3.117634480808650260e+05 2.103982942522875209e-13 3.452009654972465233e-08 3.229892453365030178e+02
3.277479018739408348e+05 1.849294276956808157e-13 3.159037913529465892e-08 3.298344735168275861e+02
3.445518961379595567e+05 1.625435859610354262e-13 2.890930656796266237e-08 3.368247750998020820e+02
3.622174496113909991e+05 1.428675666511543644e-13 2.645577638245884464e-08 3.439632246786508176e+02
3.807887353794944938e+05 1.255733437904768703e-13 2.421047707779703103e-08 3.512529620075608818e+02
4.003121913300411543e+05 1.103725991863553567e-13 2.215573611829838684e-08 3.586971933825878409e+02
4.208366362722213962e+05 9.701191577317261754e-14 2.027538083476913103e-08 3.662991930523124324e+02
4.424133920090965694e+05 8.526855280531041695e-14 1.855461113094788380e-08 3.740623046572434873e+02
4.650964116688389913e+05 7.494673246645628701e-14 1.697988299338280617e-08 3.819899427009488022e+02
4.889424146156553179e+05 6.587437598740096569e-14 1.553880188780014717e-08 3.900855940519788305e+02
5.140110282777408138e+05 5.790023485909374086e-14 1.422002520290617405e-08 3.983528194772752613e+02
5.403649372469085502e+05 5.089136931450605493e-14 1.301317297378136833e-08 4.067952552083093565e+02
5.680700400227193022e+05 4.473093204214948674e-14 1.190874618217859831e-08 4.154166145408905209e+02
5.971956137930564582e+05 3.931622018251761376e-14 1.089805199064587874e-08 4.242206894674944238e+02
6.278144876631795196e+05 3.455696313199213489e-14 9.973135322050601409e-09 4.332113523460484998e+02
6.600032247664229944e+05 3.037381760917969177e-14 9.126716245923312459e-09 4.423925576027735929e+02
6.938423137119094608e+05 2.669704489458447732e-14 8.352132678818871007e-09 4.517683434710653501e+02
7.294163698479967425e+05 2.346534819147581015e-14 7.643287947707287933e-09 4.613428337687784051e+02
7.668143468447235646e+05 2.062485072490704825e-14 6.994602803629757742e-09 4.711202397105135447e+02
8.061297591243179049e+05 1.812819754276735587e-14 6.400971507979360283e-09 4.811048617615161334e+02
8.474609156959623797e+05 1.593376604430814462e-14 5.857721645708337196e-09 4.913010915274795138e+02
8.909111659795242595e+05 1.400497207490108048e-14 5.360577349208008575e-09 5.017134136876414914e+02
9.365891582329371013e+05 1.230966001844878207e-14 4.905625643360557890e-09 5.123464079669269040e+02
9.846091112294379855e+05 1.081956671953307068e-14 4.489285646878269764e-09 5.232047511483993958e+02
1.035091099863994634e+06 9.509850298318182122e-15 4.108280387551027245e-09 5.342932191347133539e+02
1.088161355403086869e+06 8.358676002523031487e-15 3.759611009483783213e-09 5.456166890423445466e+02
1.143952581128624268e+06 7.346852192574081787e-15 3.440533169418625377e-09 5.571801413539541272e+02
1.202604284165272489e+06 6.457510390780078729e-15 3.148535436246374240e-09 5.689886621021139490e+02
1.264263124320930336e+06 5.675824060979315650e-15 2.881319523793105009e-09 5.810474451123409381e+02
1.329083280812643003e+06 4.988761429975817441e-15 2.636782201215691988e-09 5.933617942829694130e+02
1.397226837794951163e+06 4.384868230201779692e-15 2.412998738679816033e-09 6.059371259200239592e+02
1.468864189654704416e+06 3.854076741515973228e-15 2.208207757996547998e-09 6.187789711200981628e+02
1.544174467085782439e+06 3.387537948615615566e-15 2.020797368979503515e-09 6.318929782011850875e+02
1.623345985009134281e+06 2.977474015943528041e-15 1.849292482415867022e-09 6.452849151892794453e+02
1.706576713458170416e+06 2.617048620588269401e-15 1.692343199776676493e-09 6.589606723530896488e+02
1.794074772606963990e+06 2.300252981503370597e-15 1.548714188298041740e-09 6.729262647967910880e+02
1.886058953179090517e+06 2.021805684959185519e-15 1.417274957794177702e-09 6.871878351051790332e+02
1.982759263538399944e+06 1.777064636193240946e-15 1.296990962675006170e-09 7.017516560428762205e+02
2.084417504829733167e+06 1.561949669399942430e-15 1.186915459142742183e-09 7.166241333189741454e+02
2.191287875607731752e+06 1.372874525803728305e-15 1.086182053455362443e-09 7.318118083975423360e+02
2.303637607465630397e+06 1.206687065867434041e-15 9.939978826298383092e-10 7.473213613805396562e+02
2.421747633253435604e+06 1.060616718837159136e-15 9.096373738913509850e-10 7.631596139437733655e+02
2.545913289556382690e+06 9.322282935607006730e-16 8.324365337582165538e-10 7.793335323348899237e+02
2.676445055190230254e+06 8.193813805510172345e-16 7.617877218165341096e-10 7.958502304436116219e+02
2.813669327560023405e+06 7.201946684415488991e-16 6.971348680361797876e-10 8.127169729226017125e+02
2.957929238823618274e+06 6.330145799792698881e-16 6.379690960012596571e-10 8.299411783913122918e+02
3.109585513900805730e+06 5.563877046367031003e-16 5.838247175885975893e-10 8.475304226902344453e+02
