# [1] k:    [h/Mpc] 
# [2] P:    [Mpc^3/h^3] 
# [3] T:    [Mpc^3/h^3] 
# [4] Delta_k 
3.059023205018257859e-07 3.232913675447429691e-01 3.949809060980226059e+04 4.688270719472316257e-22
3.215862678579245412e-07 3.389684887552605885e-01 3.947840899972231273e+04 5.711130352099131898e-22
3.380743483904743061e-07 3.554058286235408648e-01 3.945873719685390097e+04 6.957151549122566117e-22
3.554077908890640533e-07 3.726402518518039941e-01 3.943907519630118622e+04 8.475022402468477872e-22
3.736299379885273404e-07 3.907104107942540594e-01 3.941942299317973811e+04 1.032405348873020579e-21
3.927863545481053003e-07 4.096568321439826854e-01 3.939978058259861427e+04 1.257649542107048883e-21
4.129249415873286729e-07 4.295220078245928774e-01 3.938014795969618717e+04 1.532036203114735758e-21
4.340960560635169786e-07 4.503504902875056226e-01 3.936052511958635296e+04 1.866286949639304542e-21
4.563526367904018199e-07 4.721889924320938348e-01 3.934091205738548888e+04 2.273462579612127515e-21
4.797503368127355169e-07 4.950864923713022558e-01 3.932130876823921426e+04 2.769473419882143961e-21
5.043476625678916271e-07 5.190943432756326414e-01 3.930171524726874486e+04 3.373701019852374174e-21
5.302061201824328858e-07 5.442663885456007211e-01 3.928213148959774117e+04 4.109755482626055200e-21
5.573903692694645323e-07 5.706590825693358404e-01 3.926255749037909118e+04 5.006398026260725665e-21
5.859683846113473662e-07 5.983316173337273058e-01 3.924299324474127934e+04 6.098664824052223017e-21
6.160116261320592563e-07 6.273460551776924854e-01 3.922343874782418425e+04 7.429236037773025319e-21
6.475952175842278093e-07 6.577674679814217162e-01 3.920389399476116523e+04 9.050103538604850164e-21
6.807981343976415384e-07 6.896640831069532629e-01 3.918435898071476549e+04 1.102460248174561394e-20
7.157034011589609116e-07 7.231074364127521026e-01 3.916483370082319016e+04 1.342988611810372623e-20
7.523982992164306405e-07 7.581725326913005825e-01 3.914531815023598028e+04 1.635994054605354515e-20
7.909745849287134463e-07 7.949380138851577238e-01 3.912581232410509256e+04 1.992925720417068532e-20
8.315287191035797356e-07 8.334863354605044350e-01 3.910631621758489928e+04 2.427730660707067390e-20
8.741621082001717898e-07 8.739039513334199150e-01 3.908682982583219564e+04 2.957398813491020048e-20
9.189813578979717484e-07 9.162815077632470162e-01 3.906735314399730123e+04 3.602626882624127229e-20
9.660985396665287929e-07 9.607140466503621967e-01 3.904788616725958855e+04 4.388627058415218648e-20
1.015631471002508262e-06 1.007301218688128053e+00 3.902842889077420841e+04 5.346112180183814810e-20
1.067704010034801725e-06 1.056147506854762996e+00 3.900898130969872727e+04 6.512495835865767066e-20
1.122446365234364056e-06 1.107362460743129384e+00 3.898954341921972082e+04 7.933354292376517311e-20
1.179995421003214005e-06 1.161060942249332539e+00 3.897011521449957218e+04 9.664207381409004877e-20
1.240495079956737545e-06 1.217363383179556502e+00 3.895069669070308737e+04 1.177268792855837736e-19
1.304096622755184042e-06 1.276396055349184211e+00 3.893128784302403801e+04 1.434118449588572249e-19
1.370959086384113674e-06 1.338291353774563763e+00 3.891188866663203225e+04 1.747006070262977034e-19
1.441249661829700436e-06 1.403188093602961040e+00 3.889249915670794144e+04 2.128157691863787542e-19
1.515144112143284134e-06 1.471231821438468312e+00 3.887311930843502341e+04 2.592466757002897590e-19
1.592827211940548929e-06 1.542575141764729763e+00 3.885374911699013319e+04 3.158076072960590183e-19
1.674493209434307728e-06 1.617378059200092588e+00 3.883438857757898950e+04 3.847086739172243746e-19
1.760346312156213177e-06 1.695808337342455285e+00 3.881503768538324221e+04 4.686421744375602912e-19
1.850601197581954108e-06 1.778041875022381424e+00 3.879569643559573888e+04 5.708877978374446273e-19
1.945483549936765273e-06 1.864263100797121764e+00 3.877636482340292423e+04 6.954407765598134757e-19
2.045230624523543909e-06 1.954665386579566011e+00 3.875704284402009944e+04 8.471679996216020759e-19
2.150091840984688092e-06 2.049451481316449275e+00 3.873773049263847497e+04 1.031998185572527382e-18
2.260329406981118614e-06 2.148833965705062354e+00 3.871842776446048811e+04 1.257153546286796599e-18
2.376218973848010330e-06 2.253035728955472550e+00 3.869913465468658251e+04 1.531431993811426037e-18
2.498050325866710336e-06 2.362290468675419586e+00 3.867985115853275784e+04 1.865550917465048726e-18
2.626128104876382668e-06 2.476843214990023245e+00 3.866057727119983610e+04 2.272565964220276277e-18
2.760772572037287162e-06 2.596950880085209246e+00 3.864131298790859728e+04 2.768381186159973840e-18
2.902320408650496801e-06 2.722882834390861984e+00 3.862205830386463640e+04 3.372370488929802459e-18
3.051125558036519890e-06 2.854921510713025690e+00 3.860281321428909723e+04 4.108134664207762845e-18
3.207560110577962700e-06 2.993363037656749714e+00 3.858357771440991928e+04 5.004423587109809275e-18
3.372015234139298021e-06 3.138517903761118166e+00 3.856435179943106778e+04 6.096259613251822269e-18
3.544902152190277809e-06 3.290711653853492624e+00 3.854513546458961355e+04 7.426306072071958243e-18
3.726653172078803499e-06 3.450285619154122241e+00 3.852592870510308421e+04 9.046534330033654539e-18
3.917722766024474580e-06 3.617597682799498671e+00 3.850673151620452700e+04 1.102025456400866966e-17
4.118588707535861475e-06 3.793023082479679786e+00 3.848754389312936837e+04 1.342458959696795491e-17
4.329753266093139866e-06 3.976955251996650897e+00 3.846836583110228094e+04 1.635348846074418778e-17
4.551744463083409039e-06 4.169806703640625223e+00 3.844919732536780066e+04 1.992139744042206576e-17
4.785117392129195949e-06 4.372009953341306598e+00 3.843003837115535134e+04 2.426773204578424711e-17
5.030455607111644826e-06 4.584018490697755688e+00 3.841088896371860028e+04 2.956232465154684498e-17
5.288372581359179674e-06 4.806307796026406898e+00 3.839174909828298405e+04 3.601206067193555115e-17
5.559513241650373021e-06 5.039376406753534710e+00 3.837261877010251919e+04 4.386896257738276851e-17
5.844555580866815540e-06 5.283747035498953082e+00 3.835349797442923591e+04 5.344003763483715195e-17
6.144212353328471540e-06 5.539967742382422955e+00 3.833438670650441782e+04 6.509927417076708706e-17
6.459232857050738118e-06 5.808613164189160294e+00 3.831528496158919006e+04 7.930225510917307628e-17
6.790404807379771878e-06 6.090285803121716413e+00 3.829619273492958746e+04 9.660395980609799820e-17
7.138556306691162195e-06 6.385617378065430394e+00 3.827711002178708441e+04 1.176804497850726909e-16
7.504557915077204533e-06 6.695270241368504571e+00 3.825803681742987101e+04 1.433552857400512582e-16
7.889324827200587103e-06 7.019938864316177529e+00 3.823897311710238864e+04 1.746317080461157611e-16
8.293819160757753291e-06 7.360351394669779168e+00 3.821991891608189326e+04 2.127318382275033257e-16
8.719052362274285227e-06 7.717271289695523784e+00 3.820087420962625765e+04 2.591444331729971540e-16
9.166087736248057605e-06 8.091499028414391503e+00 3.818183899300875055e+04 3.156830580890061264e-16
9.636043103964330830e-06 8.483873906864927150e+00 3.816281326150500536e+04 3.845569512887132382e-16
1.013009359863121538e-05 8.895275920421369165e+00 3.814379701037996711e+04 4.684573498484691952e-16
1.064947460382478790e-05 9.326627737408891505e+00 3.812479023491832049e+04 5.706626492946683259e-16
1.119548484259151579e-05 9.778896768394405470e+00 3.810579293038973265e+04 6.951665064178876966e-16
1.176948962493235138e-05 1.025309733585713623e+01 3.808680509208790318e+04 8.468338908158194245e-16
1.237292426178888029e-05 1.075029294902487820e+01 3.806782671527856292e+04 1.031591182850858953e-15
1.300729765406831334e-05 1.127159868908231566e+01 3.804885779526009719e+04 1.256657746078959971e-15
1.367419606568169201e-05 1.181818370998131940e+01 3.802989832731161732e+04 1.530828022798448395e-15
1.437528709002991615e-05 1.239127386057062274e+01 3.801094830672754324e+04 1.864815175569499079e-15
1.511232381985586521e-05 1.299215443385073065e+01 3.799200772880464501e+04 2.271669702438498971e-15
1.588714923088939049e-05 1.362217304954437225e+01 3.797307658882907708e+04 2.767289383195797959e-15
1.670170079024660794e-05 1.428274267647643647e+01 3.795415488210228796e+04 3.371040482746193587e-15
1.755801530110687162e-05 1.497534480149312408e+01 3.793524260393239092e+04 4.106514485013947579e-15
1.845823399578163895e-05 1.570153275202956245e+01 3.791633974960396154e+04 5.002449926642200025e-15
1.940460788991057802e-05 1.646293517986529054e+01 3.789744631443408434e+04 6.093855351026051690e-15
2.039950341117315543e-05 1.726125971372774615e+01 3.787856229372066446e+04 7.423377261898381976e-15
2.144540831659045798e-05 1.809829678909040140e+01 3.785968768277684285e+04 9.042966529094091985e-15
2.254493791321357228e-05 1.897592366364650474e+01 3.784082247691810335e+04 1.101590836101756575e-14
2.370084159775344190e-05 1.989610862749891496e+01 3.782196667144936509e+04 1.341929516468819586e-14
2.491600973150475266e-05 2.086091541755595458e+01 3.780312026169506862e+04 1.634703892003250193e-14
2.619348086775470484e-05 2.187250784592392350e+01 3.778428324296481151e+04 1.991354077643210874e-14
2.753644934974891994e-05 2.293315465281534671e+01 3.776545561058770545e+04 2.425816126055474148e-14
2.894827329821342076e-05 2.404523459470775038e+01 3.774663735987801192e+04 2.955066576805828139e-14
3.043248300840562692e-05 2.521124177931985599e+01 3.772782848616949195e+04 3.599785812107840314e-14
3.199278977769132648e-05 2.643379125921356376e+01 3.770902898478537099e+04 4.385166139661030379e-14
3.363309518572123809e-05 2.771562489669507556e+01 3.769023885105120280e+04 5.341896178307727881e-14
3.535750085041236633e-05 2.905961751311953378e+01 3.767145808030557964e+04 6.507360011228136459e-14
3.717031868412924126e-05 3.046878333634817437e+01 3.765268666788299015e+04 7.927097963395964137e-14
3.907608167571078754e-05 3.194628276088657870e+01 3.763392460911811213e+04 9.656586082966206570e-14
4.107955522530357004e-05 3.349542943583155363e+01 3.761517189934581256e+04 1.176340385955917425e-13
4.318574906034433776e-05 3.511969769655171802e+01 3.759642853391396056e+04 1.432987488271859677e-13
4.539992976248807967e-05 3.682273035669040695e+01 3.757769450816421886e+04 1.745628362385101229e-13
4.772763393680535859e-05 3.860834687807297172e+01 3.755896981744267396e+04 2.126479403695383695e-13
5.017468205617894183e-05 4.048055193676792385e+01 3.754025445709776977e+04 2.590422309684666253e-13
5.274719301551768723e-05 4.244354440453994926e+01 3.752154842248022760e+04 3.155585580020650132e-13
5.545159943218107865e-05 4.450172676583290610e+01 3.750285170894311159e+04 3.844052884970105067e-13
5.829466373087315435e-05 4.665971499140417933e+01 3.748416431184180692e+04 4.682725981511879892e-13
6.128349505322671351e-05 4.892234889075366766e+01 3.746548622653398343e+04 5.704375895467663995e-13
6.442556703436033705e-05 5.129470296656451467e+01 3.744681744837966107e+04 6.948923444434963515e-13
6.772873649085907528e-05 5.378209779549977299e+01 3.742815797274113720e+04 8.464999137764383650e-13
7.120126306690828879e-05 5.639011196088748079e+01 3.740950779498516931e+04 1.031184340644102739e-12
7.485182988770643921e-05 5.912459456401358437e+01 3.739086691047444037e+04 1.256162141406098307e-12
7.868956527180084881e-05 6.199167834217526973e+01 3.737223531457819627e+04 1.530224289981123368e-12
8.272406555663884206e-05 6.499779342282729999e+01 3.735361300267223123e+04 1.864079723838380040e-12
8.696541909440986997e-05 6.814968174466679329e+01 3.733499997013040411e+04 2.270773794127015428e-12
9.142423147818073699e-05 7.145441217805628753e+01 3.731639621232462378e+04 2.766198010820971719e-12
9.611165206140254191e-05 7.491939637870871138e+01 3.729780172463548661e+04 3.369711001095808687e-12
1.010394018371016720e-04 7.855240541008612354e+01 3.727921650244375633e+04 4.104894944789623169e-12
1.062198027464676133e-04 8.236158717189204026e+01 3.726064054113251041e+04 5.000477044553642138e-12
1.116658084901241013e-04 8.635548467370266223e+01 3.724207383608711098e+04 6.091452036999554340e-12
1.173910369191279803e-04 9.054305519472856645e+01 3.722351638269522664e+04 7.420449606799078619e-12
1.234098040866900780e-04 9.493369037267608235e+01 3.720496817634683975e+04 9.039400135237186156e-12
1.297371600457651012e-04 9.953723726676096817e+01 3.718642921243421006e+04 1.101156387209442935e-11
1.363889264820232711e-04 1.043640204421162707e+02 3.716789948635188921e+04 1.341400282044645798e-11
1.433817362763056455e-04 1.094248651251269848e+02 3.714937899349779764e+04 1.634059192291017690e-11
1.507330750954898936e-04 1.147311214815827611e+02 3.713086772926792764e+04 1.990568721098262944e-11
1.584613251157653230e-04 1.202946900722343742e+02 3.711236568906792672e+04 2.424859424988044151e-11
1.665858109876483387e-04 1.261280485425833575e+02 3.709387286829837103e+04 2.953901148265232641e-11
1.751268481576742783e-04 1.322442796070860709e+02 3.707538926236634870e+04 3.598366117147475580e-11
1.841057936675958640e-04 1.386571003902646737e+02 3.705691486668015568e+04 4.383436703912466659e-11
1.935450995581117185e-04 1.453808931906940245e+02 3.703844967665251170e+04 5.339789424329336379e-11
2.034683690106629794e-04 1.524307377366961020e+02 3.701999368768999557e+04 6.504793617921561554e-11
2.139004153676812446e-04 1.598224450064439282e+02 3.700154689521512773e+04 7.923971649326716698e-11
2.248673241788693637e-04 1.675725926876962717e+02 3.698310929464118090e+04 9.652777687878886071e-11
2.363965184286629729e-04 1.756985623573983730e+02 3.696468088138893654e+04 1.175876457098750882e-10
2.485168271079757005e-04 1.842185784640183783e+02 3.694626165088094422e+04 1.432422342115472523e-10
2.612585573016925852e-04 1.931517492002561198e+02 3.692785159853994264e+04 1.744939915927872697e-10
2.746535699721688829e-04 2.025181093578287630e+02 3.690945071979408385e+04 2.125640755995005132e-10
2.887353596282311993e-04 2.123386652602787876e+02 3.689105901007223292e+04 2.589400690707734124e-10
3.035391380788964293e-04 2.226354418747325212e+02 3.687267646480449184e+04 3.154341070158366724e-10
3.191019224812350285e-04 2.334315322082294983e+02 3.685430307942480431e+04 3.842536855185707113e-10
3.354626279025451924e-04 2.447511490993470602e+02 3.683593884936885297e+04 4.680879193168279364e-10
3.526621646282911485e-04 2.566196795213465407e+02 3.681758377007513627e+04 5.702126185586708971e-10
3.707435404591257876e-04 2.690637415185569239e+02 3.679923783698285115e+04 6.946182905939332150e-10
3.897519682527942697e-04 2.821112439038135449e+02 3.678090104553503625e+04 8.461660684522262219e-10
4.097349789798286580e-04 2.957914488506742714e+02 3.676257339117660740e+04 1.030777658889009532e-09
4.307425405757319271e-04 3.101350375209143522e+02 3.674425486935448862e+04 1.255666732191466119e-09
4.528271828868440083e-04 3.251741788744436121e+02 3.672594547551812866e+04 1.529620795266173964e-09
4.760441290223192071e-04 3.409426018159466025e+02 3.670764520511873707e+04 1.863344562157209225e-09
5.004514334406633081e-04 3.574756708401244509e+02 3.668935405361055018e+04 2.269878239146648262e-09
5.261101271161193775e-04 3.748078144871381596e+02 3.667094233760749194e+04 2.765087512564352837e-09
5.530843701478924991e-04 3.929755088818409945e+02 3.665231624439396546e+04 3.368293297767019293e-09
5.814416121938181326e-04 4.120135453251331796e+02 3.663324247356006526e+04 4.102986447976593199e-09
6.112527611296385451e-04 4.319650715752504766e+02 3.661380465476948302e+04 4.997828993434252636e-09
6.425923603556274889e-04 4.528591664526537670e+02 3.659342475409579492e+04 6.087515721553668990e-09
6.755387751939181127e-04 4.747548892796850168e+02 3.657270889737054677e+04 7.414648221303997878e-09
7.101743888426273075e-04 4.976654269181851191e+02 3.655039482477144338e+04 9.030311856479019311e-09
7.465858083767621441e-04 5.216711063100635783e+02 3.652772794706854620e+04 1.099781052116862002e-08
7.848640813110194670e-04 5.467746366907463198e+02 3.650306899026646715e+04 1.339251010739046559e-08
8.251049232659968648e-04 5.730623914806025141e+02 3.647766946206062858e+04 1.630796242924274456e-08
8.674089573071004124e-04 6.005499305484737533e+02 3.645034315307596989e+04 1.985596907588683579e-08
9.118819655546198935e-04 6.293049126616836020e+02 3.642156076921855129e+04 2.417393004786488171e-08
9.586351536941296880e-04 6.593745583743782390e+02 3.639108594511019328e+04 2.942811858090114937e-08
1.007785429048626679e-03 6.907898812072318151e+02 3.635823874208804773e+04 3.581957683529073098e-08
1.059455692907732439e-03 7.236493356761667428e+02 3.632410046465195046e+04 4.359601803680206735e-08
1.113775147844932919e-03 7.579241714513302668e+02 3.628645935186158022e+04 5.305039058753452449e-08
1.170879620791311689e-03 7.937880952515004083e+02 3.624807408212410519e+04 6.455227933096612095e-08
1.230911902673626282e-03 8.311267316594215799e+02 3.620488750615747995e+04 7.852689463450893802e-08
1.294022105466001958e-03 8.701708208180442625e+02 3.616069475350902212e+04 9.552122010260676823e-08
1.360368037548055848e-03 9.108232163859212278e+02 3.611207841702645237e+04 1.161645486334763501e-07
1.430115598308045934e-03 9.532516485004906599e+02 3.606119814407494414e+04 1.412509100406824794e-07
1.503439192977754080e-03 9.974397751378687644e+02 3.600647794387404429e+04 1.717174950478524355e-07
1.580522168736409397e-03 1.043451147509894781e+03 3.594796349486945837e+04 2.087104310933237567e-07
1.661557273174137529e-03 1.091396113474395861e+03 3.588643885771970963e+04 2.536288247551769864e-07
1.746747136261333697e-03 1.141177468801601890e+03 3.581926644293437130e+04 3.081155147055092679e-07
1.836304777029133936e-03 1.193092578077112421e+03 3.575016875908360089e+04 3.742645517014523448e-07
1.930454136227949345e-03 1.246811382297604041e+03 3.567322181506497145e+04 4.544116756587608084e-07
2.029430636295988157e-03 1.302826314183056184e+03 3.559476638063146675e+04 5.516700632438821528e-07
2.133481770037976965e-03 1.360695122732868867e+03 3.550783809392117837e+04 6.694187861179557552e-07
2.242867719486086112e-03 1.420893213811208852e+03 3.541811696544626466e+04 8.121620273614296291e-07
2.357862006490532136e-03 1.483115265687777992e+03 3.532101142891036579e+04 9.849185510630350726e-07
2.478752176666675511e-03 1.547584945392234431e+03 3.521874351542313525e+04 1.194054311282905930e-06
2.605840518408833982e-03 1.614283078255266901e+03 3.511053019153985952e+04 1.447083032343573450e-06
2.739444818768723561e-03 1.683059064280634630e+03 3.499436763032706222e+04 1.752900586652705366e-06
2.879899158088616417e-03 1.754310760836763848e+03 3.487407249040951865e+04 2.122797799991003547e-06
3.027554745376210416e-03 1.827359430151232573e+03 3.474260050794225390e+04 2.569036369687506142e-06
3.182780796510085389e-03 1.903169490948907651e+03 3.460907544663662702e+04 3.108621978199175643e-06
3.345965457471714814e-03 1.980389840728385252e+03 3.446097334563610639e+04 3.758246902246102417e-06
3.517516774912597243e-03 2.060360279580898350e+03 3.431031539473656449e+04 4.542782660904323012e-06
3.697863716483424691e-03 2.141881801248504416e+03 3.414694123832556215e+04 5.486791583688677799e-06
3.887457243476651579e-03 2.225746886357248513e+03 3.397761373999661009e+04 6.624344497744012768e-06
4.086771438464619106e-03 2.311360410680206769e+03 3.379790288881881133e+04 7.992432513977279097e-06
4.296304690752923532e-03 2.398723073663430569e+03 3.360832790711145935e+04 9.636860948174669431e-06
4.516580942613284376e-03 2.488106493022171435e+03 3.341121450957074558e+04 1.161364687427471022e-05
4.748150999412126434e-03 2.578415967905809339e+03 3.319977973128480517e+04 1.398288566260415415e-05
4.991593906910903912e-03 2.671116341500166527e+03 3.298420677407686890e+04 1.682987153620117338e-05
5.247518399182111472e-03 2.763644931971065944e+03 3.274927541394835862e+04 2.023086322243577677e-05
5.516564420761540903e-03 2.858625885624568582e+03 3.251173639442432250e+04 2.431272642608177690e-05
5.799404726842954938e-03 2.952876125292003962e+03 3.225410898884430208e+04 2.917868677515057094e-05
6.096746565516493986e-03 3.048818996400385458e+03 3.199110097982070874e+04 3.500227943299060948e-05
6.409333446257287764e-03 3.144178427312197982e+03 3.171158055609365329e+04 4.193880405016518406e-05
6.737946999086424568e-03 3.239822446703601145e+03 3.142142179341170049e+04 5.020815243372713074e-05
7.083408929053131541e-03 3.335176036037275935e+03 3.111899331420461749e+04 6.005040825465237704e-05
7.446583070925409317e-03 3.428991882483659083e+03 3.079997173109185314e+04 7.173115634818713149e-05
7.828377549226901017e-03 3.523006966278026994e+03 3.047367077262343446e+04 8.562469730193371549e-05
8.229747049021221908e-03 3.613173598317944652e+03 3.012405038138238160e+04 1.020278059969500264e-04
8.651695203121895217e-03 3.704194895763569093e+03 2.977260232641635957e+04 1.215255851203442657e-04
9.095277101697147801e-03 3.788666522297616211e+03 2.939097566705345889e+04 1.444123863445599806e-04
9.561601930544914862e-03 3.873136491402330648e+03 2.900702203806884063e+04 1.715240562377059455e-04
1.005183574463506743e-02 3.951204490129331134e+03 2.859811631071267402e+04 2.032993150212053491e-04
1.056720438385422289e-02 4.026537678534920360e+03 2.817990270953294385e+04 2.407034684513656864e-04
1.110899653824396448e-02 4.095962376064547243e+03 2.774294212920665814e+04 2.844793270708880308e-04
1.167856697039719623e-02 4.159261729141028809e+03 2.728874684845697993e+04 3.356256742686831909e-04
1.227733990307029038e-02 4.217601789360482144e+03 2.682311334690866352e+04 3.954109306273787179e-04
1.290681258048182248e-02 4.265704677715837533e+03 2.633132550938177155e+04 4.646415626647928628e-04
1.356855901220299469e-02 4.310382050003927361e+03 2.583664648537891117e+04 5.454905205439874007e-04
1.426423390900143431e-02 4.339953357700601373e+03 2.530589618989776864e+04 6.381175319073985547e-04
1.499557682048000690e-02 4.366443964754670560e+03 2.477673452772355085e+04 7.459121444902844797e-04
1.576441648485692182e-02 4.376051276555007462e+03 2.421153107644109332e+04 8.685330746167010561e-04
1.657267540176381518e-02 4.382617458307125162e+03 2.365095958741759023e+04 1.010605589595304794e-03
1.742237463949622076e-02 4.381428856973342590e+03 2.308292267979604367e+04 1.173837739223172099e-03
1.831563888873704443e-02 4.366169643095006904e+03 2.249231455460450161e+04 1.359055153967597424e-03
1.925470177538994923e-02 4.334868072077734723e+03 2.187624199091751871e+04 1.567676806336956675e-03
2.024191144580758314e-02 4.288067376978183347e+03 2.123814138976147660e+04 1.801716357035123119e-03
2.127973643838054069e-02 4.233292698023376033e+03 2.059803477564186687e+04 2.066556533176024373e-03
2.237077185616915750e-02 4.150152279226688734e+03 1.990763114317745567e+04 2.353841402772967068e-03
2.351774585601286785e-02 4.062578933957595837e+03 1.922602072782089817e+04 2.677066440035021089e-03
2.472352647034336062e-02 3.959157498520780791e+03 1.852639077506481772e+04 3.031128084772988663e-03
2.599112877875953478e-02 3.854200125632714389e+03 1.784257342026926199e+04 3.428308877909371204e-03
2.732372244729698585e-02 3.734993460869225601e+03 1.714494971492065451e+04 3.859932412150886283e-03
2.872463965424410307e-02 3.609750144664486470e+03 1.645245815640012734e+04 4.334222168861906650e-03
3.019738342232343442e-02 3.473020661554164235e+03 1.575240387397733321e+04 4.844908349467524564e-03
3.174563637807315680e-02 3.331243116627615109e+03 1.505903872100955596e+04 5.399191112306929614e-03
3.337326996033158216e-02 3.187429554649913825e+03 1.437855735071462550e+04 6.002154063871242493e-03
3.508435410085083278e-02 3.057092799979352549e+03 1.374517452079106442e+04 6.688355335679820740e-03
3.688316740124613496e-02 2.934571487351774522e+03 1.314526134823299981e+04 7.459325894197669192e-03
3.877420783172848273e-02 2.795420962024081291e+03 1.252337593848346478e+04 8.255555052921409800e-03
4.076220397837305304e-02 2.660070318567576578e+03 1.192464060140023503e+04 9.127174420162689414e-03
4.285212686704739649e-02 2.522794624273101817e+03 1.133549838358103989e+04 1.005701972372164375e-02
4.504920239356542677e-02 2.398612799727410220e+03 1.078898713490894625e+04 1.110942865170437902e-02
4.735892439114896407e-02 2.295090834892337170e+03 1.030152384260280269e+04 1.235024656817481151e-02
4.978706836787243073e-02 2.201356785091077654e+03 9.847991881074905905e+03 1.376291280444463458e-02
5.233970594844135349e-02 2.117343556306724622e+03 9.427554685997001798e+03 1.537996778084270606e-02
5.502322005641668845e-02 2.047020433990574475e+03 9.048267144154073321e+03 1.727549277796356156e-02
5.784432087484844831e-02 1.984596286652936897e+03 8.696436767252642312e+03 1.945918348260590458e-02
6.081006262522850592e-02 1.919642557371979137e+03 8.348652256359546300e+03 2.186839855550125333e-02
6.392786120671870020e-02 1.855727981868319375e+03 8.012430515042831757e+03 2.456151207205390860e-02
6.720551273976151097e-02 1.775282968724819057e+03 7.649654884515805861e+03 2.729936481109760185e-02
7.065121306044198912e-02 1.694716480122282064e+03 7.295541063504933845e+03 3.027792999714608649e-02
7.427357821434696361e-02 1.603387896203764967e+03 6.926745180569145305e+03 3.328219041258273503e-02
7.808166600116696332e-02 1.504303030887170735e+03 6.549053028165993055e+03 3.627879077126851259e-02
8.208499862391337165e-02 1.391638386751428470e+03 6.148582044348821000e+03 3.899312522219311461e-02
8.629358649938589920e-02 1.276493233388483077e+03 5.748068857117586958e+03 4.155510020902687673e-02
9.071795328942874881e-02 1.162926801681205689e+03 5.355374227654199785e+03 4.398477441612072547e-02
9.536916221556676621e-02 1.061755009669253468e+03 4.994899158117552361e+03 4.665717937750054473e-02
1.002588437228218304e-01 9.701306708470507374e+02 4.660479626127123993e+03 4.953002747735927441e-02
1.053992245618834284e-01 9.040704525997703058e+02 4.391547301243658694e+03 5.362715797363982323e-02
1.108031583623540345e-01 8.457927274756816587e+02 4.146191254716074582e+03 5.828953958488977682e-02
1.164841577735182265e-01 8.066048591322078209e+02 3.952289111295870043e+03 6.458500307919100292e-02
1.224564282530043596e-01 7.678658356570205115e+02 3.764106410637691624e+03 7.143324315913932021e-02
1.287349035878279091e-01 7.276995779148884367e+02 3.576812809650817144e+03 7.865228029681947675e-02
1.353352832366376823e-01 6.781862351484820692e+02 3.370509588878396698e+03 8.516327191264361218e-02
1.422740715865399574e-01 6.199724364946839614e+02 3.145634093786898575e+03 9.045236391150994482e-02
1.495686192226629019e-01 5.582672042812533846e+02 2.913694413341101153e+03 9.463108680217219293e-02
1.572371663136570008e-01 4.985731345334923503e+02 2.687746535810987552e+03 9.818943416982260641e-02
1.652988882216175348e-01 4.558249784244258080e+02 2.508556373997903393e+03 1.042985274309735089e-01
1.737739434504778357e-01 4.188841973460275767e+02 2.347322298676254832e+03 1.113571751902351498e-01
1.826835240527691917e-01 3.951302776449186354e+02 2.225342292822443142e+03 1.220418299085203745e-01
1.920499086207905493e-01 3.703638293614492909e+02 2.103012629413439299e+03 1.329049447822222840e-01
2.018965179946938526e-01 3.379942617955525179e+02 1.961025280533622663e+03 1.409178709479085023e-01
2.122479738267836202e-01 3.060249212201505316e+02 1.821410589100871221e+03 1.482373739930106238e-01
2.231301601484726449e-01 2.734342940233153740e+02 1.680571065285095074e+03 1.538856322046815994e-01
2.345702880938428103e-01 2.491244154945385390e+02 1.565811462074426117e+03 1.628941753560335659e-01
2.465969639416541459e-01 2.305426148857460760e+02 1.470306441039407673e+03 1.751397194569134230e-01
2.592402606459418002e-01 2.108872308044885244e+02 1.372645293545042932e+03 1.861349347172282787e-01
2.725317930340656614e-01 1.921128748190643307e+02 1.278828627365574903e+03 1.970054544060274582e-01
2.865047968602461026e-01 1.729310519312975600e+02 1.184326744748108013e+03 2.060340194327374974e-01
3.011942119122611450e-01 1.557805423172154633e+02 1.097217136089708220e+03 2.156370269763294989e-01
3.166367693791155569e-01 1.425885359503534744e+02 1.024658652761849225e+03 2.293184017316865497e-01
3.328710836981453314e-01 1.298257648556291599e+02 9.543733042368953647e+02 2.425824391521969325e-01
3.499377491112247163e-01 1.166325444462160448e+02 8.829754806598326695e+02 2.531992361763899524e-01
3.678794411715154977e-01 1.052867183798321378e+02 8.188917473797737330e+02 2.655586198383640961e-01
3.867410234545784475e-01 9.557414180212228416e+01 7.615717643581776883e+02 2.800730961988904255e-01
4.065696597406806001e-01 8.624040846814941119e+01 7.061500005871714620e+02 2.936202219691402826e-01
4.274149319488126375e-01 7.756426658149305808e+01 6.536922520117601607e+02 3.068181312401807026e-01
4.493289641173122684e-01 6.991883508677535985e+01 6.058156875443286253e+02 3.213347444177177548e-01
4.723665527411103904e-01 6.305482958152131090e+01 5.615695257199993193e+02 3.366867542352225406e-01
4.965853037915104462e-01 5.671543780542548774e+01 5.198714041360747160e+02 3.518464194823353042e-01
5.220457767611225153e-01 5.099674661539177123e+01 4.811909505814407453e+02 3.675686726532398918e-01
5.488116360941387439e-01 4.579173302366452702e+01 4.450826722046917325e+02 3.834663605017764043e-01
5.769498103806052214e-01 4.110451946082764607e+01 4.116165851839004972e+02 3.999207509008925743e-01
6.065306597127584354e-01 3.687686639932415744e+01 3.805625194072501927e+02 4.168526301089804376e-01
6.376281516219051149e-01 3.306093496174922564e+01 3.517284556013238443e+02 4.341980209328378804e-01
6.703200460357783275e-01 2.962331632085595245e+01 3.249882867660633678e+02 4.520126162557654426e-01
7.046880897188601001e-01 2.651974129327177465e+01 3.001486835225736627e+02 4.701433916722726480e-01
7.408182206818726412e-01 2.373386975470894100e+01 2.771641207252566801e+02 4.888479293780353951e-01
7.788007830715680813e-01 2.121805601149069886e+01 2.558034861539136955e+02 5.077559123298635013e-01
8.187307530781540166e-01 1.896505550735194490e+01 2.360650280250580693e+02 5.272877573726056921e-01
8.607079764252394405e-01 1.693466282954411639e+01 2.177427993504900599e+02 5.470339701333504223e-01
9.048374180361511421e-01 1.511735112099143663e+01 2.008141475099515390e+02 5.673585639179544726e-01
9.512294245009160765e-01 1.348535379893153063e+01 1.851350122642515998e+02 5.880150362653138174e-01
1.000000000000213163e+00 1.202392028582394268e+01 1.706402040553259383e+02 6.091389176907886505e-01
1.051271096376248826e+00 1.071509765215200005e+01 1.572379290450581379e+02 6.306821864654237331e-01
1.105170918075884856e+00 9.542773642011711743e+00 1.448429930551949951e+02 6.525791980051472985e-01
1.161834242728533306e+00 8.495807193855727135e+00 1.334023358981897900e+02 6.750056743022512240e-01
1.221402758160433644e+00 7.558183230132407004e+00 1.228204683851821812e+02 6.976929976499043340e-01
1.284025416688019838e+00 6.722959441219013677e+00 1.130689131688457536e+02 7.210271389998836877e-01
1.349858807576296504e+00 5.974739032097025948e+00 1.040455171897158948e+02 7.444820539151638661e-01
1.419067548593566874e+00 5.308944686280044678e+00 9.573460155991179477e+01 7.685774982439557146e-01
1.491824697641596753e+00 4.714181151692621974e+00 8.805801641351003184e+01 7.929209714253118158e-01
1.568312185490513100e+00 4.184791921018189420e+00 8.098482162967079034e+01 8.177897786368670818e-01
1.648721270700491237e+00 3.712982660588490802e+00 7.446103818467123858e+01 8.430142248907410707e-01
1.733253017867778301e+00 3.292935229441454670e+00 6.844790367211142268e+01 8.686390363341385257e-01
1.822118800390913007e+00 2.919392400628855189e+00 6.290942634582013682e+01 8.947316486237865130e-01
1.915540829014322100e+00 2.586840852466062213e+00 5.780365159872475544e+01 9.211157526584606847e-01
2.013752707470925607e+00 2.291734667882022514e+00 5.310721381534100516e+01 9.480975088724566957e-01
2.117000016613148627e+00 2.028934711325609097e+00 4.877601518121966251e+01 9.752162188062940551e-01
2.225540928492967474e+00 1.796042858665424014e+00 4.479520825305674947e+01 1.002983322010801315e+00
2.339646851926517890e+00 1.588921322391332769e+00 4.112683979632104325e+01 1.030916714155212688e+00
2.459603111157505406e+00 1.405420456634369542e+00 3.775532465719405195e+01 1.059428448473257456e+00
2.585709659316432152e+00 1.242518210750970242e+00 3.465192661575949984e+01 1.088208953848186722e+00
2.718281828459663263e+00 1.098177058868045286e+00 3.179897483932187185e+01 1.117444781356799144e+00
2.857651118063815776e+00 9.702771952563189473e-01 2.917600189813155964e+01 1.147079982629990225e+00
3.004166023947120401e+00 8.569329495264949026e-01 2.676407377845916713e+01 1.177033683192901137e+00
3.158192909690492378e+00 7.566648941963620700e-01 2.454887083646246637e+01 1.207507415942033369e+00
3.320116922737311960e+00 6.678036923119450297e-01 2.251153281295705000e+01 1.238166956869397151e+00
3.490342957462647444e+00 5.893153349985927880e-01 2.064217526953714099e+01 1.269469609167981350e+00
3.669296667620093988e+00 5.197634999714703108e-01 1.892280047389180098e+01 1.300841898558592113e+00
3.857425530697870641e+00 4.583719021335160848e-01 1.734572456181681943e+01 1.332848840459218032e+00
4.055199966845619564e+00 4.040520671275680820e-01 1.589655618165109985e+01 1.365036976724412598e+00
4.263114515169814212e+00 3.560994495508252866e-01 1.456702833085672211e+01 1.397727653435811179e+00
4.481689070339116121e+00 3.137344827067716779e-01 1.334649942268051248e+01 1.430729995632826990e+00
4.711470182591849465e+00 2.763325278975716226e-01 1.222652894900216047e+01 1.464102930077195275e+00
4.953032424396282885e+00 2.433351438160954172e-01 1.119929087952258406e+01 1.497919963176666647e+00
5.206979827181080545e+00 2.142002588396262064e-01 1.025649642399086936e+01 1.531961798303637323e+00
5.473947391728498424e+00 1.885293677827040437e-01 9.392462586114273648e+00 1.566574769824242042e+00
5.754602676007100293e+00 1.658628123044788294e-01 8.599345764421682858e+00 1.601272752809247191e+00
6.049647464414390718e+00 1.459090760212933546e-01 7.872868248321601037e+00 1.636600835287597588e+00
6.359819522603354258e+00 1.283029285933454111e-01 7.206278556901717813e+00 1.672018979974829067e+00
6.685894442280875261e+00 1.128072341502170672e-01 6.595719340564611954e+00 1.707991704158934310e+00
7.028687580590986528e+00 9.915183640375895002e-02 6.035941247681601673e+00 1.744189791599593420e+00
7.389056098932435646e+00 8.714943448703338369e-02 5.523671469978799209e+00 1.781155038231465815e+00
7.767901106308653603e+00 7.659993205251230952e-02 5.054877981122988473e+00 1.818903702737440842e+00
8.166169912569634093e+00 6.732745456107910864e-02 4.625870952484452125e+00 1.857452388376549690e+00
8.584858397179985445e+00 5.917741721450434783e-02 4.233273710849402960e+00 1.896818050286744883e+00
9.025013499436326470e+00 5.201394781682299601e-02 3.873996160948649514e+00 1.937018002942317629e+00
9.487735836360851494e+00 4.571762160022269789e-02 3.545210463613902352e+00 1.978069927769552150e+00
9.974182454817173138e+00 4.018347025189829280e-02 3.244328778126509327e+00 2.019991880923505345e+00
1.048556972473016025e+01 3.531923194966427038e-02 2.968982893571407988e+00 2.062802301230060475e+00
1.102317638064432792e+01 3.104381323201482051e-02 2.717005588875554878e+00 2.106520018295590546e+00
1.158834671922626214e+01 2.728593705994796295e-02 2.486413574818919781e+00 2.151164260789366178e+00
1.218249396070650370e+01 2.398295453187432660e-02 2.275391883754726674e+00 2.196754664900564702e+00
1.280710378266622662e+01 2.107980044131475827e-02 2.082279584173382325e+00 2.243311282975583687e+00
1.346373803500505772e+01 1.852807526508336647e-02 1.905556707669347594e+00 2.290854592337096651e+00
1.415403864537935341e+01 1.628523827748267275e-02 1.743832285415758188e+00 2.339405504291355520e+00
1.487973172487657614e+01 1.431389833860328455e-02 1.595833399981952061e+00 2.388985373325479777e+00
1.564263188419211659e+01 1.258119053321820127e-02 1.460395166322297600e+00 2.439616006499839784e+00
1.644464677110120832e+01 1.105822826799393241e-02 1.336451563077713178e+00 2.491319673039773530e+00
1.728778184057202338e+01 9.719621692732133278e-03 1.223027042023713040e+00 2.544119114130594994e+00
1.817414536944768244e+01 8.543054417067996037e-03 1.119228849623722155e+00 2.598037552919646664e+00
1.910595372823652127e+01 7.508911465922234879e-03 1.024240000251551930e+00 2.653098704730701751e+00
2.008553692319280515e+01 6.599952271216831187e-03 9.373128457758879151e-01 2.709326787495146771e+00
2.111534442254602695e+01 5.801023248180159353e-03 8.577631908934760796e-01 2.766746532403912884e+00
2.219795128144734164e+01 5.098805164499054660e-03 7.849649078933976787e-01 2.825383194784880203e+00
2.333606458094873304e+01 4.481591090619365357e-03 7.183450084658445922e-01 2.885262565210921171e+00
2.453253019711569394e+01 3.939091229325930241e-03 6.573791337661775147e-01 2.946410980844598626e+00
2.579033991719975205e+01 3.462261370840184413e-03 6.015874272365372422e-01 3.008855337021043574e+00
2.711263892066493852e+01 3.043152113555747194e-03 5.505307577009319608e-01 3.072623099077933961e+00
2.850273364377471097e+01 2.674776336712769015e-03 5.038072630058143542e-01 3.137742314435660429e+00
2.996410004740484823e+01 2.350992715602262008e-03 4.610491870016565352e-01 3.204241624934544230e+00
3.150039230875619012e+01 2.066403337337480075e-03 4.219199849693893722e-01 3.272150279430829922e+00
3.311545195870102276e+01 1.816263710313372175e-03 3.861116747092976920e-01 3.341498146663012481e+00
3.481331748761120082e+01 1.596403667084633987e-03 3.533424124425837975e-01 3.412315728388596536e+00
3.659823444368765877e+01 1.403157842008284422e-03 3.233542744459743101e-01 3.484634172799526475e+00
3.847466604904231957e+01 1.233304564618526583e-03 2.959112269588344279e-01 3.558485288222642318e+00
4.044730436007814234e+01 1.084012150002945261e-03 2.707972683840703110e-01 3.633901557110593039e+00
4.252108200007410943e+01 9.527916907674298342e-04 2.478147291602346425e-01 3.710916150328436025e+00
4.470118449331276622e+01 8.374555635681184664e-04 2.267827159233312684e-01 3.789562941742758984e+00
4.699306323159186860e+01 7.360809584583023757e-04 2.075356877125247856e-01 3.869876523121939194e+00
4.940244910554343960e+01 6.469778230338937191e-04 1.899221530130758562e-01 3.951892219350235713e+00
5.193536683484541783e+01 5.686606869634713715e-04 1.738034773811255873e-01 4.035646103964090514e+00
5.459815003315897997e+01 4.998238971799833430e-04 1.590527922653354742e-01 4.121175015021314891e+00
5.739745704546173499e+01 4.393198508695317058e-04 1.455539964365855088e-01 4.208516571299705689e+00
6.034028759737834946e+01 3.861398633737785275e-04 1.332008421664087061e-01 4.297709188847124828e+00
6.343400029814058882e+01 3.393973520459216738e-04 1.218960989612608153e-01 4.388792097876392795e+00
6.668633104094334385e+01 2.983130557133579466e-04 1.115507882706148618e-01 4.481805360019502693e+00
7.010541234670704114e+01 2.622020433353597769e-04 1.020834831453538427e-01 4.576789885950881320e+00
7.369979369961600923e+01 2.304622952717763661e-04 9.341966733401284306e-02 4.673787453378184686e+00
7.747846292528217305e+01 2.025646667978119465e-04 8.549114877252876610e-02 4.772840725419441377e+00
8.145086866499057976e+01 1.780440665425332344e-04 7.823552285104369564e-02 4.873993269368645187e+00
8.562694400222423496e+01 1.564917027836715659e-04 7.159568123317207322e-02 4.977289575855092352e+00
9.001713130054676526e+01 1.375482683343677787e-04 6.551936236179636830e-02 5.082775078416595704e+00
9.463240831495036787e+01 1.208979504040414278e-04 5.995874011332887055e-02 5.190496173479306030e+00
9.948431564196151555e+01 1.062631655701128320e-04 5.487004736288223633e-02 5.300500240765056326e+00
1.045849855771433994e+02 9.339993208523179674e-05 5.021323149743191216e-02 5.412835664132173541e+00
1.099471724521542768e+02 8.209380237003283001e-05 4.595163916553229866e-02 5.527551852856002590e+00
1.155842845272200918e+02 7.215628788058680567e-05 4.205172778229090275e-02 5.644699263358657682e+00
1.215104175187690743e+02 6.342171674833626171e-05 3.848280151891317336e-02 5.764329421405396836e+00
1.277403898460648861e+02 5.574447180490483731e-05 3.521676969876327140e-02 5.886494944764740112e+00
1.342897796849734675e+02 4.899656294608064380e-05 3.222792569834876525e-02 6.011249566354329055e+00
1.411749639215168770e+02 4.306549336283690738e-05 2.949274461293660901e-02 6.138648157869997846e+00
1.484131591026187778e+02 3.785238406672994664e-05 2.698969809429953987e-02 6.268746753926347282e+00
1.560224644864394463e+02 3.327032544276704629e-05 2.469908490313346347e-02 6.401602576696411084e+00
1.640219072999485945e+02 2.924292834809307613e-05 2.260287584250938661e-02 6.537274061088500510e+00
1.724314903169036768e+02 2.570305060113600753e-05 2.068457185177253674e-02 6.675820880438759097e+00
1.812722418752032070e+02 2.259167763024289390e-05 1.892907414402678415e-02 6.817303972761929565e+00
1.905662684586848457e+02 1.985693862059991564e-05 1.732256536503554850e-02 6.961785567558764320e+00
2.003368099748494728e+02 1.745324175724058001e-05 1.585240083813707970e-02 7.109329213177818296e+00
2.106082978667353416e+02 1.534051414756369840e-05 1.450700903921368391e-02 7.259999804770692400e+00
2.214064162042512862e+02 1.348353375177573806e-05 1.327580051833859853e-02 7.413863612840411399e+00
2.327581659077297047e+02 1.185134218360655580e-05 1.214908455121858737e-02 7.570988312378179153e+00
2.446919322642916654e+02 1.041672859197243426e-05 1.111799286444370254e-02 7.731443012641666890e+00
2.572375559058498879e+02 9.155776019101300069e-06 1.017440983414916525e-02 7.895298287543666582e+00
2.704264074262317763e+02 8.047462672354011216e-06 9.310908608719007176e-03 8.062626206693606079e+00
2.842914658240042627e+02 7.073311462384151434e-06 8.520692652751531496e-03 8.233500367100981876e+00
2.988674009671481713e+02 6.217081964950032530e-06 7.797542252178399878e-03 8.407995925543453097e+00
3.141906602857868620e+02 5.464499670975084652e-06 7.135765559490008653e-03 8.586189631620635865e+00
3.302995599097462787e+02 4.803018011091464116e-06 6.530153793751930849e-03 8.768159861517164089e+00
3.472343804788374655e+02 4.221609187278529768e-06 5.975940242787406396e-03 8.953986652471508378e+00
3.650374678654371792e+02 3.710580324487806574e-06 5.468762744843352203e-03 9.143751737981498096e+00
3.837533390612260860e+02 3.261411877244446944e-06 5.004629354431923936e-03 9.337538583749436683e+00
4.034287934928555046e+02 2.866615597251785141e-06 4.579886922112316218e-03 9.535432424400717366e+00
4.241130300448911044e+02 2.519609694115100974e-06 4.191192340899406628e-03 9.737520300965936570e+00
4.458577700826506316e+02 2.214609107954184355e-06 3.835486232989807932e-03 9.943891099166490832e+00
4.687173867825576963e+02 1.946529064596299647e-06 3.509968869693404995e-03 1.015463558851569381e+01
4.927490410934046849e+02 1.710900305480827936e-06 3.212078135036194187e-03 1.036984646223931428e+01
5.180128246684984106e+02 1.503794579044967320e-06 2.939469359589238270e-03 1.058961837803365036e+01
5.445719101260938260e+02 1.321759151436797039e-06 2.689996865803856180e-03 1.081404799972179553e+01
5.724927090138447738e+02 1.161759244747930098e-06 2.461697079586691941e-03 1.104323403975469731e+01
6.018450378722650385e+02 1.021127443142474305e-06 2.252773075196022601e-03 1.127727730262459183e+01
6.327022928124463306e+02 8.975192234128019764e-07 2.061580431813527566e-03 1.151628072922116885e+01
6.651416330445650829e+02 7.888738685903837092e-07 1.886614290463709291e-03 1.176034944209271238e+01
6.992441738160994191e+02 6.933801129945594730e-07 1.726497509413607665e-03 1.200959079168642418e+01
7.350951892421985576e+02 6.094459459727356565e-07 1.579969824822224271e-03 1.226411440356495497e+01
7.727843255353874383e+02 5.356720709201541481e-07 1.445877931325115912e-03 1.252403222663227744e+01
8.124058251677936369e+02 4.708285771036825116e-07 1.323166404477668342e-03 1.278945858236327915e+01
8.540587625264155349e+02 4.138344353787413473e-07 1.210869393610233867e-03 1.306051021508066157e+01
8.978472916506958654e+02 3.637394759654694364e-07 1.108103019711187149e-03 1.333730634332496656e+01
9.438809066718714575e+02 3.197085478268074603e-07 1.014058418498962454e-03 1.361996871227422545e+01
9.922747156053346771e+02 2.810075955659628620e-07 9.279953739286804807e-04 1.390862164728529571e+01
1.043149728180628472e+03 2.469914217262608024e-07 8.492364920236699201e-04 1.420339210860600687e+01
1.096633158428801380e+03 2.170929304722177791e-07 7.771618691712750548e-04 1.450440974718798515e+01
1.152858742783748994e+03 1.908136733317119282e-07 7.112042129213184917e-04 1.481180696172060252e+01
1.211967074492957408e+03 1.677155393828022863e-07 6.508443768817468713e-04 1.512571895687160151e+01
1.274105955173854682e+03 1.474134513493108480e-07 5.956072745669698052e-04 1.544628380275047874e+01
1.339430764394840480e+03 1.295689458393822274e-07 5.450581400375660275e-04 1.577364249563116694e+01
1.408104848205140797e+03 1.138845307009852958e-07 4.987991058994469462e-04 1.610793901997821465e+01
1.480299927585014302e+03 1.000987254234727822e-07 4.564660717276036099e-04 1.644932041177112225e+01
1.556196527837648091e+03 8.798170190217053109e-08 4.177258382664814323e-04 1.679793682317068004e+01
1.635984429996447261e+03 7.733145289167872171e-08 3.822734848507306133e-04 1.715394158857233364e+01
1.719863145376471039e+03 6.797042427057658384e-08 3.498299694037566095e-04 1.751749129204125310e+01
1.808042414456641382e+03 5.974255497299528743e-08 3.201399321243204843e-04 1.788874583618744651e+01
1.900742731340188357e+03 5.251067523858335845e-08 2.929696855739371045e-04 1.826786851248887800e+01
1.998195895104759757e+03 4.615421980626773095e-08 2.681053753455401125e-04 1.865502607312285122e+01
2.100645589420852957e+03 4.056721792753740197e-08 2.453512968359334266e-04 1.905038880431251513e+01
2.208347991887921125e+03 3.565652669003928224e-08 2.245283548734796849e-04 1.945413060120596427e+01
2.321572414611807289e+03 3.134027819873611507e-08 2.054726540773417953e-04 1.986642904438734902e+01
2.440601977625289692e+03 2.754651472680681360e-08 1.880342088524734922e-04 2.028746547795459776e+01
2.565734316835632853e+03 2.421198908262366852e-08 1.720757628675345457e-04 2.071742508931068372e+01
2.697282328269386653e+03 2.128111019310210034e-08 1.574717087233591173e-04 2.115649699059756017e+01
2.835574950475434889e+03 1.870501632498569646e-08 1.441070993091621657e-04 2.160487430187466629e+01
2.980957987042702825e+03 1.644076049338201201e-08 1.318767430649119379e-04 2.206275423607962338e+01
3.133794971289250043e+03 1.445059447714851811e-08 1.206843760285517735e-04 2.253033818574549585e+01
3.294468075284922634e+03 1.270133950476064420e-08 1.104419041515801659e-04 2.300783181157494184e+01
3.463379065480592999e+03 1.116383311914096564e-08 1.010687099193677193e-04 2.349544513294854298e+01
3.640950307333554974e+03 9.812442999833744354e-09 9.249101781823983669e-05 2.399339262022715857e+01
3.827625821441170956e+03 8.624639637429069465e-09 8.464131365561884375e-05 2.450189328914102660e+01
4.023872393823642142e+03 7.580620736015761554e-09 7.745781316222071888e-05 2.502117079709456249e+01
4.230180743132199495e+03 6.662981082007904768e-09 7.088397569401251434e-05 2.555145354155080284e+01
4.447066747701334862e+03 5.856422375578212337e-09 6.486805920618067837e-05 2.609297476045930253e+01
4.675072735513344924e+03 5.147498187229621437e-09 5.936271299653517674e-05 2.664597263490155044e+01
4.914768840300775992e+03 4.524389787531726989e-09 5.432460501259522265e-05 2.721069039379963783e+01
5.166754427177720572e+03 3.976709112846457091e-09 4.971408078917150073e-05 2.778737642090145599e+01
5.431659591364801599e+03 3.495325582198242324e-09 4.549485133190113564e-05 2.837628436406068744e+01
5.710146733755425885e+03 3.072213878078830013e-09 4.163370749002397598e-05 2.897767324677534617e+01
6.002912217263044113e+03 2.700320153502367586e-09 3.810025857035022139e-05 2.959180758212938400e+01
6.310688108091153481e+03 2.373444434789009834e-09 3.486669313500477009e-05 3.021895748910139545e+01
6.634244006280128815e+03 2.086137259585972725e-09 3.190756010030805718e-05 3.085939881144000907e+01
6.974388970108182548e+03 1.833608826920239281e-09 2.919956841369514004e-05 3.151341323893024793e+01
7.331973539158482708e+03 1.611649144709834687e-09 2.672140373208085868e-05 3.218128843129646555e+01
7.707891861111141225e+03 1.416557843477772123e-09 2.445356065872432262e-05 3.286331814476125146e+01
8.103083927578147268e+03 1.245082486163661775e-09 2.237818921810856671e-05 3.355980236122989169e+01
8.518537924572025076e+03 1.094364345577890247e-09 2.047895436048458032e-05 3.427104742020205208e+01
8.955292703485578386e+03 9.618907455380973089e-10 1.874090739028549872e-05 3.499736615358773406e+01
9.414440378761499232e+03 8.454531711404188855e-10 1.715036830635071924e-05 3.573907802322625571e+01
9.897129058747319505e+03 7.431104498169251504e-10 1.569481812796214839e-05 3.649650926144352070e+01
1.040456571656430970e+04 6.531563893504797853e-10 1.436280035913673068e-05 3.726999301450059221e+01
1.093801920816896018e+04 5.740913333334959509e-10 1.314383081565704083e-05 3.805986948918135226e+01
1.149882344515380282e+04 5.045971598567705328e-10 1.202831510504819506e-05 3.886648610236111523e+01
1.208838073022117533e+04 4.435153066272657943e-10 1.100747311004412040e-05 3.969019763386420863e+01
1.270816526367042752e+04 3.898274561603010026e-10 1.007326988112346107e-05 4.053136638250146717e+01
1.335972682966652428e+04 3.426385590433738559e-10 9.218352394190302480e-06 4.139036232541452165e+01
1.404469467150771925e+04 3.011619122462983934e-10 8.435991675625219342e-06 4.226756328079537894e+01
1.476478156558243427e+04 2.647060437128001775e-10 7.720029839178303951e-06 4.316335507405435834e+01
1.552178810420236550e+04 2.326631845822331015e-10 7.064831617842143366e-06 4.407813170757874133e+01
1.631760719802116000e+04 2.044991368563302347e-10 6.465240009197056420e-06 4.501229553394119165e+01
1.715422880929701932e+04 1.797443675933731641e-10 5.916535685148309305e-06 4.596625743297925482e+01
1.803374492783486858e+04 1.579861811555688411e-10 5.414399846538849182e-06 4.694043699241480994e+01
1.895835480205053682e+04 1.388618390123081965e-10 4.954880230299002051e-06 4.793526269245464277e+01
1.993037043823734348e+04 1.220525123960139175e-10 4.534360001562790935e-06 4.895117209426454963e+01
2.095222238178608313e+04 1.072779669931633129e-10 4.149529285903066792e-06 4.998861203233578010e+01
2.202646579481454319e+04 9.429189105786499746e-11 3.797359117633089879e-06 5.104803881114033004e+01
2.315578684540369068e+04 8.287778906025440686e-11 3.475077599105608212e-06 5.212991840580036040e+01
2.434300942441707230e+04 7.284537241170868018e-11 3.180148083368883576e-06 5.323472666694735267e+01
2.559110220669883711e+04 6.402738709574643515e-11 2.910249208465930685e-06 5.436294953013529607e+01
2.690318607430719567e+04 5.627682531621795304e-11 2.663256626214831673e-06 5.551508322951471541e+01
2.828254192034512744e+04 4.946447467763711181e-11 2.437226281668465355e-06 5.669163451611866122e+01
2.973261885290210193e+04 4.347676403894359307e-11 2.230379111643168206e-06 5.789312088070072804e+01
3.125704281962085952e+04 3.821387012833505681e-11 2.041087041884399522e-06 5.912007078140807437e+01
3.285962567445517197e+04 3.358805335369216546e-11 1.867860172650266651e-06 6.037302387623476818e+01
3.454437470929026313e+04 2.952219506429174625e-11 1.709335051851398210e-06 6.165253126026087926e+01
3.631550267425979837e+04 2.594851187820572507e-11 1.564263943452526044e-06 6.295915570817831508e+01
3.817743831181556016e+04 2.280742564118477034e-11 1.431505006660550095e-06 6.429347192175420389e+01
4.013483743089039490e+04 2.004657017789098935e-11 1.310013308605451684e-06 6.565606678263260676e+01
4.219259454884566367e+04 1.761991827658327713e-11 1.198832599773055048e-06 6.704753961039375554e+01
4.435585513031406299e+04 1.548701435300978385e-11 1.097087787458351026e-06 6.846850242632108063e+01
4.663002845354139572e+04 1.361230000079126456e-11 1.003978047992664729e-06 6.991958022237889736e+01
4.902080113639969204e+04 1.196452118451937692e-11 9.187705235388258271e-07 7.140141123627574871e+01
5.153415135589398415e+04 1.051620719250176858e-11 8.407945538366746862e-07 7.291464723210704335e+01
5.417636379671867326e+04 9.243212662677770801e-12 7.694363975005548542e-07 7.445995378704063228e+01
5.695404536624281900e+04 8.124315046626789602e-12 7.041344013196769272e-07 7.603801058406399704e+01
5.987414171521994285e+04 7.140860800851126023e-12 6.443745795395159742e-07 7.764951171093201765e+01
6.294395460553275188e+04 6.276454406861511744e-12 5.896865683291885812e-07 7.929516596545195739e+01
6.617116016840114025e+04 5.516685035607457162e-12 5.396399235928120674e-07 8.097569716724049727e+01
6.956382809870861820e+04 4.848886299377011664e-12 4.938407329852717835e-07 8.269184447608675725e+01
7.313044183344273188e+04 4.261925085903918847e-12 4.519285154658985718e-07 8.444436271706159403e+01
7.687991976470644295e+04 3.746015954260461509e-12 4.135733839867869844e-07 8.623402271253506512e+01
8.082163754034375597e+04 3.292557998257560109e-12 3.784734489832164040e-07 8.806161162111631313e+01
8.496545150794286747e+04 2.893991457661844737e-12 3.463524422303254558e-07 8.992793328409346998e+01
8.932172336083906703e+04 2.543671686709853057e-12 3.169575423617549385e-07 9.183380857871324565e+01
9.390134604774527543e+04 2.235758378843634089e-12 2.900573849373814299e-07 9.378007577945184892e+01
9.871577101079767453e+04 1.965118200861465171e-12 2.654402413957638103e-07 9.576759092661926331e+01
1.037770368201258680e+05 1.727239213279526617e-12 2.429123525589675815e-07 9.779722820289944707e+01
1.090977992765488161e+05 1.518155650170376364e-12 2.222964035726417329e-07 9.986988031784765951e+01
1.146913630576689611e+05 1.334381804456964296e-12 2.034301282778143165e-07 1.019864589005578637e+02
1.205717149864963576e+05 1.172853916438409281e-12 1.861650320294089939e-07 1.041478949005407060e+02
1.267535590057915979e+05 1.030879096755009666e-12 1.703652229092682846e-07 1.063551389973276144e+02
1.332523529455816897e+05 9.060904322624799507e-13 1.559063421337881821e-07 1.086091620185228805e+02
1.400843471757866791e+05 7.964075263742784162e-13 1.426745852378740646e-07 1.109109553668314021e+02
1.472666252406089625e+05 7.000018160238785518e-13 1.305658063309011140e-07 1.132615314561146391e+02
1.548171465762921434e+05 6.152660870340001742e-13 1.194846983743885666e-07 1.156619241566900627e+02
1.627547914190663723e+05 5.407876796726807083e-13 1.093440430294450226e-07 1.181131892500897465e+02
1.710994080155731353e+05 4.753249376956692719e-13 1.000640241695295511e-07 1.206164048933243009e+02
1.798718622538203781e+05 4.177865082505974338e-13 9.157159965544594865e-08 1.231726720932581003e+02
1.890940898387710622e+05 3.672131475415694980e-13 8.379992642761103639e-08 1.257831151907681146e+02
1.987891511430313694e+05 3.227617289319040529e-13 7.668783439075134488e-08 1.284488823552938470e+02
2.089812888697938761e+05 2.836911868774951475e-13 7.017934494993675632e-08 1.311711460898162329e+02
2.196959886722229712e+05 2.493501623576822081e-13 6.422323040847104358e-08 1.339511037467454173e+02
2.309600428808625729e+05 2.191661438344539940e-13 5.877261075948344416e-08 1.367899780541153234e+02
2.428016174984180834e+05 1.926359227084569602e-13 5.378458469803988618e-08 1.396890176539843367e+02
2.552503226294341730e+05 1.693172041470437768e-13 4.921989194896965835e-08 1.426494976511774837e+02
2.683372865209793090e+05 1.488212334288209913e-13 4.504260425304607157e-08 1.456727201743097453e+02
2.820952333994774381e+05 1.308063148741894975e-13 4.121984257909355990e-08 1.487600149484829899e+02
2.965585652983192704e+05 1.149721153141040591e-13 3.772151833628385624e-08 1.519127398801447839e+02
3.117634480808650260e+05 1.010546571281090768e-13 3.452009654972465233e-08 1.551322816543801650e+02
3.277479018739408348e+05 8.882191737864473614e-14 3.159037913529465892e-08 1.584200563446867989e+02
3.445518961379595567e+05 7.806995967357835340e-14 2.890930656796266237e-08 1.617775100360296108e+02
3.622174496113909991e+05 6.861953426935972165e-14 2.645577638245884464e-08 1.652061194607422294e+02
3.807887353794944938e+05 6.031308973427592400e-14 2.421047707779703103e-08 1.687073926480792636e+02
4.003121913300411543e+05 5.301214635200915265e-14 2.215573611829838684e-08 1.722828695874674452e+02
4.208366362722213962e+05 4.659498747667422387e-14 2.027538083476913103e-08 1.759341229060464116e+02
4.424133920090965694e+05 4.095463035084479369e-14 1.855461113094788380e-08 1.796627585600164139e+02
4.650964116688389913e+05 3.599704255771321255e-14 1.697988299338280617e-08 1.834704165412250063e+02
4.889424146156553179e+05 3.163957437293991174e-14 1.553880188780014717e-08 1.873587715985434272e+02
5.140110282777408138e+05 2.780958088142434201e-14 1.422002520290617405e-08 1.913295339743654608e+02
5.403649372469085502e+05 2.444321088787280707e-14 1.301317297378136833e-08 1.953844501568262331e+02
5.680700400227193022e+05 2.148434243064695697e-14 1.190874618217859831e-08 1.995253036481930735e+02
5.971956137930564582e+05 1.888364715235500738e-14 1.089805199064587874e-08 2.037539157488753858e+02
6.278144876631795196e+05 1.659776792916753351e-14 9.973135322050601409e-09 2.080721463589451901e+02
6.600032247664229944e+05 1.458859604862981760e-14 9.126716245923312459e-09 2.124818947960148421e+02
6.938423137119094608e+05 1.282263588563592956e-14 8.352132678818871007e-09 2.169851006304247392e+02
7.294163698479967425e+05 1.127044648488399622e-14 7.643287947707287933e-09 2.215837445388759193e+02
7.668143468447235646e+05 9.906150740103983815e-15 6.994602803629757742e-09 2.262798491748746130e+02
8.061297591243179049e+05 8.707003987581364842e-15 6.400971507979360283e-09 2.310754800591627998e+02
8.474609156959623797e+05 7.653014821671092182e-15 5.857721645708337196e-09 2.359727464873949145e+02
8.909111659795242595e+05 6.726611810934317715e-15 5.360577349208008575e-09 2.409738024586029894e+02
9.365891582329371013e+05 5.912350558490376426e-15 4.905625643360557890e-09 2.460808476224287631e+02
9.846091112294379855e+05 5.196656222916250945e-15 4.489285646878269764e-09 2.512961282456989238e+02
1.035091099863994634e+06 4.567597207246567014e-15 4.108280387551027245e-09 2.566219382025483355e+02
1.088161355403086869e+06 4.014686242974305035e-15 3.759611009483783213e-09 2.620606199802818423e+02
1.143952581128624268e+06 3.528705553103115435e-15 3.440533169418625377e-09 2.676145657131581856e+02
1.202604284165272489e+06 3.101553179223969424e-15 3.148535436246374240e-09 2.732862182312368873e+02
1.264263124320930336e+06 2.726107910903371578e-15 2.881319523793105009e-09 2.790780721377117288e+02
1.329083280812643003e+06 2.396110565400479138e-15 2.636782201215691988e-09 2.849926749039390756e+02
1.397226837794951163e+06 2.106059638599763428e-15 2.412998738679816033e-09 2.910326279908713332e+02
1.468864189654704416e+06 1.851119587463490401e-15 2.208207757996547998e-09 2.972005879935776989e+02
1.544174467085782439e+06 1.627040214952156837e-15 2.020797368979503515e-09 3.034992678087560307e+02
1.623345985009134281e+06 1.430085813472586508e-15 1.849292482415867022e-09 3.099314378290621903e+02
1.706576713458170416e+06 1.256972885550202343e-15 1.692343199776676493e-09 3.164999271605344688e+02
1.794074772606963990e+06 1.104815403469966323e-15 1.548714188298041740e-09 3.232076248678975503e+02
1.886058953179090517e+06 9.710766952712158989e-16 1.417274957794177702e-09 3.300574812450335003e+02
1.982759263538399944e+06 8.535271549761787738e-16 1.296990962675006170e-09 3.370525091114163274e+02
2.084417504829733167e+06 7.502070720369369241e-16 1.186915459142742183e-09 3.441957851399734523e+02
2.191287875607731752e+06 6.593939602887381082e-16 1.086182053455362443e-09 3.514904512069781504e+02
2.303637607465630397e+06 5.795738417723970698e-16 9.939978826298383092e-10 3.589397157767169233e+02
2.421747633253435604e+06 5.094160066616790263e-16 9.096373738913509850e-10 3.665468553116353974e+02
2.545913289556382690e+06 4.477508285211518232e-16 8.324365337582165538e-10 3.743152157122783024e+02
2.676445055190230254e+06 3.935502650484984356e-16 7.617877218165341096e-10 3.822482137919299134e+02
2.813669327560023405e+06 3.459107192075615147e-16 6.971348680361797876e-10 3.903493387755698905e+02
2.957929238823618274e+06 3.040379750426784359e-16 6.379690960012596571e-10 3.986221538386878933e+02
3.109585513900805730e+06 2.672339570155348634e-16 5.838247175885975893e-10 4.070702976703045692e+02
