# [1] k:    [h/Mpc] 
# [2] P:    [Mpc^3/h^3] 
# [3] T:    [Mpc^3/h^3] 
# [4] Delta_k 
3.059023205018257859e-07 1.692194655906894107e+00 3.949809060980226059e+04 2.453967984727544485e-21
3.215862678579245412e-07 1.774252958093917476e+00 3.947840899972231273e+04 2.989360444235279996e-21
3.380743483904743061e-07 1.860290450816576291e+00 3.945873719685390097e+04 3.641561716036288723e-21
3.554077908890640533e-07 1.950500093919614875e+00 3.943907519630118622e+04 4.436056467286768863e-21
3.736299379885273404e-07 2.045084204302859643e+00 3.941942299317973811e+04 5.403889461573196392e-21
3.927863545481053003e-07 2.144254909663972697e+00 3.939978058259861427e+04 6.582878628402502970e-21
4.129249415873286729e-07 2.248234624249849656e+00 3.938014795969618717e+04 8.019092793153083403e-21
4.340960560635169786e-07 2.357256547668554525e+00 3.936052511958635296e+04 9.768651809520769338e-21
4.563526367904018199e-07 2.471565187898390192e+00 3.934091205738548888e+04 1.189991943441388349e-20
4.797503368127355169e-07 2.591416909659548296e+00 3.932130876823921426e+04 1.449617463154853162e-20
5.043476625678916271e-07 2.717080509367309382e+00 3.930171524726874486e+04 1.765886568447186822e-20
5.302061201824328858e-07 2.848837817975901299e+00 3.928213148959774117e+04 2.151157427307860146e-20
5.573903692694645323e-07 2.986984333056510454e+00 3.926255749037909118e+04 2.620484440930445320e-20
5.859683846113473662e-07 3.131829881514342606e+00 3.924299324474127934e+04 3.192206492182404009e-20
6.160116261320592563e-07 3.283699314455219120e+00 3.922343874782418425e+04 3.888663534713919915e-20
6.475952175842278093e-07 3.442933235739812581e+00 3.920389399476116523e+04 4.737069523302920610e-20
6.807981343976415384e-07 3.609888765876179129e+00 3.918435898071476549e+04 5.770575795076189215e-20
7.157034011589609116e-07 3.784940342939543179e+00 3.916483370082319016e+04 7.029566453038057863e-20
7.523982992164306405e-07 3.968480562346138552e+00 3.914531815023598028e+04 8.563236368863132055e-20
7.909745849287134463e-07 4.160921057341663953e+00 3.912581232410509256e+04 1.043151346514815248e-19
8.315287191035797356e-07 4.362693422188225867e+00 3.910631621758489928e+04 1.270740039002513224e-19
8.741621082001717898e-07 4.574250180118608178e+00 3.908682982583219564e+04 1.547982708471885022e-19
9.189813578979717484e-07 4.796065798226695875e+00 3.906735314399730123e+04 1.885712570769249884e-19
9.660985396665287929e-07 5.028637751583123539e+00 3.904788616725958855e+04 2.297126369757103717e-19
1.015631471002508262e-06 5.272487638930369869e+00 3.902842889077420841e+04 2.798300038102252190e-19
1.067704010034801725e-06 5.528162352499786714e+00 3.900898130969872727e+04 3.408816861941969991e-19
1.122446365234364056e-06 5.796235304557244561e+00 3.898954341921972082e+04 4.152532694866229909e-19
1.179995421003214005e-06 6.077307713403843792e+00 3.897011521449957218e+04 5.058508121820755515e-19
1.240495079956737545e-06 6.372009951759938673e+00 3.895069669070308737e+04 6.162143997120147929e-19
1.304096622755184042e-06 6.681002960537144375e+00 3.893128784302403801e+04 7.506564727545359616e-19
1.370959086384113674e-06 7.004979731140814181e+00 3.891188866663203225e+04 9.144303352073822033e-19
1.441249661829700436e-06 7.344666859681897364e+00 3.889249915670794144e+04 1.113935426253116893e-18
1.515144112143284134e-06 7.700826176541147206e+00 3.887311930843502341e+04 1.356967377487877515e-18
1.592827211940548929e-06 8.074256454954149120e+00 3.885374911699013319e+04 1.653022626059369433e-18
1.674493209434307728e-06 8.465795202467557345e+00 3.883438857757898950e+04 2.013669486531091925e-18
1.760346312156213177e-06 8.876320539230313500e+00 3.881503768538324221e+04 2.453000181039705440e-18
1.850601197581954108e-06 9.306753167404433924e+00 3.879569643559573888e+04 2.988181490770164663e-18
1.945483549936765273e-06 9.758058436053664408e+00 3.877636482340292423e+04 3.640125545360818098e-18
2.045230624523543909e-06 1.023124850618954085e+01 3.875704284402009944e+04 4.434306961247918334e-18
2.150091840984688092e-06 1.072738462076067734e+01 3.873773049263847497e+04 5.401758258484142018e-18
2.260329406981118614e-06 1.124757948476330682e+01 3.871842776446048811e+04 6.580282451824213311e-18
2.376218973848010330e-06 1.179299976074396916e+01 3.869913465468658251e+04 8.015930197869840489e-18
2.498050325866710336e-06 1.236486868533257777e+01 3.867985115853275784e+04 9.764799217596305545e-18
2.626128104876382668e-06 1.296446881262704665e+01 3.866057727119983610e+04 1.189522630639753770e-17
2.760772572037287162e-06 1.359314489065254428e+01 3.864131298790859728e+04 1.449045758416288280e-17
2.902320408650496801e-06 1.425230687726031675e+01 3.862205830386463640e+04 1.765190132494122266e-17
3.051125558036519890e-06 1.494343310231939626e+01 3.860281321428909723e+04 2.150309047010402677e-17
3.207560110577962700e-06 1.566807358322347632e+01 3.858357771440991928e+04 2.619450965955524504e-17
3.372015234139298021e-06 1.642785350115369525e+01 3.856435179943106778e+04 3.190947539648733908e-17
3.544902152190277809e-06 1.722447684598551376e+01 3.854513546458961355e+04 3.887129911240177926e-17
3.726653172078803499e-06 1.805973023785415066e+01 3.852592870510308421e+04 4.735201302782226154e-17
3.917722766024474580e-06 1.893548693411136341e+01 3.850673151620452700e+04 5.768299977068884339e-17
4.118588707535861475e-06 1.985371103054675501e+01 3.848754389312936837e+04 7.026794110296970769e-17
4.329753266093139866e-06 2.081646186633238216e+01 3.846836583110228094e+04 8.559859172508379647e-17
4.551744463083409039e-06 2.182589864261950297e+01 3.844919732536780066e+04 1.042739945173886410e-16
4.785117392129195949e-06 2.288428526503108174e+01 3.843003837115535134e+04 1.270238880509947213e-16
5.030455607111644826e-06 2.399399542106105088e+01 3.841088896371860028e+04 1.547372210135137822e-16
5.288372581359179674e-06 2.515751790357936457e+01 3.839174909828298405e+04 1.884968877457268189e-16
5.559513241650373021e-06 2.637746219261920899e+01 3.837261877010251919e+04 2.296220421764058044e-16
5.844555580866815540e-06 2.765656430773019636e+01 3.835349797442923591e+04 2.797196435646229159e-16
6.144212353328471540e-06 2.899769294414789655e+01 3.833438670650441782e+04 3.407472481922798932e-16
6.459232857050738118e-06 3.040385590657929527e+01 3.831528496158919006e+04 4.150895005835129642e-16
6.790404807379771878e-06 3.187820685487950456e+01 3.829619273492958746e+04 5.056513131322581147e-16
7.138556306691162195e-06 3.342405237694143949e+01 3.827711002178708441e+04 6.159713751201842185e-16
7.504557915077204533e-06 3.504485940450678072e+01 3.825803681742987101e+04 7.503604264711706159e-16
7.889324827200587103e-06 3.674426298854051964e+01 3.823897311710238864e+04 9.140696992678924458e-16
8.293819160757753291e-06 3.852607445181252643e+01 3.821991891608189326e+04 1.113496108862266700e-15
8.719052362274285227e-06 4.039428993661301348e+01 3.820087420962625765e+04 1.356432212384002175e-15
9.166087736248057605e-06 4.235309936713252199e+01 3.818183899300875055e+04 1.652370701746719225e-15
9.636043103964330830e-06 4.440689584635406817e+01 3.816281326150500536e+04 2.012875329164328616e-15
1.013009359863121538e-05 4.656028550861654480e+01 3.814379701037996711e+04 2.452032759037933269e-15
1.064947460382478790e-05 4.881809785005182789e+01 3.812479023491832049e+04 2.987003002263781591e-15
1.119548484259151579e-05 5.118539655981387426e+01 3.810579293038973265e+04 3.638689941088527842e-15
1.176948962493235138e-05 5.366749087672258156e+01 3.808680509208790318e+04 4.432558145187871885e-15
1.237292426178888029e-05 5.626994749637344029e+01 3.806782671527856292e+04 5.399627895908186496e-15
1.300729765406831334e-05 5.899860305596457977e+01 3.804885779526009719e+04 6.577687299134286975e-15
1.367419606568169201e-05 6.185957722421557747e+01 3.802989832731161732e+04 8.012768849862735490e-15
1.437528709002991615e-05 6.485928642630518937e+01 3.801094830672754324e+04 9.760948145069280642e-15
1.511232381985586521e-05 6.800445823421664215e+01 3.799200772880464501e+04 1.189053502927209146e-14
1.588714923088939049e-05 7.130214645489297709e+01 3.797307658882907708e+04 1.448474279148119192e-14
1.670170079024660794e-05 7.475974695019276339e+01 3.795415488210228796e+04 1.764493971203674733e-14
1.755801530110687162e-05 7.838501422387210482e+01 3.793524260393239092e+04 2.149461001300357529e-14
1.845823399578163895e-05 8.218607881280415484e+01 3.791633974960396154e+04 2.618417898564583056e-14
1.940460788991057802e-05 8.617146552189974784e+01 3.789744631443408434e+04 3.189689083624784913e-14
2.039950341117315543e-05 9.035011254282412096e+01 3.787856229372066446e+04 3.885596892600807625e-14
2.144540831659045798e-05 9.473139150019865440e+01 3.785968768277684285e+04 4.733333819054137832e-14
2.254493791321357228e-05 9.932512846967888720e+01 3.784082247691810335e+04 5.766025056605973564e-14
2.370084159775344190e-05 1.041416260152294200e+02 3.782196667144936509e+04 7.024022860919670662e-14
2.491600973150475266e-05 1.091916862952684397e+02 3.780312026169506862e+04 8.556483308064998144e-14
2.619348086775470484e-05 1.144866352889289232e+02 3.778428324296481151e+04 1.042328706082717638e-13
2.753644934974891994e-05 1.200383481974957647e+02 3.776545561058770545e+04 1.269737919666450041e-13
2.894827329821342076e-05 1.258592760772082642e+02 3.774663735987801192e+04 1.546761952568322727e-13
3.043248300840562692e-05 1.319624737639716443e+02 3.772782848616949195e+04 1.884225477444981659e-13
3.199278977769132648e-05 1.383616291517862180e+02 3.770902898478537099e+04 2.295314831062188706e-13
3.363309518572123809e-05 1.450710938912296797e+02 3.769023885105120280e+04 2.796093268432457987e-13
3.535750085041236633e-05 1.521059155765845503e+02 3.767145808030557964e+04 3.406128632104125743e-13
3.717031868412924126e-05 1.594818714935767616e+02 3.765268666788299015e+04 4.149257962680543344e-13
3.907608167571078754e-05 1.672155040037716560e+02 3.763392460911811213e+04 5.054518927616820542e-13
4.107955522530357004e-05 1.753241576448096168e+02 3.761517189934581256e+04 6.157284463732427162e-13
4.318574906034433776e-05 1.838260180298366038e+02 3.759642853391396056e+04 7.500644969431427467e-13
4.539992976248807967e-05 1.927401526329597061e+02 3.757769450816421886e+04 9.137092055570426669e-13
4.772763393680535859e-05 2.020865535527567829e+02 3.755896981744267396e+04 1.113056964730551055e-12
5.017468205617894183e-05 2.118861823493623433e+02 3.754025445709776977e+04 1.355897258340408737e-12
5.274719301551768723e-05 2.221610170558274717e+02 3.752154842248022760e+04 1.651719034542043735e-12
5.545159943218107865e-05 2.329341014691616749e+02 3.750285170894311159e+04 2.012081484999633438e-12
5.829466373087315435e-05 2.442295968316115307e+02 3.748416431184180692e+04 2.451065718571680103e-12
6.128349505322671351e-05 2.560728360180802952e+02 3.746548622653398343e+04 2.985824978533809219e-12
6.442556703436033705e-05 2.684903803512133322e+02 3.744681744837966107e+04 3.637254902994448826e-12
6.772873649085907528e-05 2.815100791715727837e+02 3.742815797274113720e+04 4.430810018828874166e-12
7.120126306690828879e-05 2.951611322965461000e+02 3.740950779498516931e+04 5.397498373510775048e-12
7.485182988770643921e-05 3.094741555078446709e+02 3.739086691047444037e+04 6.575093169927494448e-12
7.868956527180084881e-05 3.244812492149511058e+02 3.737223531457819627e+04 8.009608748636331694e-12
8.272406555663884206e-05 3.402160704480496634e+02 3.735361300267223123e+04 9.757098591341578315e-12
8.696541909440986997e-05 3.567139083418931023e+02 3.733499997013040411e+04 1.188584560230593698e-11
9.142423147818073699e-05 3.740117632801961349e+02 3.731639621232462378e+04 1.447903025262093358e-11
9.611165206140254191e-05 3.921484298781199982e+02 3.729780172463548661e+04 1.763798084468129250e-11
1.010394018371016720e-04 4.111645839884133693e+02 3.727921650244375633e+04 2.148613290044272450e-11
1.062198027464676133e-04 4.311028739268660388e+02 3.726064054113251041e+04 2.617385238598328171e-11
1.116658084901241013e-04 4.520080161214484065e+02 3.724207383608711098e+04 3.188431123914005216e-11
1.173910369191279803e-04 4.739268953996975142e+02 3.722351638269522664e+04 3.884064478558638018e-11
1.234098040866900780e-04 4.969086701392637337e+02 3.720496817634683975e+04 4.731467071831237721e-11
1.297371600457651012e-04 5.210048825174339981e+02 3.718642921243421006e+04 5.763751033332722463e-11
1.363889264820232711e-04 5.462695741069090900e+02 3.716789948635188921e+04 7.021252704478097402e-11
1.433817362763056455e-04 5.727594070771021961e+02 3.714937899349779764e+04 8.553108775005269109e-11
1.507330750954898936e-04 6.005337912725716478e+02 3.713086772926792764e+04 1.041917629177560756e-10
1.584613251157653230e-04 6.296550174543042431e+02 3.711236568906792672e+04 1.269237156393400110e-10
1.665858109876483387e-04 6.601883970013087719e+02 3.709387286829837103e+04 1.546151935677610711e-10
1.751268481576742783e-04 6.922024083875261340e+02 3.707538926236634870e+04 1.883482370617480612e-10
1.841057936675958640e-04 7.257688507611588875e+02 3.705691486668015568e+04 2.294409597509657185e-10
1.935450995581117185e-04 7.609630049717166003e+02 3.703844967665251170e+04 2.794990536290050501e-10
2.034683690106629794e-04 7.978638024050660533e+02 3.701999368768999557e+04 3.404785312277393228e-10
2.139004153676812446e-04 8.365540020070219498e+02 3.700154689521512773e+04 4.147621565148235146e-10
2.248673241788693637e-04 8.771203758892115729e+02 3.698310929464118090e+04 5.052525510389726332e-10
2.363965184286629729e-04 9.196539039371830313e+02 3.696468088138893654e+04 6.154856134331676354e-10
2.485168271079757005e-04 9.642499778545222853e+02 3.694626165088094422e+04 7.497686841248459327e-10
2.612585573016925852e-04 1.011008615101689770e+03 3.692785159853994264e+04 9.133488540188474936e-10
2.746535699721688829e-04 1.060034683209586547e+03 3.690945071979408385e+04 1.112617993790019320e-09
2.887353596282311993e-04 1.111438134970051351e+03 3.689105901007223292e+04 1.355362515273723471e-09
3.035391380788964293e-04 1.165334255031575140e+03 3.687267646480449184e+04 1.651067624343815027e-09
3.191019224812350285e-04 1.221843918453080505e+03 3.685430307942480431e+04 2.011287953913778348e-09
3.354626279025451924e-04 1.281093861795324301e+03 3.683593884936885297e+04 2.450099059489699043e-09
3.526621646282911485e-04 1.343216967358284819e+03 3.681758377007513627e+04 2.984647419396736054e-09
3.707435404591257876e-04 1.408352561201628305e+03 3.679923783698285115e+04 3.635820430855017738e-09
3.897519682527942697e-04 1.476646725617286620e+03 3.678090104553503625e+04 4.429062581902792433e-09
4.097349789798286580e-04 1.548252626754083622e+03 3.676257339117660740e+04 5.395369690960881347e-09
4.307425405757319271e-04 1.623330858129833814e+03 3.674425486935448862e+04 6.572500063802037725e-09
4.528271828868440083e-04 1.702049800801102265e+03 3.672594547551812866e+04 8.006449893702280429e-09
4.760441290223192071e-04 1.784586000998276177e+03 3.670764520511873707e+04 9.753250555813897842e-09
5.004514334406633081e-04 1.871124566073267033e+03 3.668935405361055018e+04 1.188115802477067094e-08
5.261101271161193775e-04 1.961845704338204314e+03 3.667094233760749194e+04 1.447321760371070891e-08
5.530843701478924991e-04 2.056940341718557193e+03 3.665231624439396546e+04 1.763056020114583667e-08
5.814416121938181326e-04 2.156590585314501823e+03 3.663324247356006526e+04 2.147614331076591868e-08
6.112527611296385451e-04 2.261022282189185262e+03 3.661380465476948302e+04 2.615999176858780766e-08
6.425923603556274889e-04 2.370387638771619095e+03 3.659342475409579492e+04 3.186370749703559417e-08
6.755387751939181127e-04 2.484995787564806506e+03 3.657270889737054677e+04 3.881027876125919219e-08
7.101743888426273075e-04 2.604915752178331331e+03 3.655039482477144338e+04 4.726710020363157883e-08
7.465858083767621441e-04 2.730567985601263445e+03 3.652772794706854620e+04 5.756552156630812017e-08
7.848640813110194670e-04 2.861966668706244491e+03 3.650306899026646715e+04 7.010002835837774214e-08
8.251049232659968648e-04 2.999563903389688221e+03 3.647766946206062858e+04 8.536029613495849379e-08
8.674089573071004124e-04 3.143441134223097833e+03 3.645034315307596989e+04 1.039315247210182023e-07
9.118819655546198935e-04 3.293952505535657565e+03 3.642156076921855129e+04 1.265329029659369450e-07
9.586351536941296880e-04 3.451345182508367998e+03 3.639108594511019328e+04 1.540347500590262410e-07
1.007785429048626679e-03 3.615781498315616318e+03 3.635823874208804773e+04 1.874893751659994285e-07
1.059455692907732439e-03 3.787776790582899139e+03 3.632410046465195046e+04 2.281933764609008267e-07
1.113775147844932919e-03 3.967180572290095824e+03 3.628645935186158022e+04 2.776801252930919939e-07
1.170879620791311689e-03 4.154902071491897914e+03 3.624807408212410519e+04 3.378841289208006208e-07
1.230911902673626282e-03 4.350342616249376078e+03 3.620488750615747995e+04 4.110310536735533503e-07
1.294022105466001958e-03 4.554709963020024588e+03 3.616069475350902212e+04 4.999839600139231300e-07
1.360368037548055848e-03 4.767495621518170992e+03 3.611207841702645237e+04 6.080367375605837746e-07
1.430115598308045934e-03 4.989577536751637126e+03 3.606119814407494414e+04 7.393455536042041936e-07
1.503439192977754080e-03 5.220870170137400237e+03 3.600647794387404429e+04 8.988159184469366303e-07
1.580522168736409397e-03 5.461706165945760404e+03 3.594796349486945837e+04 1.092446973794520024e-06
1.661557273174137529e-03 5.712663114777800729e+03 3.588643885771970963e+04 1.327562022747970207e-06
1.746747136261333697e-03 5.973232223344677550e+03 3.581926644293437130e+04 1.612760128259548932e-06
1.836304777029133936e-03 6.244969978497335433e+03 3.575016875908360089e+04 1.959002119649653905e-06
1.930454136227949345e-03 6.526148761939623000e+03 3.567322181506497145e+04 2.378513892812278092e-06
2.029430636295988157e-03 6.819346100017115532e+03 3.559476638063146675e+04 2.887590658342944465e-06
2.133481770037976965e-03 7.122247131106786583e+03 3.550783809392117837e+04 3.503919393318501296e-06
2.242867719486086112e-03 7.437340258375224948e+03 3.541811696544626466e+04 4.251076212980891625e-06
2.357862006490532136e-03 7.763027345119102392e+03 3.532101142891036579e+04 5.155330689062595151e-06
2.478752176666675511e-03 8.100479125203554759e+03 3.521874351542313525e+04 6.250003950804148109e-06
2.605840518408833982e-03 8.449595233211513914e+03 3.511053019153985952e+04 7.574424868138289837e-06
2.739444818768723561e-03 8.809587387937846870e+03 3.499436763032706222e+04 9.175156848749580965e-06
2.879899158088616417e-03 9.182538082700502855e+03 3.487407249040951865e+04 1.111129913550362352e-05
3.027554745376210416e-03 9.564894620005652541e+03 3.474260050794225390e+04 1.344703277613493198e-05
3.182780796510085389e-03 9.961705028894926727e+03 3.460907544663662702e+04 1.627137012254226500e-05
3.345965457471714814e-03 1.036589727261763801e+04 3.446097334563610639e+04 1.967168307603920838e-05
3.517516774912597243e-03 1.078448422804577058e+04 3.431031539473656449e+04 2.377815590966834931e-05
3.697863716483424691e-03 1.121118997139732892e+04 3.414694123832556215e+04 2.871935451449353032e-05
3.887457243476651579e-03 1.165016256109554524e+04 3.397761373999661009e+04 3.467361483574797929e-05
4.086771438464619106e-03 1.209828695560977212e+04 3.379790288881881133e+04 4.183455837550950510e-05
4.296304690752923532e-03 1.255556681603025208e+04 3.360832790711145935e+04 5.044194257355817267e-05
4.516580942613284376e-03 1.302342386310903930e+04 3.341121450957074558e+04 6.078897598005793528e-05
4.748150999412126434e-03 1.349612813584127980e+04 3.319977973128480517e+04 7.319021405401776538e-05
4.991593906910903912e-03 1.398134702055286652e+04 3.298420677407686890e+04 8.809210988047079364e-05
5.247518399182111472e-03 1.446566674582911946e+04 3.274927541394835862e+04 1.058938223107708785e-04
5.516564420761540903e-03 1.496282280479241126e+04 3.251173639442432250e+04 1.272594008345982969e-04
5.799404726842954938e-03 1.545615410866987986e+04 3.225410898884430208e+04 1.527291563714808622e-04
6.096746565516493986e-03 1.595834510434964250e+04 3.199110097982070874e+04 1.832114190084863461e-04
6.409333446257287764e-03 1.645748221588096203e+04 3.171158055609365329e+04 2.195190692154623242e-04
6.737946999086424568e-03 1.695810894066100809e+04 3.142142179341170049e+04 2.628030803190349357e-04
7.083408929053131541e-03 1.745721547578880927e+04 3.111899331420461749e+04 3.143201153352365184e-04
7.446583070925409317e-03 1.794827304779149927e+04 3.079997173109185314e+04 3.754603172867734470e-04
7.828377549226901017e-03 1.844037348208302137e+04 3.047367077262343446e+04 4.481828769149692813e-04
8.229747049021221908e-03 1.891233007664923934e+04 3.012405038138238160e+04 5.340411943973404204e-04
8.651695203121895217e-03 1.938876022163256130e+04 2.977260232641635957e+04 6.360978558084880597e-04
9.095277101697147801e-03 1.983090761357272277e+04 2.939097566705345889e+04 7.558935775951552928e-04
9.561601930544914862e-03 2.027304633007846496e+04 2.900702203806884063e+04 8.978034072770256589e-04
1.005183574463506743e-02 2.068167539817411307e+04 2.859811631071267402e+04 1.064123725421785944e-03
1.056720438385422289e-02 2.107598972769212196e+04 2.817990270953294385e+04 1.259907204034090185e-03
1.110899653824396448e-02 2.143937741428517256e+04 2.774294212920665814e+04 1.489041914856330858e-03
1.167856697039719623e-02 2.177070338754537806e+04 2.728874684845697993e+04 1.756755760897361213e-03
1.227733990307029038e-02 2.207607107762136729e+04 2.682311334690866352e+04 2.069687999331493600e-03
1.290681258048182248e-02 2.232785463505691223e+04 2.633132550938177155e+04 2.432059894530814743e-03
1.356855901220299469e-02 2.256170811280374983e+04 2.583664648537891117e+04 2.855245256694497868e-03
1.426423390900143431e-02 2.271649235351059178e+04 2.530589618989776864e+04 3.340080143602198754e-03
1.499557682048000690e-02 2.285515137193433839e+04 2.477673452772355085e+04 3.904306366942568527e-03
1.576441648485692182e-02 2.290543864625789865e+04 2.421153107644109332e+04 4.546137555440161321e-03
1.657267540176381518e-02 2.293980782151621679e+04 2.365095958741759023e+04 5.289783612011011472e-03
1.742237463949622076e-02 2.293358635992785275e+04 2.308292267979604367e+04 6.144184932313024108e-03
1.831563888873704443e-02 2.285371549800424327e+04 2.249231455460450161e+04 7.113663090024827974e-03
1.925470177538994923e-02 2.268987459003571348e+04 2.187624199091751871e+04 8.205645371911884228e-03
2.024191144580758314e-02 2.244490706510101882e+04 2.123814138976147660e+04 9.430671823963610728e-03
2.127973643838054069e-02 2.215820154707164329e+04 2.059803477564186687e+04 1.081691709904986434e-02
2.237077185616915750e-02 2.172302205729407069e+04 1.990763114317745567e+04 1.232064398401710656e-02
2.351774585601286785e-02 2.126463942867736478e+04 1.922602072782089817e+04 1.401249144924351930e-02
2.472352647034336062e-02 2.072330360000517976e+04 1.852639077506481772e+04 1.586574607722016431e-02
2.599112877875953478e-02 2.017392825834953692e+04 1.784257342026926199e+04 1.794469801670005304e-02
2.732372244729698585e-02 1.954996826030429656e+04 1.714494971492065451e+04 2.020393259990014082e-02
2.872463965424410307e-02 1.889441079219347739e+04 1.645245815640012734e+04 2.268649375751190939e-02
3.019738342232343442e-02 1.817873161281613648e+04 1.575240387397733321e+04 2.535956366417042515e-02
3.174563637807315680e-02 1.743662950945854755e+04 1.505903872100955596e+04 2.826082990044979579e-02
3.337326996033158216e-02 1.668387034092949398e+04 1.437855735071462550e+04 3.141690144079417601e-02
3.508435410085083278e-02 1.600165243515368638e+04 1.374517452079106442e+04 3.500866491363198441e-02
3.688316740124613496e-02 1.536034267164943594e+04 1.314526134823299981e+04 3.904413381245711023e-02
3.877420783172848273e-02 1.463199110100760117e+04 1.252337593848346478e+04 4.321181307188887155e-02
4.076220397837305304e-02 1.392352914215570672e+04 1.192464060140023503e+04 4.777410511956166339e-02
4.285212686704739649e-02 1.320499094537298879e+04 1.133549838358103989e+04 5.264116750187169264e-02
4.504920239356542677e-02 1.255498961235594470e+04 1.078898713490894625e+04 5.814976111909723328e-02
4.735892439114896407e-02 1.201312758556165318e+04 1.030152384260280269e+04 6.464453845618216288e-02
4.978706836787243073e-02 1.152249815937306266e+04 9.847991881074905905e+03 7.203881648392769510e-02
5.233970594844135349e-02 1.108275014551775894e+04 9.427554685997001798e+03 8.050292058342782553e-02
5.502322005641668845e-02 1.071465986004607475e+04 9.048267144154073321e+03 9.042461225934897429e-02
5.784432087484844831e-02 1.038791495087470503e+04 8.696436767252642312e+03 1.018546413647129778e-01
6.081006262522850592e-02 1.004792952409015743e+04 8.348652256359546300e+03 1.144651261489057215e-01
6.392786120671870020e-02 9.713383309870929224e+03 8.012430515042831757e+03 1.285616123467016036e-01
6.720551273976151097e-02 9.292312303955650350e+03 7.649654884515805861e+03 1.428922757629729479e-01
7.065121306044198912e-02 8.870605462558072759e+03 7.295541063504933845e+03 1.584828933794609762e-01
7.427357821434696361e-02 8.392566896876080136e+03 6.926745180569145305e+03 1.742080067920575293e-01
7.808166600116696332e-02 7.873929851775302268e+03 6.549053028165993055e+03 1.898930253911234323e-01
8.208499862391337165e-02 7.284212563113800570e+03 6.148582044348821000e+03 2.041005877120161960e-01
8.629358649938589920e-02 6.681511616737961049e+03 5.748068857117586958e+03 2.175106592960872609e-01
9.071795328942874881e-02 6.087074127469481937e+03 5.355374227654199785e+03 2.302282327347594526e-01
9.536916221556676621e-02 5.557513542318828513e+03 4.994899158117552361e+03 2.442163247410828741e-01
1.002588437228218304e-01 5.077926915297381129e+03 4.660479626127123993e+03 2.592535904705502992e-01
1.053992245618834284e-01 4.732149825314860209e+03 4.391547301243658694e+03 2.806990821427013394e-01
1.108031583623540345e-01 4.427108414025877209e+03 4.146191254716074582e+03 3.051032513794930678e-01
1.164841577735182265e-01 4.221988488025898732e+03 3.952289111295870043e+03 3.380554138897991501e-01
1.224564282530043596e-01 4.019217937739890658e+03 3.764106410637691624e+03 3.739009588966639153e-01
1.287349035878279091e-01 3.808976856404467071e+03 3.576812809650817144e+03 4.116873562197693182e-01
1.353352832366376823e-01 3.549810598233953897e+03 3.370509588878396698e+03 4.457676513437253685e-01
1.422740715865399574e-01 3.245103795419729067e+03 3.145634093786898575e+03 4.734521926386389690e-01
1.495686192226629019e-01 2.922121882892758094e+03 2.913694413341101153e+03 4.953247610211393703e-01
1.572371663136570008e-01 2.609666939899223053e+03 2.687746535810987552e+03 5.139501157441201951e-01
1.652988882216175348e-01 2.385911502607429156e+03 2.508556373997903393e+03 5.459267659326706434e-01
1.737739434504778357e-01 2.192553440495731593e+03 2.347322298676254832e+03 5.828736417706052997e-01
1.826835240527691917e-01 2.068218985541579968e+03 2.225342292822443142e+03 6.388000209740040125e-01
1.920499086207905493e-01 1.938584681509997381e+03 2.103012629413439299e+03 6.956605090080278941e-01
2.018965179946938526e-01 1.769153590092294280e+03 1.961025280533622663e+03 7.376023367120234653e-01
2.122479738267836202e-01 1.601817395236811308e+03 1.821410589100871221e+03 7.759145998289835866e-01
2.231301601484726449e-01 1.431229217785690025e+03 1.680571065285095074e+03 8.054791144448866236e-01
2.345702880938428103e-01 1.303984723617596956e+03 1.565811462074426117e+03 8.526322713447987978e-01
2.465969639416541459e-01 1.206722542056332941e+03 1.470306441039407673e+03 9.167287687042998678e-01
2.592402606459418002e-01 1.103840933572004360e+03 1.372645293545042932e+03 9.742807059717731866e-01
2.725317930340656614e-01 1.005570864971327865e+03 1.278828627365574903e+03 1.031179952815321377e+00
2.865047968602461026e-01 9.051680041472164930e+02 1.184326744748108013e+03 1.078437909638409797e+00
3.011942119122611450e-01 8.153975876481958949e+02 1.097217136089708220e+03 1.128702654315364207e+00
3.166367693791155569e-01 7.463470502205175308e+02 1.024658652761849225e+03 1.200314678546943847e+00
3.328710836981453314e-01 6.795432465647752451e+02 9.543733042368953647e+02 1.269742246035674871e+00
3.499377491112247163e-01 6.104863545092803179e+02 8.829754806598326695e+02 1.325313439673256877e+00
3.678794411715154977e-01 5.510992252388806492e+02 8.188917473797737330e+02 1.390005804155278080e+00
3.867410234545784475e-01 5.002609665352595130e+02 7.615717643581776883e+02 1.465978508026408722e+00
4.065696597406806001e-01 4.514056760665989714e+02 7.061500005871714620e+02 1.536887836677575558e+00
4.274149319488126375e-01 4.059923974938022297e+02 6.536922520117601607e+02 1.605969271505889528e+00
4.493289641173122684e-01 3.659741365185134327e+02 6.058156875443286253e+02 1.681953160056504970e+00
4.723665527411103904e-01 3.300460710018896862e+02 5.615695257199993193e+02 1.762309741080946957e+00
4.965853037915104462e-01 2.968639759565439817e+02 5.198714041360747160e+02 1.841659538482980141e+00
5.220457767611225153e-01 2.669307960388414358e+02 4.811909505814407453e+02 1.923954073585090185e+00
5.488116360941387439e-01 2.396863439189604890e+02 4.450826722046917325e+02 2.007166881346949872e+00
5.769498103806052214e-01 2.151521975160901547e+02 4.116165851839004972e+02 2.093293621170079888e+00
6.065306597127584354e-01 1.930235153553624627e+02 3.805625194072501927e+02 2.181919666857557338e+00
6.376281516219051149e-01 1.730498957842252139e+02 3.517284556013238443e+02 2.272710144437153801e+00
6.703200460357783275e-01 1.550564679443666591e+02 3.249882867660633678e+02 2.365956565557351787e+00
7.046880897188601001e-01 1.388115149294762034e+02 3.001486835225736627e+02 2.460857958997792139e+00
7.408182206818726412e-01 1.242295080995329073e+02 2.771641207252566801e+02 2.558762579796304948e+00
7.788007830715680813e-01 1.110610569779859418e+02 2.558034861539136955e+02 2.657732088162883866e+00
8.187307530781540166e-01 9.926824159348146281e+01 2.360650280250580693e+02 2.759967059830525482e+00
8.607079764252394405e-01 8.864061591676623664e+01 2.177427993504900599e+02 2.863324090245227715e+00
9.048374180361511421e-01 7.912831379535477083e+01 2.008141475099515390e+02 2.969708523726970473e+00
9.512294245009160765e-01 7.058599740807316891e+01 1.851350122642515998e+02 3.077830099572179012e+00
1.000000000000213163e+00 6.293645823347200974e+01 1.706402040553259383e+02 3.188398221238007757e+00
1.051271096376248826e+00 5.608572577176121143e+01 1.572379290450581379e+02 3.301161529977323372e+00
1.105170918075884856e+00 4.994946410781135171e+01 1.448429930551949951e+02 3.415776424242087828e+00
1.161834242728533306e+00 4.446935790535241040e+01 1.334023358981897900e+02 3.533162680574867043e+00
1.221402758160433644e+00 3.956157990709437655e+01 1.228204683851821812e+02 3.651914281080924418e+00
1.284025416688019838e+00 3.518979218254294494e+01 1.130689131688457536e+02 3.774051502351289056e+00
1.349858807576296504e+00 3.127340373279114161e+01 1.040455171897158948e+02 3.896820885201868645e+00
1.419067548593566874e+00 2.778845564252517875e+01 9.573460155991179477e+01 4.022942972638182901e+00
1.491824697641596753e+00 2.467530207334476700e+01 8.805801641351003184e+01 4.150363310324751254e+00
1.568312185490513100e+00 2.190433533258280008e+01 8.098482162967079034e+01 4.280533388733505085e+00
1.648721270700491237e+00 1.943475776492311269e+01 7.446103818467123858e+01 4.412564978296776630e+00
1.733253017867778301e+00 1.723611564338220958e+01 6.844790367211142268e+01 4.546692187793447637e+00
1.822118800390913007e+00 1.528089121697824204e+01 6.290942634582013682e+01 4.683267993731359269e+00
1.915540829014322100e+00 1.354022626545657815e+01 5.780365159872475544e+01 4.821369546480639201e+00
2.013752707470925607e+00 1.199556049763624443e+01 5.310721381534100516e+01 4.962599372748695892e+00
2.117000016613148627e+00 1.061999428492015873e+01 4.877601518121966251e+01 5.104546051911967197e+00
2.225540928492967474e+00 9.400975195518464389e+00 4.479520825305674947e+01 5.249886597221081530e+00
2.339646851926517890e+00 8.316844927927153464e+00 4.112683979632104325e+01 5.396097543919442074e+00
2.459603111157505406e+00 7.356351652939702390e+00 3.775532465719405195e+01 5.545335690332230172e+00
2.585709659316432152e+00 6.503677138266904301e+00 3.465192661575949984e+01 5.695980657315502960e+00
2.718281828459663263e+00 5.748156421154261508e+00 3.179897483932187185e+01 5.849008903775695600e+00
2.857651118063815776e+00 5.078693863775490591e+00 2.917600189813155964e+01 6.004127580782369300e+00
3.004166023947120401e+00 4.485419356143419911e+00 2.676407377845916713e+01 6.160913369410574880e+00
3.158192909690492378e+00 3.960589173771337901e+00 2.454887083646246637e+01 6.320421147472354839e+00
3.320116922737311960e+00 3.495465554516446360e+00 2.251153281295705000e+01 6.480901495908083731e+00
3.490342957462647444e+00 3.084636215628566269e+00 2.064217526953714099e+01 6.644748063596114029e+00
3.669296667620093988e+00 2.720583056909053443e+00 1.892280047389180098e+01 6.808959130701111917e+00
3.857425530697870641e+00 2.399242791723674717e+00 1.734572456181681943e+01 6.976492141085825160e+00
4.055199966845619564e+00 2.114918050222224455e+00 1.589655618165109985e+01 7.144973571893057596e+00
4.263114515169814212e+00 1.863921050777503030e+00 1.456702833085672211e+01 7.316085435624935407e+00
4.481689070339116121e+00 1.642171329974151606e+00 1.334649942268051248e+01 7.488828640995156327e+00
4.711470182591849465e+00 1.446399359539958018e+00 1.222652894900216047e+01 7.663511626648569219e+00
4.953032424396282885e+00 1.273682106290523919e+00 1.119929087952258406e+01 7.840519145049542615e+00
5.206979827181080545e+00 1.121182220407180852e+00 1.025649642399086936e+01 8.018703338202026742e+00
5.473947391728498424e+00 9.868138177220093787e-01 9.392462586114273648e+00 8.199877014063071456e+00
5.754602676007100293e+00 8.681709218743143275e-01 8.599345764421682858e+00 8.381495662973788896e+00
6.049647464414390718e+00 7.637276570874536041e-01 7.872868248321601037e+00 8.566412423440734614e+00
6.359819522603354258e+00 6.715723087558618243e-01 7.206278556901717813e+00 8.751800593923125149e+00
6.685894442280875261e+00 5.904636434507206655e-01 6.595719340564611954e+00 8.940091583828170485e+00
7.028687580590986528e+00 5.189875899255939062e-01 6.035941247681601673e+00 9.129562186109737354e+00
7.389056098932435646e+00 4.561637646692058845e-01 5.523671469978799209e+00 9.323048307560467762e+00
7.767901106308653603e+00 4.009448091562576866e-01 5.054877981122988473e+00 9.520635050534025368e+00
8.166169912569634093e+00 3.524101483727505868e-01 4.625870952484452125e+00 9.722409320989010340e+00
8.584858397179985445e+00 3.097506435797353075e-01 4.233273710849402960e+00 9.928459866713682302e+00
9.025013499436326470e+00 2.722551028711474586e-01 3.873996160948649514e+00 1.013887731636010869e+01
9.487735836360851494e+00 2.392984246384602665e-01 3.545210463613902352e+00 1.035375421930656259e+01
9.974182454817173138e+00 2.103311762775265104e-01 3.244328778126509327e+00 1.057318508636329035e+01
1.048556972473016025e+01 1.848704344005914491e-01 2.968982893571407988e+00 1.079726643134338637e+01
1.102317638064432792e+01 1.624917338472294526e-01 2.717005588875554878e+00 1.102609681351095716e+01
1.158834671922626214e+01 1.428219912734463581e-01 2.486413574818919781e+00 1.125977688093348839e+01
1.218249396070650370e+01 1.255332853453905717e-01 2.275391883754726674e+00 1.149840941474814215e+01
1.280710378266622662e+01 1.103373898452138652e-01 2.082279584173382325e+00 1.174209937437176698e+01
1.346373803500505772e+01 9.698096854836547875e-02 1.905556707669347594e+00 1.199095394366225698e+01
1.415403864537935341e+01 8.524135176455839569e-02 1.743832285415758188e+00 1.224508257806519396e+01
1.487973172487657614e+01 7.492282413147570430e-02 1.595833399981952061e+00 1.250459705275495459e+01
1.564263188419211659e+01 6.585336177376209521e-02 1.460395166322297600e+00 1.276961151179700238e+01
1.644464677110120832e+01 5.788176443130075427e-02 1.336451563077713178e+00 1.304024251835352466e+01
1.728778184057202338e+01 5.087513474544516634e-02 1.223027042023713040e+00 1.331660910595315528e+01
1.817414536944768244e+01 4.471666267947440460e-02 1.119228849623722155e+00 1.359883283084444372e+01
1.910595372823652127e+01 3.930367813657457271e-02 1.024240000251551930e+00 1.388703782546079601e+01
2.008553692319280515e+01 3.454593930983326094e-02 9.373128457758879151e-01 1.418135085302011156e+01
2.111534442254602695e+01 3.036412822870544759e-02 8.577631908934760796e-01 1.448190136327987965e+01
2.219795128144734164e+01 2.668852842067194475e-02 7.849649078933976787e-01 1.478882154947246974e+01
2.333606458094873304e+01 2.345786264291905426e-02 7.183450084658445922e-01 1.510224640644763383e+01
2.453253019711569394e+01 2.061827130745312597e-02 6.573791337661775147e-01 1.542231379005372816e+01
2.579033991719975205e+01 1.812241456857886443e-02 6.015874272365372422e-01 1.574916447776564965e+01
2.711263892066493852e+01 1.592868310335600335e-02 5.505307577009319608e-01 1.608294223060613604e+01
2.850273364377471097e+01 1.400050442765113541e-02 5.038072630058143542e-01 1.642379385637664058e+01
2.996410004740484823e+01 1.230573318314039967e-02 4.610491870016565352e-01 1.677186927423366214e+01
3.150039230875619012e+01 1.081611523050242905e-02 4.219199849693893722e-01 1.712732158061959709e+01
3.311545195870102276e+01 9.506816614534414206e-03 3.861116747092976920e-01 1.749030711660858017e+01
3.481331748761120082e+01 8.356009548374074627e-03 3.533424124425837975e-01 1.786098553666784028e+01
3.659823444368765877e+01 7.344508514634721583e-03 3.233542744459743101e-01 1.823951987887770088e+01
3.847466604904231957e+01 6.455450416764415243e-03 2.959112269588344279e-01 1.862607663664347868e+01
4.044730436007814234e+01 5.674013448315329625e-03 2.707972683840703110e-01 1.902082583192771281e+01
4.252108200007410943e+01 4.987169993290950856e-03 2.478147291602346425e-01 1.942394109003011238e+01
4.470118449331276622e+01 4.383469438086175923e-03 2.267827159233312684e-01 1.983559971595096627e+01
4.699306323159186860e+01 3.852847274202505275e-03 2.075356877125247856e-01 2.025598277238312406e+01
4.940244910554343960e+01 3.386457309215689347e-03 1.899221530130758562e-01 2.068527515934671612e+01
5.193536683484541783e+01 2.976524188728146315e-03 1.738034773811255873e-01 2.112366569551033280e+01
5.459815003315897997e+01 2.616213770649063707e-03 1.590527922653354742e-01 2.157134720125464966e+01
5.739745704546173499e+01 2.299519190757073634e-03 1.455539964365855088e-01 2.202851658346040864e+01
6.034028759737834946e+01 2.021160720115093134e-03 1.332008421664087061e-01 2.249537492213597289e+01
6.343400029814058882e+01 1.776497744813967158e-03 1.218960989612608153e-01 2.297212755884981661e+01
6.668633104094334385e+01 1.561451400633317912e-03 1.115507882706148618e-01 2.345898418704374677e+01
7.010541234670704114e+01 1.372436572834122032e-03 1.020834831453538427e-01 2.395615894427782067e+01
7.369979369961600923e+01 1.206302127423686645e-03 9.341966733401284306e-02 2.446387050639904714e+01
7.747846292528217305e+01 1.060278377471300312e-03 8.549114877252876610e-02 2.498234218373237425e+01
8.145086866499057976e+01 9.319309086640201970e-04 7.823552285104369564e-02 2.551180201930481317e+01
8.562694400222423496e+01 8.191199943117846976e-04 7.159568123317207322e-02 2.605248288913068322e+01
9.001713130054676526e+01 7.199649231971873373e-04 6.551936236179636830e-02 2.660462260466306361e+01
9.463240831495036787e+01 6.328126455634533465e-04 5.995874011332887055e-02 2.716846401737362626e+01
9.948431564196151555e+01 5.562102145291826288e-04 5.487004736288223633e-02 2.774425512557018436e+01
1.045849855771433994e+02 4.888805634899053660e-04 5.021323149743191216e-02 2.833224918348317800e+01
1.099471724521542768e+02 4.297012156825378540e-04 4.595163916553229866e-02 2.893270481265367522e+01
1.155842845272200918e+02 3.776855709724744330e-04 4.205172778229090275e-02 2.954588611567281475e+01
1.215104175187690743e+02 3.319664578891738421e-04 3.848280151891317336e-02 3.017206279236361155e+01
1.277403898460648861e+02 2.917816766992929181e-04 3.521676969876327140e-02 3.081151025839017876e+01
1.342897796849734675e+02 2.564612925016890310e-04 3.222792569834876525e-02 3.146450976640942798e+01
1.411749639215168770e+02 2.254164665021579866e-04 2.949274461293660901e-02 3.213134852975204581e+01
1.484131591026187778e+02 1.981296392709612129e-04 2.698969809429953987e-02 3.281231984878077412e+01
1.560224644864394463e+02 1.741459023236731980e-04 2.469908490313346347e-02 3.350772323986111445e+01
1.640219072999485945e+02 1.530654141789378089e-04 2.260287584250938661e-02 3.421786456714377778e+01
1.724314903169036768e+02 1.345367344574310039e-04 2.068457185177253674e-02 3.494305617704643652e+01
1.812722418752032070e+02 1.182509648933865727e-04 1.892907414402678415e-02 3.568361703565740584e+01
1.905662684586848457e+02 1.039365995808717164e-04 1.732256536503554850e-02 3.643987286905286993e+01
2.003368099748494728e+02 9.135499860127275118e-05 1.585240083813707970e-02 3.721215630651592221e+01
2.106082978667353416e+02 8.029640957171144426e-05 1.450700903921368391e-02 3.800080702686187806e+01
2.214064162042512862e+02 7.057647078787938043e-05 1.327580051833859853e-02 3.880617190786826143e+01
2.327581659077297047e+02 6.203313766380539772e-05 1.214908455121858737e-02 3.962860517878444000e+01
2.446919322642916654e+02 5.452398122857000760e-05 1.111799286444370254e-02 4.046846857619927107e+01
2.572375559058498879e+02 4.792381364175911260e-05 1.017440983414916525e-02 4.132613150310357497e+01
2.704264074262317763e+02 4.212260114208887389e-05 9.310908608719007176e-03 4.220197119136980035e+01
2.842914658240042627e+02 3.702362963513056751e-05 8.520692652751531496e-03 4.309637286769640241e+01
2.988674009671481713e+02 3.254189233793120656e-05 7.797542252178399878e-03 4.400972992303124443e+01
3.141906602857868620e+02 2.860267260043449010e-05 7.135765559490008653e-03 4.494244408558406434e+01
3.302995599097462787e+02 2.514029827743136263e-05 6.530153793751930849e-03 4.589492559755155554e+01
3.472343804788374655e+02 2.209704688465423869e-05 5.975940242787406396e-03 4.686759339553644566e+01
3.650374678654371792e+02 1.942218328654422447e-05 5.468762744843352203e-03 4.786087529482278313e+01
3.837533390612260860e+02 1.707111387259825031e-05 5.004629354431923936e-03 4.887520817752238855e+01
4.034287934928555046e+02 1.500464312130903438e-05 4.579886922112316218e-03 4.991103818477008502e+01
4.241130300448911044e+02 1.318832015755166045e-05 4.191192340899406628e-03 5.096882091291517725e+01
4.458577700826506316e+02 1.159186440969274663e-05 3.835486232989807932e-03 5.204902161391869697e+01
4.687173867825576963e+02 1.018866079132605192e-05 3.509968869693404995e-03 5.315211540001922685e+01
4.927490410934046849e+02 8.955315991613790281e-06 3.212078135036194187e-03 5.427858745268781604e+01
5.180128246684984106e+02 7.871268477001528287e-06 2.939469359589238270e-03 5.542893323596683786e+01
5.445719101260938260e+02 6.918445702537437841e-06 2.689996865803856180e-03 5.660365871451004693e+01
5.724927090138447738e+02 6.080962817978106213e-06 2.461697079586691941e-03 5.780328057604479852e+01
6.018450378722650385e+02 5.344857845752470754e-06 2.252773075196022601e-03 5.902832645860965499e+01
6.327022928124463306e+02 4.697858915835890748e-06 2.061580431813527566e-03 6.027933518272656954e+01
6.651416330445650829e+02 4.129179676993671890e-06 1.886614290463709291e-03 6.155685698831000963e+01
6.992441738160994191e+02 3.629339473653357236e-06 1.726497509413607665e-03 6.286145377670131040e+01
7.350951892421985576e+02 3.190005290495281210e-06 1.579969824822224271e-03 6.419369935781277547e+01
7.727843255353874383e+02 2.803852829767285903e-06 1.445877931325115912e-03 6.555417970255506077e+01
8.124058251677936369e+02 2.464444405286607681e-06 1.323166404477668342e-03 6.694349320051811958e+01
8.540587625264155349e+02 2.166121617463955374e-06 1.210869393610233867e-03 6.836225092313412688e+01
8.978472916506958654e+02 1.903911020098471022e-06 1.108103019711187149e-03 6.981107689256216986e+01
9.438809066718714575e+02 1.673441206268528836e-06 1.014058418498962454e-03 7.129060835606689750e+01
9.922747156053346771e+02 1.470869931038777012e-06 9.279953739286804807e-04 7.280149606626835634e+01
1.043149728180628472e+03 1.292820056020146305e-06 8.492364920236699201e-04 7.434440456752018633e+01
1.096633158428801380e+03 1.136323247880756478e-06 7.771618691712750548e-04 7.592001248804915292e+01
1.152858742783748994e+03 9.987704921975642681e-07 7.112042129213184917e-04 7.752901283848619585e+01
1.211967074492957408e+03 8.778685976415429707e-07 6.508443768817468713e-04 7.917211331671369123e+01
1.274105955173854682e+03 7.716019653620069345e-07 5.956072745669698052e-04 8.085003661911297002e+01
1.339430764394840480e+03 6.781989862149588029e-07 5.450581400375660275e-04 8.256352075840320026e+01
1.408104848205140797e+03 5.961025056321692546e-07 4.987991058994469462e-04 8.431331938830329875e+01
1.480299927585014302e+03 5.239438637384876362e-07 4.564660717276036099e-04 8.610020213498867747e+01
1.556196527837648091e+03 4.605200779319943340e-07 4.177258382664814323e-04 8.792495493557210295e+01
1.635984429996447261e+03 4.047737875299241574e-07 3.822734848507306133e-04 8.978838038384591869e+01
1.719863145376471039e+03 3.557756261291926834e-07 3.498299694037566095e-04 9.169129808325371300e+01
1.808042414456641382e+03 3.127087278058393926e-07 3.201399321243204843e-04 9.363454500740317599e+01
1.900742731340188357e+03 2.748551088500541581e-07 2.929696855739371045e-04 9.561897586815467776e+01
1.998195895104759757e+03 2.415836980024189053e-07 2.681053753455401125e-04 9.764546349160794136e+01
2.100645589420852957e+03 2.123398156385613817e-07 2.453512968359334266e-04 9.971489920201666735e+01
2.208347991887921125e+03 1.866359265059415416e-07 2.245283548734796849e-04 1.018281932137251147e+02
2.321572414611807289e+03 1.640435118490962229e-07 2.054726540773417953e-04 1.039862750316496545e+02
2.440601977625289692e+03 1.441859254194645963e-07 1.880342088524734922e-04 1.061900938599577984e+02
2.565734316835632853e+03 1.267321142709490211e-07 1.720757628675345457e-04 1.084406190197173601e+02
2.697282328269386653e+03 1.113910996573365800e-07 1.574717087233591173e-04 1.107388403751445622e+02
2.835574950475434889e+03 9.790712602127039851e-08 1.441070993091621657e-04 1.130857687689811542e+02
2.980957987042702825e+03 8.605539720170797530e-08 1.318767430649119379e-04 1.154824364672035557e+02
3.133794971289250043e+03 7.563832877636025442e-08 1.206843760285517735e-04 1.179298976129234973e+02
3.294468075284922634e+03 6.648225406092990645e-08 1.104419041515801659e-04 1.204292286900094524e+02
3.463379065480592999e+03 5.843452884968292480e-08 1.010687099193677193e-04 1.229815289968316563e+02
3.640950307333554974e+03 5.136098662891647877e-08 9.249101781823983669e-05 1.255879211293977136e+02
3.827625821441170956e+03 4.514370183905505934e-08 8.464131365561884375e-05 1.282495514754107262e+02
4.023872393823642142e+03 3.967902389527147843e-08 7.745781316222071888e-05 1.309675907183546428e+02
4.230180743132199495e+03 3.487584919143273058e-08 7.088397569401251434e-05 1.337432343524652936e+02
4.447066747701334862e+03 3.065410227916292556e-08 6.486805920618067837e-05 1.365777032083970255e+02
4.675072735513344924e+03 2.694340090140161010e-08 5.936271299653517674e-05 1.394722439904967359e+02
4.914768840300775992e+03 2.368188262447593902e-08 5.432460501259522265e-05 1.424281298248774021e+02
5.166754427177720572e+03 2.081517350729658880e-08 4.971408078917150073e-05 1.454466608194076400e+02
5.431659591364801599e+03 1.829548161390954231e-08 4.549485133190113564e-05 1.485291646357127604e+02
5.710146733755425885e+03 1.608080025696475179e-08 4.163370749002397598e-05 1.516769970729977501e+02
6.002912217263044113e+03 1.413420768917370570e-08 3.810025857035022139e-05 1.548915426644485080e+02
6.310688108091153481e+03 1.242325156760044443e-08 3.486669313500477009e-05 1.581742152860230988e+02
6.634244006280128815e+03 1.091940792904427936e-08 3.190756010030805718e-05 1.615264587786779487e+02
6.974388970108182548e+03 9.597605656787948505e-09 2.919956841369514004e-05 1.649497475831085751e+02
7.331973539158482708e+03 8.435808511025135097e-09 2.672140373208085868e-05 1.684455873882914148e+02
7.707891861111141225e+03 7.414647754813082679e-09 2.445356065872432262e-05 1.720155157939271930e+02
8.103083927578147268e+03 6.517099250903513598e-09 2.237818921810856671e-05 1.756611029866276681e+02
8.518537924572025076e+03 5.728199646239097636e-09 2.047895436048458032e-05 1.793839524303768940e+02
8.955292703485578386e+03 5.034796912542349241e-09 1.874090739028549872e-05 1.831857015721946311e+02
9.414440378761499232e+03 4.425331084119809346e-09 1.715036830635071924e-05 1.870680225619479984e+02
9.897129058747319505e+03 3.889641537535747536e-09 1.569481812796214839e-05 1.910326229880660946e+02
1.040456571656430970e+04 3.418797600209219498e-09 1.436280035913673068e-05 1.950812466283890672e+02
1.093801920816896018e+04 3.004949663974416091e-09 1.314383081565704083e-05 1.992156742174473152e+02
1.149882344515380282e+04 2.641198321440637918e-09 1.202831510504819506e-05 2.034377242293444397e+02
1.208838073022117533e+04 2.321479343501791872e-09 1.100747311004412040e-05 2.077492536778549947e+02
1.270816526367042752e+04 2.040462580396440080e-09 1.007326988112346107e-05 2.121521589331673567e+02
1.335972682966652428e+04 1.793463100868571576e-09 9.218352394190302480e-06 2.166483765559345045e+02
1.404469467150771925e+04 1.576363087997874712e-09 8.435991675625219342e-06 2.212398841489928714e+02
1.476478156558243427e+04 1.385543189596807455e-09 7.720029839178303951e-06 2.259287012271300057e+02
1.552178810420236550e+04 1.217822178694100014e-09 7.064831617842143366e-06 2.307168901056475363e+02
1.631760719802116000e+04 1.070403918155845527e-09 6.465240009197056420e-06 2.356065568069809615e+02
1.715422880929701932e+04 9.408307452835859034e-10 5.916535685148309305e-06 2.405998519875817578e+02
1.803374492783486858e+04 8.269424992351276056e-10 5.414399846538849182e-06 2.456989718833284826e+02
1.895835480205053682e+04 7.268405082097042989e-10 4.954880230299002051e-06 2.509061592757764458e+02
1.993037043823734348e+04 6.388559360093655823e-10 4.534360001562790935e-06 2.562237044786818956e+02
2.095222238178608313e+04 5.615219602709091830e-10 4.149529285903066792e-06 2.616539463449004757e+02
2.202646579481454319e+04 4.935493185458819204e-10 3.797359117633089879e-06 2.671992732957340309e+02
2.315578684540369068e+04 4.338048145431275567e-10 3.475077599105608212e-06 2.728621243712891555e+02
2.434300942441707230e+04 3.812924262061550968e-10 3.180148083368883576e-06 2.786449903027649952e+02
2.559110220669883711e+04 3.351367006732992988e-10 2.910249208465930685e-06 2.845504146085791035e+02
2.690318607430719567e+04 2.945681592884781795e-10 2.663256626214831673e-06 2.905809947127949613e+02
2.828254192034512744e+04 2.589104693466797895e-10 2.437226281668465355e-06 2.967393830876903280e+02
2.973261885290210193e+04 2.275691687086053383e-10 2.230379111643168206e-06 3.030282884201513980e+02
3.125704281962085952e+04 2.000217553094395136e-10 2.041087041884399522e-06 3.094504768033754658e+02
3.285962567445517197e+04 1.758089763394850710e-10 1.867860172650266651e-06 3.160087729535944732e+02
3.454437470929026313e+04 1.545271718754487052e-10 1.709335051851398210e-06 3.227060614518490524e+02
3.631550267425979837e+04 1.358215453215255267e-10 1.564263943452526044e-06 3.295452880134341740e+02
3.817743831181556016e+04 1.193802484678632742e-10 1.431505006660550095e-06 3.365294607831897338e+02
4.013483743089039490e+04 1.049291825572632674e-10 1.310013308605451684e-06 3.436616516587333763e+02
4.219259454884566367e+04 9.222742868636567869e-11 1.198832599773055048e-06 3.509449976412121259e+02
4.435585513031406299e+04 8.106323136045227531e-11 1.097087787458351026e-06 3.583827022159309195e+02
4.663002845354139572e+04 7.125046824132234226e-11 1.003978047992664729e-06 3.659780367602544970e+02
4.902080113639969204e+04 6.262554723527051225e-11 9.187705235388258271e-07 3.737343419833635494e+02
5.153415135589398415e+04 5.504467919050843651e-11 8.407945538366746862e-07 3.816550293952142283e+02
5.417636379671867326e+04 4.838148073665938171e-11 7.694363975005548542e-07 3.897435828071286892e+02
5.695404536624281900e+04 4.252486730225832019e-11 7.041344013196769272e-07 3.980035598641124466e+02
5.987414171521994285e+04 3.737720118401530112e-11 6.443745795395159742e-07 4.064385936096286969e+02
6.294395460553275188e+04 3.285266379364241387e-11 5.896865683291885812e-07 4.150523940835423105e+02
6.617116016840114025e+04 2.887582494538608032e-11 5.396399235928120674e-07 4.238487499539407963e+02
6.956382809870861820e+04 2.538038533234370543e-11 4.938407329852717835e-07 4.328315301835327205e+02
7.313044183344273188e+04 2.230807122693744661e-11 4.519285154658985718e-07 4.420046857313575970e+02
7.687991976470644295e+04 1.960766297870359757e-11 4.135733839867869844e-07 4.513722512906558109e+02
8.082163754034375597e+04 1.723414111310545637e-11 3.784734489832164040e-07 4.609383470629714452e+02
8.496545150794286747e+04 1.514793579577348650e-11 3.463524422303254558e-07 4.707071805715127084e+02
8.932172336083906703e+04 1.331426714954387769e-11 3.169575423617549385e-07 4.806830485103131423e+02
9.390134604774527543e+04 1.170256542669562581e-11 2.900573849373814299e-07 4.908703386352216853e+02
9.871577101079767453e+04 1.028596136970133132e-11 2.654402413957638103e-07 5.012735316932771070e+02
1.037770368201258680e+05 9.040838264201186477e-12 2.429123525589675815e-07 5.118972033936215666e+02
1.090977992765488161e+05 7.946438216286794871e-12 2.222964035726417329e-07 5.227460264200640268e+02
1.146913630576689611e+05 6.984516090207587088e-12 2.034301282778143165e-07 5.338247724864077099e+02
1.205717149864963576e+05 6.139035337161818229e-12 1.861650320294089939e-07 5.451383144347541929e+02
1.267535590057915979e+05 5.395900644249413756e-12 1.703652229092682846e-07 5.566916283794821538e+02
1.332523529455816897e+05 4.742722946447779788e-12 1.559063421337881821e-07 5.684897958954454680e+02
1.400843471757866791e+05 4.168612884066773536e-12 1.426745852378740646e-07 5.805380062531520480e+02
1.472666252406089625e+05 3.663999262327316875e-12 1.305658063309011140e-07 5.928415587011991192e+02
1.548171465762921434e+05 3.220469486540148196e-12 1.194846983743885666e-07 6.054058647970911125e+02
1.627547914190663723e+05 2.830629312722828677e-12 1.093440430294450226e-07 6.182364507875690833e+02
1.710994080155731353e+05 2.487979575503416369e-12 1.000640241695295511e-07 6.313389600386947222e+02
1.798718622538203781e+05 2.186807838207489045e-12 9.157159965544594865e-08 6.447191555188582015e+02
1.890940898387710622e+05 1.922093158774471165e-12 8.379992642761103639e-08 6.583829223329972820e+02
1.987891511430313694e+05 1.689422383832279800e-12 7.668783439075134488e-08 6.723362703112052259e+02
2.089812888697938761e+05 1.484916575434206551e-12 7.017934494993675632e-08 6.865853366519276051e+02
2.196959886722229712e+05 1.305166343894997624e-12 6.422323040847104358e-08 7.011363886222590054e+02
2.309600428808625729e+05 1.147175008627647781e-12 5.877261075948344416e-08 7.159958263121869777e+02
2.428016174984180834e+05 1.008308639412803057e-12 5.378458469803988618e-08 7.311701854527285604e+02
2.552503226294341730e+05 8.862521451986199504e-13 4.921989194896965835e-08 7.466661402881950380e+02
2.683372865209793090e+05 7.789706783892698164e-13 4.504260425304607157e-08 7.624905065127393300e+02
2.820952333994774381e+05 6.846757111704920648e-13 4.121984257909355990e-08 7.786502442680080094e+02
2.965585652983192704e+05 6.017952183208599574e-13 3.772151833628385624e-08 7.951524612044506739e+02
3.117634480808650260e+05 5.289474694155666014e-13 3.452009654972465233e-08 8.120044156077059370e+02
3.277479018739408348e+05 4.649179935023920413e-13 3.159037913529465892e-08 8.292135195903319982e+02
3.445518961379595567e+05 4.086393322216134775e-13 2.890930656796266237e-08 8.467873423530410264e+02
3.622174496113909991e+05 3.591732438242725066e-13 2.645577638245884464e-08 8.647336135131819219e+02
3.807887353794944938e+05 3.156950614075690960e-13 2.421047707779703103e-08 8.830602265046712773e+02
4.003121913300411543e+05 2.774799445970629496e-13 2.215573611829838684e-08 9.017752420496304921e+02
4.208366362722213962e+05 2.438907954731093929e-13 2.027538083476913103e-08 9.208868917048182539e+02
4.424133920090965694e+05 2.143676372823359579e-13 1.855461113094788380e-08 9.404035814803306721e+02
4.650964116688389913e+05 1.884182788647609499e-13 1.697988299338280617e-08 9.603338955380688731e+02
4.889424146156553179e+05 1.656101091584133545e-13 1.553880188780014717e-08 9.806865999676177807e+02
5.140110282777408138e+05 1.455628849849938129e-13 1.422002520290617405e-08 1.001470646641280496e+03
5.403649372469085502e+05 1.279423918794832397e-13 1.301317297378136833e-08 1.022695177151396479e+03
5.680700400227193022e+05 1.124548722810637157e-13 1.190874618217859831e-08 1.044369526832306519e+03
5.971956137930564582e+05 9.884212819516153129e-14 1.089805199064587874e-08 1.066503228864073662e+03
6.278144876631795196e+05 8.687721668235692140e-14 9.973135322050601409e-09 1.089106018467858348e+03
6.600032247664229944e+05 7.636066641111040125e-14 9.126716245923312459e-09 1.112187837186913157e+03
6.938423137119094608e+05 6.711715219958681085e-14 8.352132678818871007e-09 1.135758837258180165e+03
7.294163698479967425e+05 5.899257210684979645e-14 7.643287947707287933e-09 1.159829386080436961e+03
7.668143468447235646e+05 5.185147834388769913e-14 6.994602803629757742e-09 1.184410070770437869e+03
8.061297591243179049e+05 4.557481917517034922e-14 6.400971507979360283e-09 1.209511702823670475e+03
8.474609156959623797e+05 4.005795416425931017e-14 5.857721645708337196e-09 1.235145322865375647e+03
8.909111659795242595e+05 3.520890967572120868e-14 5.360577349208008575e-09 1.261322205510408821e+03
9.365891582329371013e+05 3.094684554959822207e-14 4.905625643360557890e-09 1.288053864321264655e+03
9.846091112294379855e+05 2.720070738599953870e-14 4.489285646878269764e-09 1.315352056867439387e+03
1.035091099863994634e+06 2.390804197197811596e-14 4.108280387551027245e-09 1.343228789907985401e+03
1.088161355403086869e+06 2.101395610126781100e-14 3.759611009483783213e-09 1.371696324656450997e+03
1.143952581128624268e+06 1.847020143030468883e-14 3.440533169418625377e-09 1.400767182192008022e+03
1.202604284165272489e+06 1.623437011248827037e-14 3.148535436246374240e-09 1.430454148949403361e+03
1.264263124320930336e+06 1.426918780198405760e-14 2.881319523793105009e-09 1.460770282357988208e+03
1.329083280812643003e+06 1.254189223958032082e-14 2.636782201215691988e-09 1.491728916573407105e+03
1.397226837794951163e+06 1.102368706138280256e-14 2.412998738679816033e-09 1.523343668347514040e+03
1.468864189654704416e+06 9.689261724307489458e-15 2.208207757996547998e-09 1.555628443019026690e+03
1.544174467085782439e+06 8.516369544901644093e-15 2.020797368979503515e-09 1.588597440624687579e+03
1.623345985009134281e+06 7.485456816942878953e-15 1.849292482415867022e-09 1.622265162150658171e+03
1.706576713458170416e+06 6.579336824555168352e-15 1.692343199776676493e-09 1.656646415904860532e+03
1.794074772606963990e+06 5.782903316330454494e-15 1.548714188298041740e-09 1.691756324035234002e+03
1.886058953179090517e+06 5.082878663582816625e-15 1.417274957794177702e-09 1.727610329179726705e+03
1.982759263538399944e+06 4.467592504220566011e-15 1.296990962675006170e-09 1.764224201252183548e+03
2.084417504829733167e+06 3.926787181995420277e-15 1.186915459142742183e-09 1.801614044392734513e+03
2.191287875607731752e+06 3.451446737387631794e-15 1.086182053455362443e-09 1.839796304033497790e+03
2.303637607465630397e+06 3.033646599348022753e-15 9.939978826298383092e-10 1.878787774146302127e+03
2.421747633253435604e+06 2.666421471915803711e-15 9.096373738913509850e-10 1.918605604623775662e+03
2.545913289556382690e+06 2.343649213264309458e-15 8.324365337582165538e-10 1.959267308816379682e+03
2.676445055190230254e+06 2.059948771300380109e-15 7.617877218165341096e-10 2.000790771251077103e+03
2.813669327560023405e+06 1.810590474188694440e-15 6.971348680361797876e-10 2.043194255477275192e+03
2.957929238823618274e+06 1.591417180320383676e-15 6.379690960012596571e-10 2.086496412121395679e+03
3.109585513900805730e+06 1.398774973092830292e-15 5.838247175885975893e-10 2.130716287068152269e+03
