# [1] k:    [h/Mpc] 
# [2] P:    [Mpc^3/h^3] 
# [3] T:    [Mpc^3/h^3] 
# [4] Delta_k 
3.059023205018257859e-07 9.353218093771891173e-01 3.949809060980226059e+04 1.356374556329612273e-21
3.215862678579245412e-07 9.806776550584614949e-01 3.947840899972231273e+04 1.652300466629395950e-21
3.380743483904743061e-07 1.028232907101558347e+00 3.945873719685390097e+04 2.012789770557684395e-21
3.554077908890640533e-07 1.078094219637843132e+00 3.943907519630118622e+04 2.451928533752749373e-21
3.736299379885273404e-07 1.130373418696403398e+00 3.941942299317973811e+04 2.986876037712204209e-21
3.927863545481053003e-07 1.185187752999957489e+00 3.939978058259861427e+04 3.638535276148873849e-21
4.129249415873286729e-07 1.242660156925535997e+00 3.938014795969618717e+04 4.432369736350340439e-21
4.340960560635169786e-07 1.302919526211343992e+00 3.936052511958635296e+04 5.399398381127774477e-21
4.563526367904018199e-07 1.366101007038038162e+00 3.934091205738548888e+04 6.577407710151290701e-21
4.797503368127355169e-07 1.432346299128587130e+00 3.932130876823921426e+04 8.012428261783696390e-21
5.043476625678916271e-07 1.501803973540472903e+00 3.930171524726874486e+04 9.760533249466599238e-21
5.302061201824328858e-07 1.574629805873817068e+00 3.928213148959774117e+04 1.189002961415488622e-20
5.573903692694645323e-07 1.650987125638014419e+00 3.926255749037909118e+04 1.448412710783719743e-20
5.859683846113473662e-07 1.731047182553396402e+00 3.924299324474127934e+04 1.764418970212091526e-20
6.160116261320592563e-07 1.814989530622815872e+00 3.922343874782418425e+04 2.149369637028243341e-20
6.475952175842278093e-07 1.903002430823302893e+00 3.920389399476116523e+04 2.618306600966474219e-20
6.807981343976415384e-07 1.995283273330151097e+00 3.918435898071476549e+04 3.189553503764203241e-20
7.157034011589609116e-07 2.092039020206971855e+00 3.916483370082319016e+04 3.885431732715818824e-20
7.523982992164306405e-07 2.193486669571436121e+00 3.914531815023598028e+04 4.733132625547230875e-20
7.909745849287134463e-07 2.299853742265087320e+00 3.912581232410509256e+04 5.765779967870167964e-20
8.315287191035797356e-07 2.411378792123763048e+00 3.910631621758489928e+04 7.023724300150856896e-20
8.741621082001717898e-07 2.528311940992130857e+00 3.908682982583219564e+04 8.556119609044454039e-20
9.189813578979717484e-07 2.650915439681108765e+00 3.906735314399730123e+04 1.042284401206769610e-19
9.660985396665287929e-07 2.779464256133398425e+00 3.904788616725958855e+04 1.269683948610387637e-19
1.015631471002508262e-06 2.914246692098376723e+00 3.902842889077420841e+04 1.546696206421570106e-19
1.067704010034801725e-06 3.055565029721646120e+00 3.900898130969872727e+04 1.884145387185556936e-19
1.122446365234364056e-06 3.203736209490021913e+00 3.898954341921972082e+04 2.295217267175853737e-19
1.179995421003214005e-06 3.359092541038956270e+00 3.897011521449957218e+04 2.795974418625593466e-19
1.240495079956737545e-06 3.521982448440895475e+00 3.895069669070308737e+04 3.405983852336631604e-19
1.304096622755184042e-06 3.692771251635354357e+00 3.893128784302403801e+04 4.149081595705615572e-19
1.370959086384113674e-06 3.871841985737634495e+00 3.891188866663203225e+04 5.054304081921259159e-19
1.441249661829700436e-06 4.059596260093804254e+00 3.889249915670794144e+04 6.157022744254181494e-19
1.515144112143284134e-06 4.256455158984965514e+00 3.887311930843502341e+04 7.500326149520763466e-19
1.592827211940548929e-06 4.462860186008460239e+00 3.885374911699013319e+04 9.136703677383233399e-19
1.674493209434307728e-06 4.679274254264250921e+00 3.883438857757898950e+04 1.113009653502604047e-18
1.760346312156213177e-06 4.906182724537335282e+00 3.881503768538324221e+04 1.355839625024119626e-18
1.850601197581954108e-06 5.144094493844416860e+00 3.879569643559573888e+04 1.651648827124275061e-18
1.945483549936765273e-06 5.393543136753782719e+00 3.877636482340292423e+04 2.011995960135185509e-18
2.045230624523543909e-06 5.655088102064888211e+00 3.875704284402009944e+04 2.450961534390080525e-18
2.150091840984688092e-06 5.929315967492904349e+00 3.873773049263847497e+04 2.985698064053886609e-18
2.260329406981118614e-06 6.216841755220265497e+00 3.871842776446048811e+04 3.637100299052005834e-18
2.376218973848010330e-06 6.518310311228580289e+00 3.869913465468658251e+04 4.430621684297154088e-18
2.498050325866710336e-06 6.834397751527313325e+00 3.867985115853275784e+04 5.397268949246516954e-18
2.626128104876382668e-06 7.165812978496752805e+00 3.866057727119983610e+04 6.574813691211067498e-18
2.760772572037287162e-06 7.513299270784934869e+00 3.864131298790859728e+04 8.009268294881265826e-18
2.902320408650496801e-06 7.877635950276591359e+00 3.862205830386463640e+04 9.756683859365703452e-18
3.051125558036519890e-06 8.259640129922134477e+00 3.860281321428909723e+04 1.188534038651734415e-17
3.207560110577962700e-06 8.660168546308087301e+00 3.858357771440991928e+04 1.447841481179550226e-17
3.372015234139298021e-06 9.080119481081659671e+00 3.856435179943106778e+04 1.763723113055481188e-17
3.544902152190277809e-06 9.520434775589480481e+00 3.854513546458961355e+04 2.148521961805193669e-17
3.726653172078803499e-06 9.982101943160298418e+00 3.852592870510308421e+04 2.617273984895031123e-17
3.917722766024474580e-06 1.046615638385849323e+01 3.850673151620452700e+04 3.188295597524508146e-17
4.118588707535861475e-06 1.097368370661286718e+01 3.848754389312936837e+04 3.883899383810329148e-17
4.329753266093139866e-06 1.150582216394880319e+01 3.846836583110228094e+04 4.731265957670623047e-17
4.551744463083409039e-06 1.206376520481176584e+01 3.844919732536780066e+04 5.763506041255156165e-17
4.785117392129195949e-06 1.264876415114402342e+01 3.843003837115535134e+04 7.020954261453435196e-17
5.030455607111644826e-06 1.326213100430072345e+01 3.841088896371860028e+04 8.552745219420040863e-17
5.288372581359179674e-06 1.390524138749528227e+01 3.839174909828298405e+04 1.041873341774714082e-16
5.559513241650373021e-06 1.457953763100433697e+01 3.837261877010251919e+04 1.269183206622402312e-16
5.844555580866815540e-06 1.528653200692182246e+01 3.835349797442923591e+04 1.546086215459598434e-16
6.144212353328471540e-06 1.602781012078603595e+01 3.833438670650441782e+04 1.883402311944400604e-16
6.459232857050738118e-06 1.680503446770708464e+01 3.831528496158919006e+04 2.294312072101268405e-16
6.790404807379771878e-06 1.761994816088506610e+01 3.829619273492958746e+04 2.794871733354765676e-16
7.138556306691162195e-06 1.847437884098771121e+01 3.827711002178708441e+04 3.404640589608761015e-16
7.504557915077204533e-06 1.937024277506994352e+01 3.825803681742987101e+04 4.147445267730874875e-16
7.889324827200587103e-06 2.030954915423390617e+01 3.823897311710238864e+04 5.052310749426877084e-16
8.293819160757753291e-06 2.129440459978158984e+01 3.821991891608189326e+04 6.154594518071887732e-16
8.719052362274285227e-06 2.232701788776860852e+01 3.820087420962625765e+04 7.497368147073965141e-16
9.166087736248057605e-06 2.340970490275431715e+01 3.818183899300875055e+04 9.133100315172174005e-16
9.636043103964330830e-06 2.454489383171858208e+01 3.816281326150500536e+04 1.112570701220950911e-15
1.013009359863121538e-05 2.573513060984033629e+01 3.814379701037996711e+04 1.355304904686861918e-15
1.064947460382478790e-05 2.698308463040993743e+01 3.812479023491832049e+04 1.650997444614424386e-15
1.119548484259151579e-05 2.829155473154276379e+01 3.810579293038973265e+04 2.011202462779062279e-15
1.176948962493235138e-05 2.966347547330382284e+01 3.808680509208790318e+04 2.449994916397380419e-15
1.237292426178888029e-05 3.110192371908970088e+01 3.806782671527856292e+04 2.984520554969918493e-15
1.300729765406831334e-05 3.261012553633047872e+01 3.804885779526009719e+04 3.635665887885987787e-15
1.367419606568169201e-05 3.419146343164242552e+01 3.802989832731161732e+04 4.428874321647294345e-15
1.437528709002991615e-05 3.584948393697264635e+01 3.801094830672754324e+04 5.395140357177368389e-15
1.511232381985586521e-05 3.758790556353268641e+01 3.799200772880464501e+04 6.572220695308411485e-15
1.588714923088939049e-05 3.941062714143048140e+01 3.797307658882907708e+04 8.006109574214852581e-15
1.670170079024660794e-05 4.132173656378833471e+01 3.795415488210228796e+04 9.752835987399360738e-15
1.755801530110687162e-05 4.332551995481698270e+01 3.793524260393239092e+04 1.188065300823507493e-14
1.845823399578163895e-05 4.542647128241360122e+01 3.791633974960396154e+04 1.447270476858067614e-14
1.940460788991057802e-05 4.762930243709618594e+01 3.789744631443408434e+04 1.763027530333219329e-14
2.039950341117315543e-05 4.993895379943604951e+01 3.787856229372066446e+04 2.147674620890502088e-14
2.144540831659045798e-05 5.236060532013629398e+01 3.785968768277684285e+04 2.616241776068784810e-14
2.254493791321357228e-05 5.489968813729272767e+01 3.784082247691810335e+04 3.187038187381938353e-14
2.370084159775344190e-05 5.756189675699243224e+01 3.782196667144936509e+04 3.882367639236653347e-14
2.491600973150475266e-05 6.035320182470555750e+01 3.780312026169506862e+04 4.729400025977513254e-14
2.619348086775470484e-05 6.327986351579586710e+01 3.778428324296481151e+04 5.761233011438565515e-14
2.753644934974891994e-05 6.634844557558292877e+01 3.776545561058770545e+04 7.018185315215864502e-14
2.894827329821342076e-05 6.956583004001322479e+01 3.774663735987801192e+04 8.549372160596151265e-14
3.043248300840562692e-05 7.293923267040440805e+01 3.772782848616949195e+04 1.041462444457338615e-13
3.199278977769132648e-05 7.647621913642585412e+01 3.770902898478537099e+04 1.268682662118929771e-13
3.363309518572123809e-05 8.018472198398123396e+01 3.769023885105120280e+04 1.545476465067810224e-13
3.535750085041236633e-05 8.407305842590535860e+01 3.767145808030557964e+04 1.882659529759423474e-13
3.717031868412924126e-05 8.814994899525312633e+01 3.765268666788299015e+04 2.293407234020130973e-13
3.907608167571078754e-05 9.242453710321353810e+01 3.763392460911811213e+04 2.793769482965399948e-13
4.107955522530357004e-05 9.690640954541431995e+01 3.761517189934581256e+04 3.403297856641582095e-13
4.318574906034433776e-05 1.016056180026907754e+02 3.759642853391396056e+04 4.145809585094516012e-13
4.539992976248807967e-05 1.065327015843113401e+02 3.757769450816421886e+04 5.050318203068649436e-13
4.772763393680535859e-05 1.116987104645274229e+02 3.755896981744267396e+04 6.152167249539771788e-13
5.017468205617894183e-05 1.171152306652449511e+02 3.754025445709776977e+04 7.494411311214417058e-13
5.274719301551768723e-05 1.227944100404759240e+02 3.752154842248022760e+04 9.129498374066547778e-13
5.545159943218107865e-05 1.287489855208320932e+02 3.750285170894311159e+04 1.112131922054566276e-12
5.829466373087315435e-05 1.349923116791671305e+02 3.748416431184180692e+04 1.354770395234602515e-12
6.128349505322671351e-05 1.415383906814307124e+02 3.746548622653398343e+04 1.650346318999076105e-12
6.442556703436033705e-05 1.484019036899049127e+02 3.744681744837966107e+04 2.010409278364960734e-12
6.772873649085907528e-05 1.555982437892525923e+02 3.742815797274113720e+04 2.449028679621135125e-12
7.120126306690828879e-05 1.631435505092477740e+02 3.740950779498516931e+04 2.983343510275393968e-12
7.485182988770643921e-05 1.710547460214891373e+02 3.739086691047444037e+04 3.634232042426774889e-12
7.868956527180084881e-05 1.793495730915470574e+02 3.737223531457819627e+04 4.427127648126843642e-12
8.272406555663884206e-05 1.880466348714053879e+02 3.735361300267223123e+04 5.393012604589713557e-12
8.696541909440986997e-05 1.971654366214389142e+02 3.733499997013040411e+04 6.569628722038920618e-12
9.142423147818073699e-05 2.067264294556628101e+02 3.731639621232462378e+04 8.002952099296548667e-12
9.611165206140254191e-05 2.167510562083987224e+02 3.729780172463548661e+04 9.748989632972345164e-12
1.010394018371016720e-04 2.272617995249251237e+02 3.727921650244375633e+04 1.187596747857036809e-11
1.062198027464676133e-04 2.382822322842557696e+02 3.726064054113251041e+04 1.446699697731247097e-11
1.116658084901241013e-04 2.498370704670091413e+02 3.724207383608711098e+04 1.762332221936692643e-11
1.173910369191279803e-04 2.619522285869625193e+02 3.722351638269522664e+04 2.146827614153047800e-11
1.234098040866900780e-04 2.746548778106064219e+02 3.720496817634683975e+04 2.615209974328909688e-11
1.297371600457651012e-04 2.879735068950415666e+02 3.718642921243421006e+04 3.185781273140377088e-11
1.363889264820232711e-04 3.019379860808951435e+02 3.716789948635188921e+04 3.880836498758135581e-11
1.433817362763056455e-04 3.165796340835607339e+02 3.714937899349779764e+04 4.727534830176184657e-11
1.507330750954898936e-04 3.319312883328890393e+02 3.713086772926792764e+04 5.758960878067960577e-11
1.584613251157653230e-04 3.480273786192533407e+02 3.711236568906792672e+04 7.015417461003680031e-11
1.665858109876483387e-04 3.649040043104031383e+02 3.709387286829837103e+04 8.546000432054285020e-11
1.751268481576742783e-04 3.825990153132190699e+02 3.707538926236634870e+04 1.041051709191137049e-10
1.841057936675958640e-04 4.011520969611667056e+02 3.705691486668015568e+04 1.268182315021562771e-10
1.935450995581117185e-04 4.206048590183055467e+02 3.703844967665251170e+04 1.544866955151740951e-10
2.034683690106629794e-04 4.410009289989925492e+02 3.701999368768999557e+04 1.881917040515336880e-10
2.139004153676812446e-04 4.623860500136148062e+02 3.700154689521512773e+04 2.292502752791900977e-10
2.248673241788693637e-04 4.848081833579768158e+02 3.698310929464118090e+04 2.792667667284100416e-10
2.363965184286629729e-04 5.083176160784717013e+02 3.696468088138893654e+04 3.401955653224885281e-10
2.485168271079757005e-04 5.329670737527900428e+02 3.694626165088094422e+04 4.144174547544428918e-10
2.612585573016925852e-04 5.588118387397080369e+02 3.692785159853994264e+04 5.048326442537199245e-10
2.746535699721688829e-04 5.859098741632701604e+02 3.690945071979408385e+04 6.149740938282204313e-10
2.887353596282311993e-04 6.143219539089445789e+02 3.689105901007223292e+04 7.491455641481399738e-10
3.035391380788964293e-04 6.441117989237537813e+02 3.687267646480449184e+04 9.125897853505113976e-10
3.191019224812350285e-04 6.753462201259482072e+02 3.685430307942480431e+04 1.111693315935330441e-09
3.354626279025451924e-04 7.080952682445664550e+02 3.683593884936885297e+04 1.354236096583762751e-09
3.526621646282911485e-04 7.424323909251354507e+02 3.681758377007513627e+04 1.649695450176809440e-09
3.707435404591257876e-04 7.784345974536530548e+02 3.679923783698285115e+04 2.009616406769325626e-09
3.897519682527942697e-04 8.161826314686425121e+02 3.678090104553503625e+04 2.448062823913122718e-09
4.097349789798286580e-04 8.557611520481556227e+02 3.676257339117660740e+04 2.982166929787324032e-09
4.307425405757319271e-04 8.972589235782116930e+02 3.674425486935448862e+04 3.632798762452332813e-09
4.528271828868440083e-04 9.407690148283762710e+02 3.672594547551812866e+04 4.425381663465938699e-09
4.760441290223192071e-04 9.863890076808925187e+02 3.670764520511873707e+04 5.390885691152341397e-09
5.004514334406633081e-04 1.034221215981696787e+03 3.668935405361055018e+04 6.567037770999940067e-09
5.261101271161193775e-04 1.084365245744776075e+03 3.667094233760749194e+04 7.999739290842740155e-09
5.530843701478924991e-04 1.136926626899234179e+03 3.665231624439396546e+04 9.744888042346174348e-09
5.814416121938181326e-04 1.192006014970629394e+03 3.663324247356006526e+04 1.187044596184720214e-08
6.112527611296385451e-04 1.249728241746491221e+03 3.661380465476948302e+04 1.445933583874536337e-08
6.425923603556274889e-04 1.310177435841742863e+03 3.659342475409579492e+04 1.761193397317561596e-08
6.755387751939181127e-04 1.373524463161814992e+03 3.657270889737054677e+04 2.145149201760114544e-08
7.101743888426273075e-04 1.439807474924819871e+03 3.655039482477144338e+04 2.612580623165972211e-08
7.465858083767621441e-04 1.509258866883292058e+03 3.652772794706854620e+04 3.181802259048345714e-08
7.848640813110194670e-04 1.581886477189545758e+03 3.650306899026646715e+04 3.874618391724648984e-08
8.251049232659968648e-04 1.657940194804227531e+03 3.647766946206062858e+04 4.718094715122119283e-08
8.674089573071004124e-04 1.737465036347450223e+03 3.645034315307596989e+04 5.744576808233425857e-08
9.118819655546198935e-04 1.820656746979853551e+03 3.642156076921855129e+04 6.993816186260321511e-08
9.586351536941296880e-04 1.907651941589979288e+03 3.639108594511019328e+04 8.513917747539473935e-08
1.007785429048626679e-03 1.998540346119142669e+03 3.635823874208804773e+04 1.036304546921520874e-07
1.059455692907732439e-03 2.093606801627819550e+03 3.632410046465195046e+04 1.261286584343422504e-07
1.113775147844932919e-03 2.192768129864940420e+03 3.628645935186158022e+04 1.534813245690273178e-07
1.170879620791311689e-03 2.296526885797383784e+03 3.624807408212410519e+04 1.867577076424871229e-07
1.230911902673626282e-03 2.404552167233023738e+03 3.620488750615747995e+04 2.271879937040252616e-07
1.294022105466001958e-03 2.517511533870838775e+03 3.616069475350902212e+04 2.763546738003202651e-07
1.360368037548055848e-03 2.635123929360494458e+03 3.611207841702645237e+04 3.360783699190806585e-07
1.430115598308045934e-03 2.757874617681747168e+03 3.606119814407494414e+04 4.086563082670038520e-07
1.503439192977754080e-03 2.885716319343455780e+03 3.600647794387404429e+04 4.967998972247458975e-07
1.580522168736409397e-03 3.018832895841512709e+03 3.594796349486945837e+04 6.038250248642466451e-07
1.661557273174137529e-03 3.157543597141752343e+03 3.588643885771970963e+04 7.337794791176745414e-07
1.746747136261333697e-03 3.301567199415781943e+03 3.581926644293437130e+04 8.914161949333715800e-07
1.836304777029133936e-03 3.451764015094333899e+03 3.575016875908360089e+04 1.082793519485785813e-06
1.930454136227949345e-03 3.607179142762830907e+03 3.567322181506497145e+04 1.314669036501416614e-06
2.029430636295988157e-03 3.769237251029486742e+03 3.559476638063146675e+04 1.596049550135557469e-06
2.133481770037976965e-03 3.936658853190955142e+03 3.550783809392117837e+04 1.936711131565471846e-06
2.242867719486086112e-03 4.110819357061053779e+03 3.541811696544626466e+04 2.349684938104654653e-06
2.357862006490532136e-03 4.290835429207797461e+03 3.532101142891036579e+04 2.849490873405219104e-06
2.478752176666675511e-03 4.477354165940831081e+03 3.521874351542313525e+04 3.454546427903597896e-06
2.605840518408833982e-03 4.670320092576337629e+03 3.511053019153985952e+04 4.186589733000835804e-06
2.739444818768723561e-03 4.869297504746318737e+03 3.499436763032706222e+04 5.071357645017964554e-06
2.879899158088616417e-03 5.075437452899589516e+03 3.487407249040951865e+04 6.141515915839331522e-06
3.027554745376210416e-03 5.286776264927562806e+03 3.474260050794225390e+04 7.432539148510885078e-06
3.182780796510085389e-03 5.506104123177482506e+03 3.460907544663662702e+04 8.993626880298771236e-06
3.345965457471714814e-03 5.729512121433064749e+03 3.446097334563610639e+04 1.087307192700883757e-05
3.517516774912597243e-03 5.960876466643638196e+03 3.431031539473656449e+04 1.314283066162075649e-05
3.697863716483424691e-03 6.196728285788713947e+03 3.414694123832556215e+04 1.587396493357027058e-05
3.887457243476651579e-03 6.439360323084379161e+03 3.397761373999661009e+04 1.916504584895931709e-05
4.086771438464619106e-03 6.687050810724216717e+03 3.379790288881881133e+04 2.312309325507650438e-05
4.296304690752923532e-03 6.939801772291941234e+03 3.360832790711145935e+04 2.788062758129675241e-05
4.516580942613284376e-03 7.198399031346089032e+03 3.341121450957074558e+04 3.359971313311052132e-05
4.748150999412126434e-03 7.459675483277263083e+03 3.319977973128480517e+04 4.045421323058133358e-05
4.991593906910903912e-03 7.727869100133475513e+03 3.298420677407686890e+04 4.869089458334133343e-05
5.247518399182111472e-03 7.995565727221377529e+03 3.274927541394835862e+04 5.853038309738425009e-05
5.516564420761540903e-03 8.270357343534084066e+03 3.251173639442432250e+04 7.033971690749893347e-05
5.799404726842954938e-03 8.543034914140043838e+03 3.225410898884430208e+04 8.441754049002562143e-05
6.096746565516493986e-03 8.820609476317347799e+03 3.199110097982070874e+04 1.012659124808206124e-04
6.409333446257287764e-03 9.096496074029462761e+03 3.171158055609365329e+04 1.213341339276157431e-04
6.737946999086424568e-03 9.373206021321491789e+03 3.142142179341170049e+04 1.452583789553245287e-04
7.083408929053131541e-03 9.649075718627402239e+03 3.111899331420461749e+04 1.737332392421737589e-04
7.446583070925409317e-03 9.920496536055628894e+03 3.079997173109185314e+04 2.075270844805933857e-04
7.828377549226901017e-03 1.019249377171063497e+04 3.047367077262343446e+04 2.477228124463759875e-04
8.229747049021221908e-03 1.045335696167301649e+04 3.012405038138238160e+04 2.951790294822670651e-04
8.651695203121895217e-03 1.071669280409051862e+04 2.977260232641635957e+04 3.515885098436811714e-04
9.095277101697147801e-03 1.096107964055599950e+04 2.939097566705345889e+04 4.178028492319015930e-04
9.561601930544914862e-03 1.120546168187395415e+04 2.900702203806884063e+04 4.962402548832752988e-04
1.005183574463506743e-02 1.143132203310553632e+04 2.859811631071267402e+04 5.881699985214127293e-04
1.056720438385422289e-02 1.164927024069544859e+04 2.817990270953294385e+04 6.963848287849448400e-04
1.110899653824396448e-02 1.185012445527600903e+04 2.774294212920665814e+04 8.230337882112586647e-04
1.167856697039719623e-02 1.203325729269613112e+04 2.728874684845697993e+04 9.710064803600985473e-04
1.227733990307029038e-02 1.220204228407416849e+04 2.682311334690866352e+04 1.143972602456616323e-03
1.290681258048182248e-02 1.234120987433335722e+04 2.633132550938177155e+04 1.344265361627177508e-03
1.356855901220299469e-02 1.247046702401871516e+04 2.583664648537891117e+04 1.578171370761067421e-03
1.426423390900143431e-02 1.255602046527066705e+04 2.530589618989776864e+04 1.846152741632768428e-03
1.499557682048000690e-02 1.263266105951073041e+04 2.477673452772355085e+04 2.158015853994357542e-03
1.576441648485692182e-02 1.266045619776198146e+04 2.421153107644109332e+04 2.512773332068624164e-03
1.657267540176381518e-02 1.267945297161255439e+04 2.365095958741759023e+04 2.923806644778913569e-03
1.742237463949622076e-02 1.267601420132127168e+04 2.308292267979604367e+04 3.396057390902950269e-03
1.831563888873704443e-02 1.263186741310743673e+04 2.249231455460450161e+04 3.931914221237107522e-03
1.925470177538994923e-02 1.254130810661382384e+04 2.187624199091751871e+04 4.535482398300674095e-03
2.024191144580758314e-02 1.240590792208967468e+04 2.123814138976147660e+04 5.212587690926645187e-03
2.127973643838054069e-02 1.224743801855606398e+04 2.059803477564186687e+04 5.978802992699583201e-03
2.237077185616915750e-02 1.200690253030015629e+04 1.990763114317745567e+04 6.809953561546474785e-03
2.351774585601286785e-02 1.175354203888844131e+04 1.922602072782089817e+04 7.745083469232962210e-03
2.472352647034336062e-02 1.145433106751055493e+04 1.852639077506481772e+04 8.769427486527351170e-03
2.599112877875953478e-02 1.115067643960417809e+04 1.784257342026926199e+04 9.918520519562868537e-03
2.732372244729698585e-02 1.080579685242814412e+04 1.714494971492065451e+04 1.116726065166886647e-02
2.872463965424410307e-02 1.044345248791676204e+04 1.645245815640012734e+04 1.253943942892812163e-02
3.019738342232343442e-02 1.004787722554834727e+04 1.575240387397733321e+04 1.401691755058525647e-02
3.174563637807315680e-02 9.637697297587843423e+03 1.505903872100955596e+04 1.562052596296821007e-02
3.337326996033158216e-02 9.221626921123659486e+03 1.437855735071462550e+04 1.736497216679854308e-02
3.508435410085083278e-02 8.844546610774981673e+03 1.374517452079106442e+04 1.935023709985030094e-02
3.688316740124613496e-02 8.490077338414239421e+03 1.314526134823299981e+04 2.158075003697552605e-02
3.877420783172848273e-02 8.087497702237371414e+03 1.252337593848346478e+04 2.388433922054163799e-02
4.076220397837305304e-02 7.695911593088991140e+03 1.192464060140023503e+04 2.640604157791585915e-02
4.285212686704739649e-02 7.298756074381093640e+03 1.133549838358103989e+04 2.909619875214129389e-02
4.504920239356542677e-02 6.939482736191012009e+03 1.078898713490894625e+04 3.214094761197371780e-02
4.735892439114896407e-02 6.639980920862082712e+03 1.030152384260280269e+04 3.573078691871035134e-02
4.978706836787243073e-02 6.368796751219098951e+03 9.847991881074905905e+03 3.981780461481721628e-02
5.233970594844135349e-02 6.125736115994047395e+03 9.427554685997001798e+03 4.449614415067787432e-02
5.502322005641668845e-02 5.922282647671260747e+03 9.048267144154073321e+03 4.998013181014236694e-02
5.784432087484844831e-02 5.741681888423994678e+03 8.696436767252642312e+03 5.629781841123467773e-02
6.081006262522850592e-02 5.553762736551022499e+03 8.348652256359546300e+03 6.326797483165752523e-02
6.392786120671870020e-02 5.368849984751720513e+03 8.012430515042831757e+03 7.105948447291506043e-02
6.720551273976151097e-02 5.136112637571124651e+03 7.649654884515805861e+03 7.898043020412524873e-02
7.065121306044198912e-02 4.903023846901628531e+03 7.295541063504933845e+03 8.759778674018310618e-02
7.427357821434696361e-02 4.638798986809434609e+03 6.926745180569145305e+03 9.628948274477124036e-02
7.808166600116696332e-02 4.352134247773414245e+03 6.549053028165993055e+03 1.049590172601907179e-01
8.208499862391337165e-02 4.026181533334493906e+03 6.148582044348821000e+03 1.128119216825219789e-01
8.629358649938589920e-02 3.693052399691484425e+03 5.748068857117586958e+03 1.202240313793044579e-01
9.071795328942874881e-02 3.364490702558445264e+03 5.355374227654199785e+03 1.272533785989192756e-01
9.536916221556676621e-02 3.071788227137553349e+03 4.994899158117552361e+03 1.349849758353360851e-01
1.002588437228218304e-01 2.806707711622981606e+03 4.660479626127123993e+03 1.432964797991831962e-01
1.053992245618834284e-01 2.615587350667636656e+03 4.391547301243658694e+03 1.551499837703500806e-01
1.108031583623540345e-01 2.446982702410503407e+03 4.146191254716074582e+03 1.686388289497306181e-01
1.164841577735182265e-01 2.333607364853492072e+03 3.952289111295870043e+03 1.868523814830902463e-01
1.224564282530043596e-01 2.221530590872500852e+03 3.764106410637691624e+03 2.066651848724049001e-01
1.287349035878279091e-01 2.105324652085465459e+03 3.576812809650817144e+03 2.275507498933813655e-01
1.353352832366376823e-01 1.962076443213390348e+03 3.370509588878396698e+03 2.463878518710873322e-01
1.422740715865399574e-01 1.793656742121141860e+03 3.145634093786898575e+03 2.616898475164162186e-01
1.495686192226629019e-01 1.615135893017684339e+03 2.913694413341101153e+03 2.737794083502332887e-01
1.572371663136570008e-01 1.442433585035901388e+03 2.687746535810987552e+03 2.840741462629080560e-01
1.652988882216175348e-01 1.318757895755589743e+03 2.508556373997903393e+03 3.017485067200670334e-01
1.737739434504778357e-01 1.211883658869965984e+03 2.347322298676254832e+03 3.221700454827286508e-01
1.826835240527691917e-01 1.143160638755403852e+03 2.225342292822443142e+03 3.530820697027813315e-01
1.920499086207905493e-01 1.071508248540761997e+03 2.103012629413439299e+03 3.845104011683189160e-01
2.018965179946938526e-01 9.778590962778218909e+02 1.961025280533622663e+03 4.076927850860033731e-01
2.122479738267836202e-01 8.853678500726715583e+02 1.821410589100871221e+03 4.288690103711999546e-01
2.231301601484726449e-01 7.910791450262477156e+02 1.680571065285095074e+03 4.452101181789687168e-01
2.345702880938428103e-01 7.207476674369848979e+02 1.565811462074426117e+03 4.712729448611840954e-01
2.465969639416541459e-01 6.669882259186567808e+02 1.470306441039407673e+03 5.067008146253155765e-01
2.592402606459418002e-01 6.101227749710959642e+02 1.372645293545042932e+03 5.385113288059828474e-01
2.725317930340656614e-01 5.558062469934409364e+02 1.278828627365574903e+03 5.699610833150970945e-01
2.865047968602461026e-01 5.003108669998635492e+02 1.184326744748108013e+03 5.960818357527363220e-01
3.011942119122611450e-01 4.506923269014674247e+02 1.097217136089708220e+03 6.238645212582260013e-01
3.166367693791155569e-01 4.125262250408567866e+02 1.024658652761849225e+03 6.634464262380331823e-01
3.328710836981453314e-01 3.756019537754561384e+02 9.543733042368953647e+02 7.018209228230110064e-01
3.499377491112247163e-01 3.374323395399739525e+02 8.829754806598326695e+02 7.325366263627420826e-01
3.678794411715154977e-01 3.046074650439966263e+02 8.188917473797737330e+02 7.682938480210179666e-01
3.867410234545784475e-01 2.765077828057418969e+02 7.615717643581776883e+02 8.102860187207538978e-01
4.065696597406806001e-01 2.495041408078853920e+02 7.061500005871714620e+02 8.494795248249242814e-01
4.274149319488126375e-01 2.244029919913536730e+02 6.536922520117601607e+02 8.876627045155389695e-01
4.493289641173122684e-01 2.022838154930234964e+02 6.058156875443286253e+02 9.296610572904969727e-01
4.723665527411103904e-01 1.824254007833864364e+02 5.615695257199993193e+02 9.740763156041842841e-01
4.965853037915104462e-01 1.640847583115511839e+02 5.198714041360747160e+02 1.017935097347002049e+00
5.220457767611225153e-01 1.475398792083642832e+02 4.811909505814407453e+02 1.063421515357410474e+00
5.488116360941387439e-01 1.324811327672815082e+02 4.450826722046917325e+02 1.109415487532832145e+00
5.769498103806052214e-01 1.189204456885485541e+02 4.116165851839004972e+02 1.157020068865088014e+00
6.065306597127584354e-01 1.066893238341823178e+02 3.805625194072501927e+02 1.206006084227446928e+00
6.376281516219051149e-01 9.564936343017332376e+01 3.517284556013238443e+02 1.256188439707382587e+00
6.703200460357783275e-01 8.570390861779246450e+01 3.249882867660633678e+02 1.307728261686875726e+00
7.046880897188601001e-01 7.672488318824355247e+01 3.001486835225736627e+02 1.360182831682878124e+00
7.408182206818726412e-01 6.866501314615099716e+01 2.771641207252566801e+02 1.414297366764290853e+00
7.788007830715680813e-01 6.138645362186299081e+01 2.558034861539136955e+02 1.469000494040738403e+00
8.187307530781540166e-01 5.486824522037471041e+01 2.360650280250580693e+02 1.525508531309392568e+00
8.607079764252394405e-01 4.899406872263514856e+01 2.177427993504900599e+02 1.582636760831854561e+00
9.048374180361511421e-01 4.373636175583653340e+01 2.008141475099515390e+02 1.641438318008729302e+00
9.512294245009160765e-01 3.901479217060305160e+01 1.851350122642515998e+02 1.701200040810090908e+00
1.000000000000213163e+00 3.478668472639462550e+01 1.706402040553259383e+02 1.762314035736694873e+00
1.051271096376248826e+00 3.100009938334355297e+01 1.572379290450581379e+02 1.824641370002439311e+00
1.105170918075884856e+00 2.760842139741965084e+01 1.448429930551949951e+02 1.887992125727313342e+00
1.161834242728533306e+00 2.457941830314143061e+01 1.334023358981897900e+02 1.952874688313086082e+00
1.221402758160433644e+00 2.186675650544052019e+01 1.228204683851821812e+02 2.018511913595680163e+00
1.284025416688019838e+00 1.945035104613536703e+01 1.130689131688457536e+02 2.086020463154168780e+00
1.349858807576296504e+00 1.728565709780077952e+01 1.040455171897158948e+02 2.153878425536389418e+00
1.419067548593566874e+00 1.535943191915768757e+01 9.573460155991179477e+01 2.223589518531267739e+00
1.491824697641596753e+00 1.363870764016842507e+01 8.805801641351003184e+01 2.294018189594870805e+00
1.568312185490513100e+00 1.210711928734709453e+01 8.098482162967079034e+01 2.365966716816047200e+00
1.648721270700491237e+00 1.074211689183789531e+01 7.446103818467123858e+01 2.438944151660316084e+00
1.733253017867778301e+00 9.526867854078444608e+00 6.844790367211142268e+01 2.513079892389213921e+00
1.822118800390913007e+00 8.446162367945968086e+00 6.290942634582013682e+01 2.588569038676899581e+00
1.915540829014322100e+00 7.484049713651971025e+00 5.780365159872475544e+01 2.664901506543032816e+00
2.013752707470925607e+00 6.630271115665303583e+00 5.310721381534100516e+01 2.742963055893731905e+00
2.117000016613148627e+00 5.869958420843434332e+00 4.877601518121966251e+01 2.821420829251325646e+00
2.225540928492967474e+00 5.196173560227931532e+00 4.479520825305674947e+01 2.901754484330465456e+00
2.339646851926517890e+00 4.596945404090867271e+00 4.112683979632104325e+01 2.982569233827101929e+00
2.459603111157505406e+00 4.066054761740727663e+00 3.775532465719405195e+01 3.065057198579654862e+00
2.585709659316432152e+00 3.594758467848248262e+00 3.465192661575949984e+01 3.148322751156907628e+00
2.718281828459663263e+00 3.177161708701746967e+00 3.179897483932187185e+01 3.232905606838045731e+00
2.857651118063815776e+00 2.807131624815082827e+00 2.917600189813155964e+01 3.318643900089139009e+00
3.004166023947120401e+00 2.479212739124948328e+00 2.676407377845916713e+01 3.405303651077284499e+00
3.158192909690492378e+00 2.189124885414680310e+00 2.454887083646246637e+01 3.493467919334309446e+00
3.320116922737311960e+00 1.932038465937482741e+00 2.251153281295705000e+01 3.582169753573317461e+00
3.490342957462647444e+00 1.704961965457748141e+00 2.064217526953714099e+01 3.672732188347158644e+00
3.669296667620093988e+00 1.503739926412524408e+00 1.892280047389180098e+01 3.763496091819062972e+00
3.857425530697870641e+00 1.326126460249048566e+00 1.734572456181681943e+01 3.856096123296800293e+00
4.055199966845619564e+00 1.168972476371634484e+00 1.589655618165109985e+01 3.949220372424406822e+00
4.263114515169814212e+00 1.030239638013232817e+00 1.456702833085672211e+01 4.043798533059142386e+00
4.481689070339116121e+00 9.076725625490206228e-01 1.334649942268051248e+01 4.139278380392604539e+00
4.711470182591849465e+00 7.994640931671610495e-01 1.222652894900216047e+01 4.235830396816032462e+00
4.953032424396282885e+00 7.039985902736173307e-01 1.119929087952258406e+01 4.333667245435222526e+00
5.206979827181080545e+00 6.197077737908168737e-01 1.025649642399086936e+01 4.432154474052830473e+00
5.473947391728498424e+00 5.454387190553479092e-01 9.392462586114273648e+00 4.532294070715870760e+00
5.754602676007100293e+00 4.798615777810517069e-01 8.599345764421682858e+00 4.632679616032921111e+00
6.049647464414390718e+00 4.221329571068812014e-01 7.872868248321601037e+00 4.734888116916892820e+00
6.359819522603354258e+00 3.711962006028871608e-01 7.206278556901717813e+00 4.837357178881745767e+00
6.685894442280875261e+00 3.263652449415146428e-01 6.595719340564611954e+00 4.941430707747150208e+00
7.028687580590986528e+00 2.868584946531242408e-01 6.035941247681601673e+00 5.046156240315863961e+00
7.389056098932435646e+00 2.521340652231601753e-01 5.523671469978799209e+00 5.153101259065898887e+00
7.767901106308653603e+00 2.216130532331950787e-01 5.054877981122988473e+00 5.262312802372617782e+00
8.166169912569634093e+00 1.947866319446765748e-01 4.625870952484452125e+00 5.373838905512670294e+00
8.584858397179985445e+00 1.712075684658628805e-01 4.233273710849402960e+00 5.487728621791836403e+00
9.025013499436326470e+00 1.504827677718568735e-01 3.873996160948649514e+00 5.604032044120253353e+00
9.487735836360851494e+00 1.322667192764556410e-01 3.545210463613902352e+00 5.722800327045442614e+00
9.974182454817173138e+00 1.162557367012230503e-01 3.244328778126509327e+00 5.844085709251494620e+00
1.048556972473016025e+01 1.021828952126308948e-01 2.968982893571407988e+00 5.967941536536407021e+00
1.102317638064432792e+01 8.981358142239014020e-02 2.717005588875554878e+00 6.094422285274347928e+00
1.158834671922626214e+01 7.894158206352525076e-02 2.486413574818919781e+00 6.223583586377671395e+00
1.218249396070650370e+01 6.938564613501173317e-02 2.275391883754726674e+00 6.355482249764104807e+00
1.280710378266622662e+01 6.098646320134692989e-02 2.082279584173382325e+00 6.490176289345544802e+00
1.346373803500505772e+01 5.360400747111231101e-02 1.905556707669347594e+00 6.627724948542685901e+00
1.415403864537935341e+01 4.711520337679810794e-02 1.743832285415758188e+00 6.768188726344255279e+00
1.487973172487657614e+01 4.141187373786179432e-02 1.595833399981952061e+00 6.911629403915898529e+00
1.564263188419211659e+01 3.639893630014793408e-02 1.460395166322297600e+00 7.058110071773511685e+00
1.644464677110120832e+01 3.199281858552753544e-02 1.336451563077713178e+00 7.207695157533257735e+00
1.728778184057202338e+01 2.812006462513980121e-02 1.223027042023713040e+00 7.360450454249730434e+00
1.817414536944768244e+01 2.471611034858193015e-02 1.119228849623722155e+00 7.516443149353132291e+00
1.910595372823652127e+01 2.172420721313414113e-02 1.024240000251551930e+00 7.675741854200796688e+00
2.008553692319280515e+01 1.909447612845175182e-02 9.373128457758879151e-01 7.838416634255890081e+00
2.111534442254602695e+01 1.678307590435764232e-02 8.577631908934760796e-01 8.004539039904754461e+00
2.219795128144734164e+01 1.475147235863323233e-02 7.849649078933976787e-01 8.174182137926587544e+00
2.333606458094873304e+01 1.296579589984464195e-02 7.183450084658445922e-01 8.347420543630386547e+00
2.453253019711569394e+01 1.139627687524023304e-02 6.573791337661775147e-01 8.524330453676542518e+00
2.579033991719975205e+01 1.001674927018522850e-02 6.015874272365372422e-01 8.704989679587555429e+00
2.711263892066493852e+01 8.804214485148762620e-03 5.505307577009319608e-01 8.889477681973607659e+00
2.850273364377471097e+01 7.738457917801455296e-03 5.038072630058143542e-01 9.077875605481979804e+00
2.996410004740484823e+01 6.801711958131299342e-03 4.610491870016565352e-01 9.270266314490143600e+00
3.150039230875619012e+01 5.978359778239561266e-03 4.219199849693893722e-01 9.466734429547518204e+00
3.311545195870102276e+01 5.254674978605237620e-03 3.861116747092976920e-01 9.667366364599347506e+00
3.481331748761120082e+01 4.618592750353379614e-03 3.533424124425837975e-01 9.872250364992963156e+00
3.659823444368765877e+01 4.059508738498395983e-03 3.233542744459743101e-01 1.008147654629028267e+01
3.847466604904231957e+01 3.568102252939059100e-03 2.959112269588344279e-01 1.029513693390491014e+01
4.044730436007814234e+01 3.136180879890923274e-03 2.707972683840703110e-01 1.051332550357957629e+01
4.252108200007410943e+01 2.756543903216988368e-03 2.478147291602346425e-01 1.073613822271904361e+01
4.470118449331276622e+01 2.422862258705748249e-03 2.267827159233312684e-01 1.096367309259822242e+01
4.699306323159186860e+01 2.129573019972553181e-03 2.075356877125247856e-01 1.119603019147046830e+01
4.940244910554343960e+01 1.871786656917856116e-03 1.899221530130758562e-01 1.143331171858381801e+01
5.193536683484541783e+01 1.645205520616748341e-03 1.738034773811255873e-01 1.167562203912944163e+01
5.459815003315897997e+01 1.446052195673426001e-03 1.590527922653354742e-01 1.192306773015313226e+01
5.739745704546173499e+01 1.271006525572442643e-03 1.455539964365855088e-01 1.217575762741993195e+01
6.034028759737834946e+01 1.117150261160123606e-03 1.332008421664087061e-01 1.243380287329552658e+01
6.343400029814058882e+01 9.819184094653698406e-04 1.218960989612608153e-01 1.269731696562526402e+01
6.668633104094334385e+01 8.630564717817295261e-04 1.115507882706148618e-01 1.296641580765273538e+01
7.010541234670704114e+01 7.585828581113710726e-04 1.020834831453538427e-01 1.324121775900603559e+01
7.369979369961600923e+01 6.667558513667558437e-04 9.341966733401284306e-02 1.352184368774734224e+01
7.747846292528217305e+01 5.860445705807332435e-04 8.549114877252876610e-02 1.380841702354028477e+01
8.145086866499057976e+01 5.151034490408643246e-04 7.823552285104369564e-02 1.410106381194109382e+01
8.562694400222423496e+01 4.527498018637433311e-04 7.159568123317207322e-02 1.439991276982894597e+01
9.001713130054676526e+01 3.979441090315991893e-04 6.551936236179636830e-02 1.470509534203366897e+01
9.463240831495036787e+01 3.497726851808124625e-04 5.995874011332887055e-02 1.501674575913984988e+01
9.948431564196151555e+01 3.074324472255830169e-04 5.487004736288223633e-02 1.533500109652777965e+01
1.045849855771433994e+02 2.702175258718445558e-04 5.021323149743191216e-02 1.566000133466851452e+01
1.099471724521542768e+02 2.375074978170139310e-04 4.595163916553229866e-02 1.599188942069102914e+01
1.155842845272200918e+02 2.087570424504805024e-04 4.205172778229090275e-02 1.633081133124910167e+01
1.215104175187690743e+02 1.834868506182792212e-04 3.848280151891317336e-02 1.667691613673813222e+01
1.277403898460648861e+02 1.612756338881314144e-04 3.521676969876327140e-02 1.703035606685367398e+01
1.342897796849734675e+02 1.417531010989615554e-04 3.222792569834876525e-02 1.739128657755526675e+01
1.411749639215168770e+02 1.245937851040060764e-04 2.949274461293660901e-02 1.775986641942824562e+01
1.484131591026187778e+02 1.095116167914204170e-04 2.698969809429953987e-02 1.813625770752540234e+01
1.560224644864394463e+02 9.625515592336397503e-05 2.469908490313346347e-02 1.852062599265257603e+01
1.640219072999485945e+02 8.460339928575576120e-05 2.260287584250938661e-02 1.891314033420837504e+01
1.724314903169036768e+02 7.436209626426476549e-05 2.068457185177253674e-02 1.931397337451590346e+01
1.812722418752032070e+02 6.536051042272426686e-05 1.892907414402678415e-02 1.972330141476947674e+01
1.905662684586848457e+02 5.744857309479777630e-05 1.732256536503554850e-02 2.014130449259175748e+01
2.003368099748494728e+02 5.049438153532046918e-05 1.585240083813707970e-02 2.056816646119480652e+01
2.106082978667353416e+02 4.438199992237610122e-05 1.450700903921368391e-02 2.100407507025803611e+01
2.214064162042512862e+02 3.900952654964992951e-05 1.327580051833859853e-02 2.144922204852220915e+01
2.327581659077297047e+02 3.428739498645899187e-05 1.214908455121858737e-02 2.190380318808565008e+01
2.446919322642916654e+02 3.013688088373205377e-05 1.111799286444370254e-02 2.236801843055651062e+01
2.572375559058498879e+02 2.648878953210193291e-05 1.017440983414916525e-02 2.284207195497090837e+01
2.704264074262317763e+02 2.328230229209514901e-05 9.310908608719007176e-03 2.332617226759982998e+01
2.842914658240042627e+02 2.046396266479320078e-05 8.520692652751531496e-03 2.382053229367109637e+01
2.988674009671481713e+02 1.798678509935336408e-05 7.797542252178399878e-03 2.432536947101424829e+01
3.141906602857868620e+02 1.580947168003212687e-05 7.135765559490008653e-03 2.484090584568924243e+01
3.302995599097462787e+02 1.389572363383182645e-05 6.530153793751930849e-03 2.536736816966715935e+01
3.472343804788374655e+02 1.221363618062658225e-05 5.975940242787406396e-03 2.590498800055274131e+01
3.650374678654371792e+02 1.073516663713270988e-05 5.468762744843352203e-03 2.645400180343832730e+01
3.837533390612260860e+02 9.435666907271662580e-06 5.004629354431923936e-03 2.701465105489748098e+01
4.034287934928555046e+02 8.293472564928096845e-06 4.579886922112316218e-03 2.758718234921649781e+01
4.241130300448911044e+02 7.289541678522815877e-06 4.191192340899406628e-03 2.817184750683477290e+01
4.458577700826506316e+02 6.407137356144333159e-06 3.835486232989807932e-03 2.876890368510975904e+01
4.687173867825576963e+02 5.631548718824130984e-06 3.509968869693404995e-03 2.937861349144131040e+01
4.927490410934046849e+02 4.949845650193065728e-06 3.212078135036194187e-03 3.000124509876674495e+01
5.180128246684984106e+02 4.350663233868395592e-06 2.939469359589238270e-03 3.063707236347897478e+01
5.445719101260938260e+02 3.824012284867536467e-06 2.689996865803856180e-03 3.128637494594320501e+01
5.724927090138447738e+02 3.361112816313985164e-06 2.461697079586691941e-03 3.194943843345775747e+01
6.018450378722650385e+02 2.954247665126845752e-06 2.252773075196022601e-03 3.262655446585449681e+01
6.327022928124463306e+02 2.596633836432673929e-06 2.061580431813527566e-03 3.331802086382666062e+01
6.651416330445650829e+02 2.282309421819694454e-06 1.886614290463709291e-03 3.402414175987495781e+01
6.992441738160994191e+02 2.006034206225674705e-06 1.726497509413607665e-03 3.474522773208651216e+01
7.350951892421985576e+02 1.763202306433130734e-06 1.579969824822224271e-03 3.548159594073809586e+01
7.727843255353874383e+02 1.549765384739273810e-06 1.445877931325115912e-03 3.623357026781957302e+01
8.124058251677936369e+02 1.362165157664336393e-06 1.323166404477668342e-03 3.700148145946113942e+01
8.540587625264155349e+02 1.197274074531118386e-06 1.210869393610233867e-03 3.778566727139060788e+01
8.978472916506958654e+02 1.052343176948108745e-06 1.108103019711187149e-03 3.858647261755326241e+01
9.438809066718714575e+02 9.249562699360906371e-07 1.014058418498962454e-03 3.940424972176830920e+01
9.922747156053346771e+02 8.129896406748758239e-07 9.279953739286804807e-04 4.023935827263063914e+01
1.043149728180628472e+03 7.145766533270591331e-07 8.492364920236699201e-04 4.109216558179974754e+01
1.096633158428801380e+03 6.280766296804045174e-07 7.771618691712750548e-04 4.196304674547319991e+01
1.152858742783748994e+03 5.520474968136117727e-07 7.112042129213184917e-04 4.285238480939278105e+01
1.211967074492957408e+03 4.852217457816395986e-07 6.508443768817468713e-04 4.376057093734189607e+01
1.274105955173854682e+03 4.264853005191715868e-07 5.956072745669698052e-04 4.468800458318044377e+01
1.339430764394840480e+03 3.748589446787926069e-07 5.450581400375660275e-04 4.563509366652301935e+01
1.408104848205140797e+03 3.294819967643448471e-07 4.987991058994469462e-04 4.660225475218829416e+01
1.480299927585014302e+03 2.895979614007959408e-07 4.564660717276036099e-04 4.758991323340417523e+01
1.556196527837648091e+03 2.545419175284150129e-07 4.177258382664814323e-04 4.859850351889536313e+01
1.635984429996447261e+03 2.237294332654938351e-07 3.822734848507306133e-04 4.962846922398434657e+01
1.719863145376471039e+03 1.966468226346697602e-07 3.498299694037566095e-04 5.068026336568851775e+01
1.808042414456641382e+03 1.728425817198003368e-07 3.201399321243204843e-04 5.175434856198531008e+01
1.900742731340188357e+03 1.519198614821424282e-07 2.929696855739371045e-04 5.285119723526474900e+01
1.998195895104759757e+03 1.335298517477929201e-07 2.681053753455401125e-04 5.397129182014746362e+01
2.100645589420852957e+03 1.173659660681528294e-07 2.453512968359334266e-04 5.511512497568473634e+01
2.208347991887921125e+03 1.031587305071421348e-07 2.245283548734796849e-04 5.628319980199236028e+01
2.321572414611807289e+03 9.067129114472700260e-08 2.054726540773417953e-04 5.747603006160775152e+01
2.440601977625289692e+03 7.969546540009771259e-08 1.880342088524734922e-04 5.869414040537785837e+01
2.565734316835632853e+03 7.004827134534037178e-08 1.720757628675345457e-04 5.993806660330528757e+01
2.697282328269386653e+03 6.156887714798888901e-08 1.574717087233591173e-04 6.120835578014663270e+01
2.835574950475434889e+03 5.411591978586986642e-08 1.441070993091621657e-04 6.250556665605824946e+01
2.980957987042702825e+03 4.756514833350403292e-08 1.318767430649119379e-04 6.383026979239800625e+01
3.133794971289250043e+03 4.180735253028982535e-08 1.206843760285517735e-04 6.518304784260897122e+01
3.294468075284922634e+03 3.674654209708383038e-08 1.104419041515801659e-04 6.656449580847544212e+01
3.463379065480592999e+03 3.229834644791372264e-08 1.010687099193677193e-04 6.797522130197459944e+01
3.640950307333554974e+03 2.838860811755154782e-08 9.249101781823983669e-05 6.941584481231872417e+01
3.827625821441170956e+03 2.495214645590544279e-08 8.464131365561884375e-05 7.088699997903441385e+01
4.023872393823642142e+03 2.193167097797998735e-08 7.745781316222071888e-05 7.238933387058430924e+01
4.230180743132199495e+03 1.927682625366454531e-08 7.088397569401251434e-05 7.392350726900536984e+01
4.447066747701334862e+03 1.694335241427309221e-08 6.486805920618067837e-05 7.549019496045924882e+01
4.675072735513344924e+03 1.489234728044225589e-08 5.936271299653517674e-05 7.709008603219805877e+01
4.914768840300775992e+03 1.308961780990388709e-08 5.432460501259522265e-05 7.872388417549950645e+01
5.166754427177720572e+03 1.150511005302216290e-08 4.971408078917150073e-05 8.039230799518831816e+01
5.431659591364801599e+03 1.011240811263411767e-08 4.549485133190113564e-05 8.209609132579660695e+01
5.710146733755425885e+03 8.888293755139359254e-09 4.163370749002397598e-05 8.383598355425876036e+01
6.002912217263044113e+03 7.812359331004950629e-09 3.810025857035022139e-05 8.561274994955850559e+01
6.310688108091153481e+03 6.866667551510918463e-09 3.486669313500477009e-05 8.742717199922432769e+01
6.634244006280128815e+03 6.035452449793850289e-09 3.190756010030805718e-05 8.928004775325065623e+01
6.974388970108182548e+03 5.304856540741590698e-09 2.919956841369514004e-05 9.117219217493645544e+01
7.331973539158482708e+03 4.662699797892311101e-09 2.672140373208085868e-05 9.310443749935160440e+01
7.707891861111141225e+03 4.098276595850366761e-09 2.445356065872432262e-05 9.507763359948749837e+01
8.103083927578147268e+03 3.602177232960830891e-09 2.237818921810856671e-05 9.709264836000365051e+01
8.518537924572025076e+03 3.166131058795233225e-09 2.047895436048458032e-05 9.915036805886433058e+01
8.955292703485578386e+03 2.782868591179914054e-09 1.874090739028549872e-05 1.012516977573779116e+02
9.414440378761499232e+03 2.446000324042978637e-09 1.715036830635071924e-05 1.033975616980562364e+02
9.897129058747319505e+03 2.149910205671266638e-09 1.569481812796214839e-05 1.055889037112639528e+02
1.040456571656430970e+04 1.889662011494982057e-09 1.436280035913673068e-05 1.078266876302331951e+02
1.093801920816896018e+04 1.660917050520794133e-09 1.314383081565704083e-05 1.101118977151595715e+02
1.149882344515380282e+04 1.459861833454327586e-09 1.202831510504819506e-05 1.124455390859226753e+02
1.208838073022117533e+04 1.283144496654960561e-09 1.100747311004412040e-05 1.148286381643219869e+02
1.270816526367042752e+04 1.127818922014048603e-09 1.007326988112346107e-05 1.172622431255124980e+02
1.335972682966652428e+04 9.912956211628130845e-10 9.218352394190302480e-06 1.197474243590074110e+02
1.404469467150771925e+04 8.712985651827451846e-10 8.435991675625219342e-06 1.222852749394460261e+02
1.476478156558243427e+04 7.658272401110994970e-10 7.720029839178303951e-06 1.248769111073380458e+02
1.552178810420236550e+04 6.731232956561875359e-10 7.064831617842143366e-06 1.275234727601962277e+02
1.631760719802116000e+04 5.916412311073057770e-10 6.465240009197056420e-06 1.302261239536498465e+02
1.715422880929701932e+04 5.200226297397966486e-10 5.916535685148309305e-06 1.329860534137573609e+02
1.803374492783486858e+04 4.570735121610329525e-10 5.414399846538849182e-06 1.358044750595609003e+02
1.895835480205053682e+04 4.017444310524648406e-10 4.954880230299002051e-06 1.386826285371585072e+02
1.993037043823734348e+04 3.531129754569528210e-10 4.534360001562790935e-06 1.416217797649828185e+02
2.095222238178608313e+04 3.103683929341697936e-10 4.149529285903066792e-06 1.446232214903411375e+02
2.202646579481454319e+04 2.727980732168275065e-10 3.797359117633089879e-06 1.476882738583632602e+02
2.315578684540369068e+04 2.397756680289024450e-10 3.475077599105608212e-06 1.508182849925629228e+02
2.434300942441707230e+04 2.107506490084209594e-10 3.180148083368883576e-06 1.540146315875206824e+02
2.559110220669883711e+04 1.852391296522914502e-10 2.910249208465930685e-06 1.572787195147419652e+02
2.690318607430719567e+04 1.628157982705310517e-10 2.663256626214831673e-06 1.606119844408425195e+02
2.828254192034512744e+04 1.431068274626190536e-10 2.437226281668465355e-06 1.640158924590767242e+02
2.973261885290210193e+04 1.257836419066831440e-10 2.230379111643168206e-06 1.674919407340353530e+02
3.125704281962085952e+04 1.105574405626299120e-10 2.041087041884399522e-06 1.710416581603317354e+02
3.285962567445517197e+04 9.717438196640078475e-11 1.867860172650266651e-06 1.746666060351179794e+02
3.454437470929026313e+04 8.541135234765624120e-11 1.709335051851398210e-06 1.783683787444469715e+02
3.631550267425979837e+04 7.507224602033306542e-11 1.564263943452526044e-06 1.821486044649294911e+02
3.817743831181556016e+04 6.598469603428642743e-11 1.431505006660550095e-06 1.860089458796763324e+02
4.013483743089039490e+04 5.799720058407323148e-11 1.310013308605451684e-06 1.899511009096848966e+02
4.219259454884566367e+04 5.097659726794663328e-11 1.198832599773055048e-06 1.939768034604362015e+02
4.435585513031406299e+04 4.480584308983401431e-11 1.097087787458351026e-06 1.980878241850056725e+02
4.663002845354139572e+04 3.938206319339204116e-11 1.003978047992664729e-06 2.022859712622486938e+02
4.902080113639969204e+04 3.461483579850798948e-11 9.187705235388258271e-07 2.065730911925927273e+02
5.153415135589398415e+04 3.042468474731195531e-11 8.407945538366746862e-07 2.109510696099710572e+02
5.417636379671867326e+04 2.674175452865259069e-11 7.694363975005548542e-07 2.154218321112398087e+02
5.695404536624281900e+04 2.350464569181428484e-11 7.041344013196769272e-07 2.199873451031311617e+02
5.987414171521994285e+04 2.065939123425049931e-11 6.443745795395159742e-07 2.246496166671468018e+02
6.294395460553275188e+04 1.815855689832693588e-11 5.896865683291885812e-07 2.294106974427843966e+02
6.617116016840114025e+04 1.596045037779832427e-11 5.396399235928120674e-07 2.342726815294895175e+02
6.956382809870861820e+04 1.402842625041603155e-11 4.938407329852717835e-07 2.392377074077191139e+02
7.313044183344273188e+04 1.233027504894943520e-11 4.519285154658985718e-07 2.443079588795226300e+02
7.687991976470644295e+04 1.083768628560675232e-11 4.135733839867869844e-07 2.494856660291097512e+02
8.082163754034375597e+04 9.525776477726042182e-12 3.784734489832164040e-07 2.547731062034451384e+02
8.496545150794286747e+04 8.372674306336953291e-12 3.463524422303254558e-07 2.601726050145417730e+02
8.932172336083906703e+04 7.359155991524319733e-12 3.169575423617549385e-07 2.656865373615424346e+02
9.390134604774527543e+04 6.468324805922406787e-12 2.900573849373814299e-07 2.713173284759212720e+02
9.871577101079767453e+04 5.685329383301315241e-12 2.654402413957638103e-07 2.770674549879009305e+02
1.037770368201258680e+05 4.997116126115721043e-12 2.429123525589675815e-07 2.829394460158304128e+02
1.090977992765488161e+05 4.392211584297990745e-12 2.222964035726417329e-07 2.889358842785827051e+02
1.146913630576689611e+05 3.860531177257477453e-12 2.034301282778143165e-07 2.950594072315905123e+02
1.205717149864963576e+05 3.393211070216631463e-12 1.861650320294089939e-07 3.013127082266353227e+02
1.267535590057915979e+05 2.982460402047617373e-12 1.703652229092682846e-07 3.076985376968829087e+02
1.332523529455816897e+05 2.621431401028088232e-12 1.559063421337881821e-07 3.142197043663592240e+02
1.400843471757866791e+05 2.304105223183570378e-12 1.426745852378740646e-07 3.208790764853946484e+02
1.472666252406089625e+05 2.025191609980613739e-12 1.305658063309011140e-07 3.276795830921876131e+02
1.548171465762921434e+05 1.780040692529224146e-12 1.194846983743885666e-07 3.346242153011106666e+02
1.627547914190663723e+05 1.564565471951057175e-12 1.093440430294450226e-07 3.417160276183833503e+02
1.710994080155731353e+05 1.375173683553686889e-12 1.000640241695295511e-07 3.489581392852449540e+02
1.798718622538203781e+05 1.208707908899688117e-12 9.157159965544594865e-08 3.563537356503806564e+02
1.890940898387710622e+05 1.062392937349738844e-12 8.379992642761103639e-08 3.639060695706525621e+02
1.987891511430313694e+05 9.337894995310008274e-13 7.668783439075134488e-08 3.716184628418939724e+02
2.089812888697938761e+05 8.207536014022957752e-13 7.017934494993675632e-08 3.794943076598753464e+02
2.196959886722229712e+05 7.214007809614823734e-13 6.422323040847104358e-08 3.875370681128315482e+02
2.309600428808625729e+05 6.340746917007996057e-13 5.877261075948344416e-08 3.957502817038073317e+02
2.428016174984180834e+05 5.573194890636298508e-13 5.378458469803988618e-08 4.041375609083172549e+02
2.552503226294341730e+05 4.898555595351066602e-13 4.921989194896965835e-08 4.127025947619243880e+02
2.683372865209793090e+05 4.305581877472352670e-13 4.504260425304607157e-08 4.214491504833499107e+02
2.820952333994774381e+05 3.784388059454039353e-13 4.121984257909355990e-08 4.303810751313558853e+02
2.965585652983192704e+05 3.326285132207492834e-13 3.772151833628385624e-08 4.395022972968143904e+02
3.117634480808650260e+05 2.923635897515056348e-13 3.452009654972465233e-08 4.488168288307456351e+02
3.277479018739408348e+05 2.569727645556371667e-13 3.159037913529465892e-08 4.583287666084735292e+02
3.445518961379595567e+05 2.258660244919455853e-13 2.890930656796266237e-08 4.680422943321985940e+02
3.622174496113909991e+05 1.985247779390675828e-13 2.645577638245884464e-08 4.779616843707404428e+02
3.807887353794944938e+05 1.744932091686128396e-13 2.421047707779703103e-08 4.880912996387716589e+02
4.003121913300411543e+05 1.533706792776250093e-13 2.215573611829838684e-08 4.984355955156855771e+02
4.208366362722213962e+05 1.348050469938973190e-13 2.027538083476913103e-08 5.089991218058056575e+02
4.424133920090965694e+05 1.184867980021911566e-13 1.855461113094788380e-08 5.197865247385389011e+02
4.650964116688389913e+05 1.041438849203058126e-13 1.697988299338280617e-08 5.308025490126192381e+02
4.889424146156553179e+05 9.153719189958470376e-14 1.553880188780014717e-08 5.420520398831376951e+02
5.140110282777408138e+05 8.045654823875009892e-14 1.422002520290617405e-08 5.535399452923247736e+02
5.403649372469085502e+05 7.071722455276911963e-14 1.301317297378136833e-08 5.652713180458121087e+02
5.680700400227193022e+05 6.215685308309616122e-14 1.190874618217859831e-08 5.772513180356821749e+02
5.971956137930564582e+05 5.463272080636876347e-14 1.089805199064587874e-08 5.894852145087053259e+02
6.278144876631795196e+05 4.801939021456590902e-14 9.973135322050601409e-09 6.019783883852377357e+02
6.600032247664229944e+05 4.220660810124756703e-14 9.126716245923312459e-09 6.147363346254428507e+02
6.938423137119094608e+05 3.709746749077060445e-14 8.352132678818871007e-09 6.277646646455918926e+02
7.294163698479967425e+05 3.260679206744224581e-14 7.643287947707287933e-09 6.410691087877282826e+02
7.668143468447235646e+05 2.865971617047559488e-14 6.994602803629757742e-09 6.546555188379719539e+02
8.061297591243179049e+05 2.519043668183286287e-14 6.400971507979360283e-09 6.685298706026436548e+02
8.474609156959623797e+05 2.214111599872881877e-14 5.857721645708337196e-09 6.826982665342842438e+02
8.909111659795242595e+05 1.946091780229893504e-14 5.360577349208008575e-09 6.971669384178301243e+02
9.365891582329371013e+05 1.710515954705817492e-14 4.905625643360557890e-09 7.119422501110489065e+02
9.846091112294379855e+05 1.503456754209982597e-14 4.489285646878269764e-09 7.270307003409850495e+02
1.035091099863994634e+06 1.321462220545313092e-14 4.108280387551027245e-09 7.424389255684986892e+02
1.088161355403086869e+06 1.161498257555778184e-14 3.759611009483783213e-09 7.581737028983375239e+02
1.143952581128624268e+06 1.020898048640584597e-14 3.440533169418625377e-09 7.742419530700270798e+02
1.202604284165272489e+06 8.973175972816068890e-15 3.148535436246374240e-09 7.906507434922888251e+02
1.264263124320930336e+06 7.886966494491147921e-15 2.881319523793105009e-09 8.074072913599106869e+02
1.329083280812643003e+06 6.932243463593275800e-15 2.636782201215691988e-09 8.245189668217971075e+02
1.397226837794951163e+06 6.093090350019249497e-15 2.412998738679816033e-09 8.419932962254146105e+02
1.468864189654704416e+06 5.355517331220686114e-15 2.208207757996547998e-09 8.598379654280311115e+02
1.544174467085782439e+06 4.707228062833712347e-15 2.020797368979503515e-09 8.780608231744720342e+02
1.623345985009134281e+06 4.137414681933036062e-15 1.849292482415867022e-09 8.966698845524620083e+02
1.706576713458170416e+06 3.636577625253697719e-15 1.692343199776676493e-09 9.156733345147848695e+02
1.794074772606963990e+06 3.196367258579223655e-15 1.548714188298041740e-09 9.350795314821002648e+02
1.886058953179090517e+06 2.809444676989069877e-15 1.417274957794177702e-09 9.548970110185745170e+02
1.982759263538399944e+06 2.469359355332609074e-15 1.296990962675006170e-09 9.751344895826240418e+02
2.084417504829733167e+06 2.170441609233624715e-15 1.186915459142742183e-09 9.958008683685842470e+02
2.191287875607731752e+06 1.907708073721753398e-15 1.086182053455362443e-09 1.016905237212113548e+03
2.303637607465630397e+06 1.676778623788100852e-15 9.939978826298383092e-10 1.038456878596206934e+03
2.421747633253435604e+06 1.473803351741402555e-15 9.096373738913509850e-10 1.060465271730922950e+03
2.545913289556382690e+06 1.295398384012153666e-15 8.324365337582165538e-10 1.082940096719307121e+03
2.676445055190230254e+06 1.138589467394578725e-15 7.617877218165341096e-10 1.105891238823708136e+03
2.813669327560023405e+06 1.000762384190181506e-15 6.971348680361797876e-10 1.129328792802442877e+03
2.957929238823618274e+06 8.796193696602117711e-16 6.379690960012596571e-10 1.153263067361776848e+03
3.109585513900805730e+06 7.731408051537393559e-16 5.838247175885975893e-10 1.177704589677935701e+03
