# [1] k:    [h/Mpc] 
# [2] P:    [Mpc^3/h^3] 
# [3] T:    [Mpc^3/h^3] 
# [4] Delta_k 
3.059023205018257859e-07 9.263657596681494910e-01 3.949809060980226059e+04 1.343386771987609920e-21
3.215862678579245412e-07 9.712873064755536134e-01 3.947840899972231273e+04 1.636479083053134607e-21
3.380743483904743061e-07 1.018387199521400666e+00 3.945873719685390097e+04 1.993516569550028700e-21
3.554077908890640533e-07 1.067771071684590511e+00 3.943907519630118622e+04 2.428450417866709707e-21
3.736299379885273404e-07 1.119549678218927369e+00 3.941942299317973811e+04 2.958275603080729971e-21
3.927863545481053003e-07 1.173839145147564489e+00 3.939978058259861427e+04 3.603694965066021364e-21
4.129249415873286729e-07 1.230761229705738868e+00 3.938014795969618717e+04 4.389928168870991691e-21
4.340960560635169786e-07 1.290443593407641698e+00 3.936052511958635296e+04 5.347697159349876329e-21
4.563526367904018199e-07 1.353020088359633055e+00 3.934091205738548888e+04 6.514426616565979071e-21
4.797503368127355169e-07 1.418631057457812261e+00 3.932130876823921426e+04 7.935706319578081221e-21
5.043476625678916271e-07 1.487423649137241011e+00 3.930171524726874486e+04 9.667072560223024270e-21
5.302061201824328858e-07 1.559552147389480226e+00 3.928213148959774117e+04 1.177617821541843075e-20
5.573903692694645323e-07 1.635178317783908764e+00 3.926255749037909118e+04 1.434543627322895450e-20
5.859683846113473662e-07 1.714471770261915218e+00 3.924299324474127934e+04 1.747524010802012837e-20
6.160116261320592563e-07 1.797610339530855361e+00 3.922343874782418425e+04 2.128788633656629547e-20
6.475952175842278093e-07 1.884780483899788361e+00 3.920389399476116523e+04 2.593235354004562331e-20
6.807981343976415384e-07 1.976177703460611390e+00 3.918435898071476549e+04 3.159012357986376790e-20
7.157034011589609116e-07 2.072006978539195021e+00 3.916483370082319016e+04 3.848227297418331993e-20
7.523982992164306405e-07 2.172483229416567241e+00 3.914531815023598028e+04 4.687811142984885016e-20
7.909745849287134463e-07 2.277831798338683544e+00 3.912581232410509256e+04 5.710570507889710948e-20
8.315287191035797356e-07 2.388288954900823935e+00 3.910631621758489928e+04 6.956469561360348434e-20
8.741621082001717898e-07 2.504102425939165322e+00 3.908682982583219564e+04 8.474191622583727847e-20
9.189813578979717484e-07 2.625531951116832019e+00 3.906735314399730123e+04 1.032304145411830640e-19
9.660985396665287929e-07 2.752849865457524636e+00 3.904788616725958855e+04 1.257526258663978619e-19
1.015631471002508262e-06 2.886341710115526649e+00 3.902842889077420841e+04 1.531886022407240517e-19
1.067704010034801725e-06 3.026306872773918855e+00 3.900898130969872727e+04 1.866104003377854878e-19
1.122446365234364056e-06 3.173059259097997575e+00 3.898954341921972082e+04 2.273239719200620403e-19
1.179995421003214005e-06 3.326927996736454229e+00 3.897011521449957218e+04 2.769201937082474165e-19
1.240495079956737545e-06 3.488258173473325119e+00 3.895069669070308737e+04 3.373370306513251627e-19
1.304096622755184042e-06 3.657411611175584554e+00 3.893128784302403801e+04 4.109352616176379872e-19
1.370959086384113674e-06 3.834767677256681662e+00 3.891188866663203225e+04 5.005907264752608351e-19
1.441249661829700436e-06 4.020724135505753694e+00 3.889249915670794144e+04 6.098066991053113491e-19
1.515144112143284134e-06 4.215698038167317030e+00 3.887311930843502341e+04 7.428507773047927069e-19
1.592827211940548929e-06 4.420126661279682345e+00 3.885374911699013319e+04 9.049216385318608657e-19
1.674493209434307728e-06 4.634468485379930058e+00 3.883438857757898950e+04 1.102352177451611454e-18
1.760346312156213177e-06 4.859204223745349438e+00 3.881503768538324221e+04 1.342856962845756651e-18
1.850601197581954108e-06 5.094837900516880680e+00 3.879569643559573888e+04 1.635833683235499620e-18
1.945483549936765273e-06 5.341897981090427905e+00 3.877636482340292423e+04 1.992730360153756206e-18
2.045230624523543909e-06 5.600938557337799217e+00 3.875704284402009944e+04 2.427492677877952303e-18
2.150091840984688092e-06 5.872540590277196770e+00 3.873773049263847497e+04 2.957108908952659204e-18
2.260329406981118614e-06 6.157313213027861387e+00 3.871842776446048811e+04 3.602273728401678471e-18
2.376218973848010330e-06 6.455895096934389343e+00 3.869913465468658251e+04 4.388196855057975401e-18
2.498050325866710336e-06 6.768955883947228358e+00 3.867985115853275784e+04 5.345588117560659661e-18
2.626128104876382668e-06 7.097197688446120978e+00 3.866057727119983610e+04 6.511857436309495910e-18
2.760772572037287162e-06 7.441356671913165854e+00 3.864131298790859728e+04 7.932576610518913991e-18
2.902320408650496801e-06 7.802204693939937208e+00 3.862205830386463640e+04 9.663260029445499311e-18
3.051125558036519890e-06 8.180551043320360094e+00 3.860281321428909723e+04 1.177153388885707398e-17
3.207560110577962700e-06 8.577244253073610381e+00 3.858357771440991928e+04 1.433977867451890945e-17
3.372015234139298021e-06 8.993174003470338462e+00 3.856435179943106778e+04 1.746834816733134113e-17
3.544902152190277809e-06 9.429273117380500224e+00 3.854513546458961355e+04 2.127949075235062310e-17
3.726653172078803499e-06 9.886519652330179042e+00 3.852592870510308421e+04 2.592212625611088639e-17
3.917722766024474580e-06 1.036593909404801117e+01 3.850673151620452700e+04 3.157766496660763619e-17
4.118588707535861475e-06 1.086860665635874490e+01 3.848754389312936837e+04 3.846709621316210464e-17
4.329753266093139866e-06 1.139564969260195149e+01 3.846836583110228094e+04 4.685962349138504721e-17
4.551744463083409039e-06 1.194825022401128756e+01 3.844919732536780066e+04 5.708318354956904514e-17
4.785117392129195949e-06 1.252764759066202593e+01 3.843003837115535134e+04 6.953726046800368052e-17
5.030455607111644826e-06 1.313514123101466780e+01 3.841088896371860028e+04 8.470849543978746453e-17
5.288372581359179674e-06 1.377209359618532858e+01 3.839174909828298405e+04 1.031897022024749079e-16
5.559513241650373021e-06 1.443993320560872462e+01 3.837261877010251919e+04 1.257030311464365387e-16
5.844555580866815540e-06 1.514015785081828902e+01 3.835349797442923591e+04 1.531281872332675319e-16
6.144212353328471540e-06 1.587433795459716990e+01 3.833438670650441782e+04 1.865368043354937260e-16
6.459232857050738118e-06 1.664412009305444329e+01 3.831528496158919006e+04 2.272343191701198144e-16
6.790404807379771878e-06 1.745123068844136682e+01 3.829619273492958746e+04 2.768109810427943200e-16
7.138556306691162195e-06 1.829747988109529899e+01 3.827711002178708441e+04 3.372039906019175434e-16
7.504557915077204533e-06 1.918476558911059371e+01 3.825803681742987101e+04 4.107731956642741635e-16
7.889324827200587103e-06 2.011507776484695498e+01 3.823897311710238864e+04 5.003933019148635367e-16
8.293819160757753291e-06 2.109050285793400548e+01 3.821991891608189326e+04 6.095662016027989658e-16
8.719052362274285227e-06 2.211322849458571937e+01 3.820087420962625765e+04 7.425578094560474515e-16
9.166087736248057605e-06 2.318554838391656858e+01 3.818183899300875055e+04 9.045647526623623480e-16
9.636043103964330830e-06 2.430986746212462535e+01 3.816281326150500536e+04 1.101917428299207640e-15
1.013009359863121538e-05 2.548870728612480008e+01 3.814379701037996711e+04 1.342327362652030204e-15
1.064947460382478790e-05 2.672471168878667669e+01 3.812479023491832049e+04 1.635188537952322508e-15
1.119548484259151579e-05 2.802065270832314781e+01 3.810579293038973265e+04 1.991944460826134353e-15
1.176948962493235138e-05 2.937943680530923629e+01 3.808680509208790318e+04 2.426535315607406171e-15
1.237292426178888029e-05 3.080411138104488700e+01 3.806782671527856292e+04 2.955942674950468585e-15
1.300729765406831334e-05 3.229787161218016678e+01 3.804885779526009719e+04 3.600853052249165080e-15
1.367419606568169201e-05 3.386406761658867026e+01 3.802989832731161732e+04 4.386466224046965654e-15
1.437528709002991615e-05 3.550621196687207259e+01 3.801094830672754324e+04 5.343479907542041773e-15
1.511232381985586521e-05 3.722798756813189414e+01 3.799200772880464501e+04 6.509289269294573604e-15
1.588714923088939049e-05 3.903325591774640912e+01 3.797307658882907708e+04 7.929448135762485970e-15
1.670170079024660794e-05 4.092606576576048383e+01 3.795415488210228796e+04 9.659449002265903345e-15
1.755801530110687162e-05 4.291066219517198022e+01 3.793524260393239092e+04 1.176689139394264904e-14
1.845823399578163895e-05 4.499149614248559459e+01 3.791633974960396154e+04 1.433412330706424279e-14
1.940460788991057802e-05 4.717323438013774251e+01 3.789744631443408434e+04 1.746145894470819457e-14
2.039950341117315543e-05 4.946076998274198644e+01 3.787856229372066446e+04 2.127109847920705116e-14
2.144540831659045798e-05 5.185923330107175389e+01 3.785968768277684285e+04 2.591190300563317202e-14
2.254493791321357228e-05 5.437400346808163931e+01 3.784082247691810335e+04 3.156521126681929762e-14
2.370084159775344190e-05 5.701072046287233519e+01 3.782196667144936509e+04 3.845192543759176233e-14
2.491600973150475266e-05 5.977529775979159155e+01 3.780312026169506862e+04 4.684114284426394624e-14
2.619348086775470484e-05 6.267393559072579023e+01 3.778428324296481151e+04 5.706067090235304052e-14
2.753644934974891994e-05 6.571313485072332128e+01 3.776545561058770545e+04 6.950983614239608588e-14
2.894827329821342076e-05 6.889971167770985971e+01 3.774663735987801192e+04 8.467508783431505131e-14
3.043248300840562692e-05 7.224081273943933468e+01 3.772782848616949195e+04 1.031490059200043767e-13
3.199278977769132648e-05 7.574393126151646527e+01 3.770902898478537099e+04 1.256534559858273715e-13
3.363309518572123809e-05 7.941692383280560819e+01 3.769023885105120280e+04 1.530677960524740591e-13
3.535750085041236633e-05 8.326802802577518037e+01 3.767145808030557964e+04 1.864632373582078650e-13
3.717031868412924126e-05 8.730588087117455132e+01 3.765268666788299015e+04 2.271447017776872118e-13
3.907608167571078754e-05 9.153953822867372025e+01 3.763392460911811213e+04 2.767018114490743610e-13
4.107955522530357004e-05 9.597849509681273616e+01 3.761517189934581256e+04 3.370710030213114361e-13
4.318574906034433776e-05 1.006327069078925973e+02 3.759642853391396056e+04 4.106111936268133357e-13
4.539992976248807967e-05 1.055126118553412766e+02 3.757769450816421886e+04 5.001959552153327806e-13
4.772763393680535859e-05 1.106291543039348966e+02 3.755896981744267396e+04 6.093257989483190034e-13
5.017468205617894183e-05 1.159938093351660484e+02 3.754025445709776977e+04 7.422649571489850224e-13
5.274719301551768723e-05 1.216186084828847527e+02 3.752154842248022760e+04 9.042080075426428794e-13
5.545159943218107865e-05 1.275161667169160467e+02 3.750285170894311159e+04 1.101482850604425980e-12
5.829466373087315435e-05 1.336997107351756426e+02 3.748416431184180692e+04 1.341797971324019900e-12
6.128349505322671351e-05 1.401831086277336738e+02 3.746548622653398343e+04 1.634543647103794407e-12
6.442556703436033705e-05 1.469809009793534358e+02 3.744681744837966107e+04 1.991158871444006210e-12
6.772873649085907528e-05 1.541083334802609386e+02 3.742815797274113720e+04 2.425578330903027517e-12
7.120126306690828879e-05 1.615813911183072662e+02 3.740950779498516931e+04 2.954776900891022037e-12
7.485182988770643921e-05 1.694168340290854928e+02 3.739086691047444037e+04 3.599432936386643391e-12
7.868956527180084881e-05 1.776322350846716631e+02 3.737223531457819627e+04 4.384736275566760109e-12
8.272406555663884206e-05 1.862460193050396526e+02 3.735361300267223123e+04 5.341372528966613091e-12
8.696541909440986997e-05 1.952775051805352575e+02 3.733499997013040411e+04 6.506722115120704852e-12
9.142423147818073699e-05 2.047469479982486860e+02 3.731639621232462378e+04 7.926320894825755259e-12
9.611165206140254191e-05 2.146755852694906821e+02 3.729780172463548661e+04 9.655639478094705160e-12
1.010394018371016720e-04 2.250856843599571278e+02 3.727921650244375633e+04 1.176225072994471880e-11
1.062198027464676133e-04 2.360005924296909257e+02 3.726064054113251041e+04 1.432847016999292907e-11
1.116658084901241013e-04 2.474447887947221432e+02 3.724207383608711098e+04 1.745457243907451427e-11
1.173910369191279803e-04 2.594439398278447015e+02 3.722351638269522664e+04 2.126270951583730956e-11
1.234098040866900780e-04 2.720249565216546443e+02 3.720496817634683975e+04 2.590168378703906059e-11
1.297371600457651012e-04 2.852160548429442883e+02 3.718642921243421006e+04 3.155276247855693758e-11
1.363889264820232711e-04 2.990468190138207092e+02 3.716789948635188921e+04 3.843676064512867629e-11
1.433817362763056455e-04 3.135482678614794736e+02 3.714937899349779764e+04 4.682266948559632274e-11
1.507330750954898936e-04 3.287529243853249454e+02 3.713086772926792764e+04 5.703816713375869749e-11
1.584613251157653230e-04 3.446948886978472615e+02 3.711236568906792672e+04 6.948242263247690555e-11
1.665858109876483387e-04 3.614099145020967399e+02 3.709387286829837103e+04 8.464169340428257872e-11
1.751268481576742783e-04 3.789354892781996682e+02 3.707538926236634870e+04 1.031083256874809117e-10
1.841057936675958640e-04 3.973109183579841783e+02 3.705691486668015568e+04 1.256039003768056236e-10
1.935450995581117185e-04 4.165774130767425731e+02 3.703844967665251170e+04 1.530074286889891942e-10
2.034683690106629794e-04 4.367781831993649462e+02 3.701999368768999557e+04 1.863896993945087258e-10
2.139004153676812446e-04 4.579585338291628318e+02 3.700154689521512773e+04 2.270551197288472382e-10
2.248673241788693637e-04 4.801659670149253998e+02 3.698310929464118090e+04 2.765926849099101992e-10
2.363965184286629729e-04 5.034502882861146418e+02 3.696468088138893654e+04 3.369380678886894824e-10
2.485168271079757005e-04 5.278637183536576458e+02 3.694626165088094422e+04 4.104492554802844879e-10
2.612585573016925852e-04 5.534610102274496057e+02 3.692785159853994264e+04 4.999986863460217571e-10
2.746535699721688829e-04 5.802995720133421855e+02 3.690945071979408385e+04 6.090854911046684638e-10
2.887353596282311993e-04 6.084395956645383876e+02 3.689105901007223292e+04 7.419722203379640133e-10
3.035391380788964293e-04 6.379441919765990860e+02 3.687267646480449184e+04 9.038514031171228820e-10
3.191019224812350285e-04 6.688795321287042270e+02 3.685430307942480431e+04 1.101048444299810883e-09
3.354626279025451924e-04 7.013149960884442180e+02 3.683593884936885297e+04 1.341268788778913962e-09
3.526621646282911485e-04 7.353233282131751594e+02 3.681758377007513627e+04 1.633899010589454124e-09
3.707435404591257876e-04 7.709808003967091281e+02 3.679923783698285115e+04 1.990373591884993335e-09
3.897519682527942697e-04 8.083673831275873454e+02 3.678090104553503625e+04 2.424621723618013614e-09
4.097349789798286580e-04 8.475669248421079374e+02 3.676257339117660740e+04 2.953611586593072547e-09
4.307425405757319271e-04 8.886673399747065787e+02 3.674425486935448862e+04 3.598013380594168620e-09
4.528271828868440083e-04 9.317608061273116391e+02 3.672594547551812866e+04 4.383007009349985617e-09
4.760441290223192071e-04 9.769439707998186577e+02 3.670764520511873707e+04 5.339265981506236948e-09
5.004514334406633081e-04 1.024318168145526670e+03 3.668935405361055018e+04 6.504155973389136445e-09
5.261101271161193775e-04 1.073982050414270589e+03 3.667094233760749194e+04 7.923138850192410116e-09
5.530843701478924991e-04 1.126040137047339840e+03 3.665231624439396546e+04 9.651577161704560381e-09
5.814416121938181326e-04 1.180592119756681768e+03 3.663324247356006526e+04 1.175678208377128947e-08
6.112527611296385451e-04 1.237761635019630830e+03 3.661380465476948302e+04 1.432088238964023141e-08
6.425923603556274889e-04 1.297632005888736558e+03 3.659342475409579492e+04 1.744329323952144914e-08
6.755387751939181127e-04 1.360372462165654952e+03 3.657270889737054677e+04 2.124608610605647064e-08
7.101743888426273075e-04 1.426020789756578097e+03 3.655039482477144338e+04 2.587564204543666503e-08
7.465858083767621441e-04 1.494807159139391388e+03 3.652772794706854620e+04 3.151335334284395298e-08
7.848640813110194670e-04 1.566739333413222539e+03 3.650306899026646715e+04 3.837517498137063269e-08
8.251049232659968648e-04 1.642064808760178266e+03 3.647766946206062858e+04 4.672917226072938345e-08
8.674089573071004124e-04 1.720828170749707397e+03 3.645034315307596989e+04 5.689570376290817274e-08
9.118819655546198935e-04 1.803223290210672076e+03 3.642156076921855129e+04 6.926847828640441367e-08
9.586351536941296880e-04 1.889385473893901235e+03 3.639108594511019328e+04 8.432393859396177162e-08
1.007785429048626679e-03 1.979403588581880967e+03 3.635823874208804773e+04 1.026381550426747925e-07
1.059455692907732439e-03 2.073559747877359314e+03 3.632410046465195046e+04 1.249209302242787551e-07
1.113775147844932919e-03 2.171771569991558408e+03 3.628645935186158022e+04 1.520116845387528611e-07
1.170879620791311689e-03 2.274536797743045554e+03 3.624807408212410519e+04 1.849694340275415207e-07
1.230911902673626282e-03 2.381527697449668722e+03 3.620488750615747995e+04 2.250125852568886631e-07
1.294022105466001958e-03 2.493405436681208357e+03 3.616069475350902212e+04 2.737084763407216610e-07
1.360368037548055848e-03 2.609891650305067287e+03 3.611207841702645237e+04 3.328602961428126591e-07
1.430115598308045934e-03 2.731466955720241913e+03 3.606119814407494414e+04 4.047432740855503025e-07
1.503439192977754080e-03 2.858084526154076229e+03 3.600647794387404429e+04 4.920428558189078908e-07
1.580522168736409397e-03 2.989926462561138578e+03 3.594796349486945837e+04 5.980431785691760321e-07
1.661557273174137529e-03 3.127308957971634300e+03 3.588643885771970963e+04 7.267532712130101249e-07
1.746747136261333697e-03 3.269953481378573088e+03 3.581926644293437130e+04 8.828805576016789857e-07
1.836304777029133936e-03 3.418712107405317511e+03 3.575016875908360089e+04 1.072425374011237192e-06
1.930454136227949345e-03 3.572639078168906508e+03 3.567322181506497145e+04 1.302080597823094544e-06
2.029430636295988157e-03 3.733145420552591986e+03 3.559476638063146675e+04 1.580766789736093957e-06
2.133481770037976965e-03 3.898963899407950976e+03 3.550783809392117837e+04 1.918166411456891617e-06
2.242867719486086112e-03 4.071456752514030541e+03 3.541811696544626466e+04 2.327185842183584254e-06
2.357862006490532136e-03 4.249749104680753589e+03 3.532101142891036579e+04 2.822205952160128876e-06
2.478752176666675511e-03 4.434481856033032273e+03 3.521874351542313525e+04 3.421467877590426883e-06
2.605840518408833982e-03 4.625600063077515188e+03 3.511053019153985952e+04 4.146501599286646540e-06
2.739444818768723561e-03 4.822672193475485983e+03 3.499436763032706222e+04 5.022797533721786264e-06
2.879899158088616417e-03 5.026838275945126952e+03 3.487407249040951865e+04 6.082708646213340106e-06
3.027554745376210416e-03 5.236153441259215469e+03 3.474260050794225390e+04 7.361369857459315233e-06
3.182780796510085389e-03 5.453381154744659398e+03 3.460907544663662702e+04 8.907509601093932826e-06
3.345965457471714814e-03 5.674649939397270828e+03 3.446097334563610639e+04 1.076895827148198088e-05
3.517516774912597243e-03 5.903798886061770645e+03 3.431031539473656449e+04 1.301698323291454084e-05
3.697863716483424691e-03 6.137392337450365631e+03 3.414694123832556215e+04 1.572196589153010586e-05
3.887457243476651579e-03 6.377701083911540081e+03 3.397761373999661009e+04 1.898153349890132653e-05
4.086771438464619106e-03 6.623019844197734528e+03 3.379790288881881133e+04 2.290168114798886941e-05
4.296304690752923532e-03 6.873350622516107251e+03 3.360832790711145935e+04 2.761366033640423430e-05
4.516580942613284376e-03 7.129471717876122057e+03 3.341121450957074558e+04 3.327798354441421366e-05
4.748150999412126434e-03 7.388246351857756054e+03 3.319977973128480517e+04 4.006684928696237013e-05
4.991593906910903912e-03 7.653871916370773761e+03 3.298420677407686890e+04 4.822466139184076778e-05
5.247518399182111472e-03 7.919005249974973594e+03 3.274927541394835862e+04 5.796993319099496460e-05
5.516564420761540903e-03 8.191165635677369210e+03 3.251173639442432250e+04 6.966618829432267277e-05
5.799404726842954938e-03 8.461232218436791300e+03 3.225410898884430208e+04 8.360921154766194814e-05
6.096746565516493986e-03 8.736148902275428554e+03 3.199110097982070874e+04 1.002962541911102482e-04
6.409333446257287764e-03 9.009393784528334436e+03 3.171158055609365329e+04 1.201723150499156947e-04
6.737946999086424568e-03 9.283454132486651361e+03 3.142142179341170049e+04 1.438674766481874148e-04
7.083408929053131541e-03 9.556682276160945548e+03 3.111899331420461749e+04 1.720696796938280849e-04
7.446583070925409317e-03 9.825504139615701206e+03 3.079997173109185314e+04 2.055399364573714442e-04
7.828377549226901017e-03 1.009489690188109307e+04 3.047367077262343446e+04 2.453507755708431441e-04
8.229747049021221908e-03 1.035326223102900622e+04 3.012405038138238160e+04 2.923525819060370369e-04
8.651695203121895217e-03 1.061407653607699831e+04 2.977260232641635957e+04 3.482219207834047763e-04
9.095277101697147801e-03 1.085612327886169805e+04 2.939097566705345889e+04 4.138022335627439133e-04
9.561601930544914862e-03 1.109816527241416952e+04 2.900702203806884063e+04 4.914885722583180920e-04
1.005183574463506743e-02 1.132186292786270496e+04 2.859811631071267402e+04 5.825380548509971829e-04
1.056720438385422289e-02 1.153772420134972344e+04 2.817990270953294385e+04 6.897166883858966199e-04
1.110899653824396448e-02 1.173665516308616134e+04 2.774294212920665814e+04 8.151529375291309120e-04
1.167856697039719623e-02 1.191803443635451367e+04 2.728874684845697993e+04 9.617087368255012496e-04
1.227733990307029038e-02 1.208520324947415247e+04 2.682311334690866352e+04 1.133018644801974360e-03
1.290681258048182248e-02 1.222303825896407761e+04 2.633132550938177155e+04 1.331393527270091680e-03
1.356855901220299469e-02 1.235105772398708359e+04 2.583664648537891117e+04 1.563059800492722128e-03
1.426423390900143431e-02 1.243579195962985250e+04 2.530589618989776864e+04 1.828475151354452821e-03
1.499557682048000690e-02 1.251169869204304268e+04 2.477673452772355085e+04 2.137352059921023353e-03
1.576441648485692182e-02 1.253922768164112131e+04 2.421153107644109332e+04 2.488712604900783672e-03
1.657267540176381518e-02 1.255804255440779889e+04 2.365095958741759023e+04 2.895810122739406710e-03
1.742237463949622076e-02 1.255463671160452941e+04 2.308292267979604367e+04 3.363538894592112746e-03
1.831563888873704443e-02 1.251091264509543180e+04 2.249231455460450161e+04 3.894264699046956317e-03
1.925470177538994923e-02 1.242122047720848968e+04 2.187624199091751871e+04 4.492053489227440001e-03
2.024191144580758314e-02 1.228711679916056528e+04 2.123814138976147660e+04 5.162675250091171980e-03
2.127973643838054069e-02 1.213016430313226920e+04 2.059803477564186687e+04 5.921553759049373242e-03
2.237077185616915750e-02 1.189193203048409123e+04 1.990763114317745567e+04 6.744745756059641016e-03
2.351774585601286785e-02 1.164099755879376062e+04 1.922602072782089817e+04 7.670921451566230405e-03
2.472352647034336062e-02 1.134465164231600102e+04 1.852639077506481772e+04 8.685456998828092537e-03
2.599112877875953478e-02 1.104390461895240696e+04 1.784257342026926199e+04 9.823547044206312404e-03
2.732372244729698585e-02 1.070232738043906284e+04 1.714494971492065451e+04 1.106033003109802189e-02
2.872463965424410307e-02 1.034345259624519167e+04 1.645245815640012734e+04 1.241936969279767468e-02
3.019738342232343442e-02 9.951665112241315001e+03 1.575240387397733321e+04 1.388270041901409901e-02
3.174563637807315680e-02 9.545412807680195328e+03 1.505903872100955596e+04 1.547095369211648995e-02
3.337326996033158216e-02 9.133326457822375232e+03 1.437855735071462550e+04 1.719869618310743836e-02
3.508435410085083278e-02 8.759856829882603051e+03 1.374517452079106442e+04 1.916495147557584905e-02
3.688316740124613496e-02 8.408781730940851048e+03 1.314526134823299981e+04 2.137410643244094452e-02
3.877420783172848273e-02 8.010056942579247334e+03 1.252337593848346478e+04 2.365563790385880397e-02
4.076220397837305304e-02 7.622220414188785071e+03 1.192464060140023503e+04 2.615319403536977422e-02
4.285212686704739649e-02 7.228867805380033133e+03 1.133549838358103989e+04 2.881759196701587020e-02
4.504920239356542677e-02 6.873034641302971977e+03 1.078898713490894625e+04 3.183318623869818564e-02
4.735892439114896407e-02 6.576400665811776889e+03 1.030152384260280269e+04 3.538865151613681398e-02
4.978706836787243073e-02 6.307813184152841131e+03 9.847991881074905905e+03 3.943653451733858395e-02
5.233970594844135349e-02 6.067079943744804950e+03 9.427554685997001798e+03 4.407007723458680054e-02
5.502322005641668845e-02 5.865574617074984417e+03 9.048267144154073321e+03 4.950155369887813267e-02
5.784432087484844831e-02 5.686703176401382734e+03 8.696436767252642312e+03 5.575874613135569507e-02
6.081006262522850592e-02 5.500583419398262777e+03 8.348652256359546300e+03 6.266216074510276568e-02
6.392786120671870020e-02 5.317441275084370318e+03 8.012430515042831757e+03 7.037906382105200975e-02
6.720551273976151097e-02 5.086932473447780467e+03 7.649654884515805861e+03 7.822416358887281096e-02
7.065121306044198912e-02 4.856075593522722556e+03 7.295541063504933845e+03 8.675900577241189848e-02
7.427357821434696361e-02 4.594380783470658571e+03 6.926745180569145305e+03 9.536747559677785646e-02
7.808166600116696332e-02 4.310460964553997655e+03 6.549053028165993055e+03 1.039539961363700749e-01
8.208499862391337165e-02 3.987629367022696442e+03 6.148582044348821000e+03 1.117317061158244473e-01
8.629358649938589920e-02 3.657690067135859408e+03 5.748068857117586958e+03 1.190728421410559013e-01
9.071795328942874881e-02 3.332274468877569689e+03 5.355374227654199785e+03 1.260348807803619853e-01
9.536916221556676621e-02 3.042374727118553892e+03 4.994899158117552361e+03 1.336924451347424603e-01
1.002588437228218304e-01 2.779832454858918481e+03 4.660479626127123993e+03 1.419243633967372520e-01
1.053992245618834284e-01 2.590542141525648731e+03 4.391547301243658694e+03 1.536643657156089027e-01
1.108031583623540345e-01 2.423551944675321920e+03 4.146191254716074582e+03 1.670240502502435276e-01
1.164841577735182265e-01 2.311262217598853113e+03 3.952289111295870043e+03 1.850632013313633362e-01
1.224564282530043596e-01 2.200258619875422937e+03 3.764106410637691624e+03 2.046862898543601594e-01
1.287349035878279091e-01 2.085165395614904355e+03 3.576812809650817144e+03 2.253718679225532040e-01
1.353352832366376823e-01 1.943288840933426627e+03 3.370509588878396698e+03 2.440285977331662637e-01
1.422740715865399574e-01 1.776481820310981448e+03 3.145634093786898575e+03 2.591840711523767382e-01
1.495686192226629019e-01 1.599670373877964266e+03 2.913694413341101153e+03 2.711578700027752475e-01
1.572371663136570008e-01 1.428621753899223449e+03 2.687746535810987552e+03 2.813540320204339640e-01
1.652988882216175348e-01 1.306130304748768140e+03 2.508556373997903393e+03 2.988591539874360103e-01
1.737739434504778357e-01 1.200279427918012289e+03 2.347322298676254832e+03 3.190851490190952378e-01
1.826835240527691917e-01 1.132214455951296941e+03 2.225342292822443142e+03 3.497011792585241197e-01
1.920499086207905493e-01 1.061248163678668334e+03 2.103012629413439299e+03 3.808285729120107765e-01
2.018965179946938526e-01 9.684957364300148583e+02 1.961025280533622663e+03 4.037889769927457961e-01
2.122479738267836202e-01 8.768901278635462404e+02 1.821410589100871221e+03 4.247624321464190111e-01
2.231301601484726449e-01 7.835042717841095055e+02 1.680571065285095074e+03 4.409470678476252181e-01
2.345702880938428103e-01 7.138462439135258819e+02 1.565811462074426117e+03 4.667603333959251533e-01
2.465969639416541459e-01 6.606015687844140984e+02 1.470306441039407673e+03 5.018489683004480062e-01
2.592402606459418002e-01 6.042806254066622387e+02 1.372645293545042932e+03 5.333548851292564397e-01
2.725317930340656614e-01 5.504841981255943892e+02 1.278828627365574903e+03 5.645034966928124120e-01
2.865047968602461026e-01 4.955202067694481798e+02 1.184326744748108013e+03 5.903741333361618437e-01
3.011942119122611450e-01 4.463767824089252940e+02 1.097217136089708220e+03 6.178907894280922797e-01
3.166367693791155569e-01 4.085761349855329172e+02 1.024658652761849225e+03 6.570936831360317809e-01
3.328710836981453314e-01 3.720054271734887266e+02 9.543733042368953647e+02 6.951007298277975810e-01
3.499377491112247163e-01 3.342013010075036732e+02 8.829754806598326695e+02 7.255223192294940615e-01
3.678794411715154977e-01 3.016907367358059560e+02 8.188917473797737330e+02 7.609371523628601919e-01
3.867410234545784475e-01 2.738601192712055195e+02 7.615717643581776883e+02 8.025272326115803212e-01
4.065696597406806001e-01 2.471150470593128148e+02 7.061500005871714620e+02 8.413454465057098597e-01
4.274149319488126375e-01 2.222542509580722765e+02 6.536922520117601607e+02 8.791630082326142848e-01
4.493289641173122684e-01 2.003468736953163898e+02 6.058156875443286253e+02 9.207592113609167628e-01
4.723665527411103904e-01 1.806786105971344796e+02 5.615695257199993193e+02 9.647491772700976798e-01
4.965853037915104462e-01 1.625135865103584365e+02 5.198714041360747160e+02 1.008187995075874310e+00
5.220457767611225153e-01 1.461271306986982097e+02 4.811909505814407453e+02 1.053238863934425895e+00
5.488116360941387439e-01 1.312125772832992254e+02 4.450826722046917325e+02 1.098792426940522704e+00
5.769498103806052214e-01 1.177817387618737826e+02 4.116165851839004972e+02 1.145941176929474725e+00
6.065306597127584354e-01 1.056677343896690786e+02 3.805625194072501927e+02 1.194458133210526407e+00
6.376281516219051149e-01 9.473348565962390921e+01 3.517284556013238443e+02 1.244159974213317366e+00
6.703200460357783275e-01 8.488326222834170665e+01 3.249882867660633678e+02 1.295206283475566433e+00
7.046880897188601001e-01 7.599021426374608268e+01 3.001486835225736627e+02 1.347158581706235703e+00
7.408182206818726412e-01 6.800752043632283517e+01 2.771641207252566801e+02 1.400754950247200092e+00
7.788007830715680813e-01 6.079865579165399936e+01 2.558034861539136955e+02 1.454934274996842580e+00
8.187307530781540166e-01 5.434286162863673297e+01 2.360650280250580693e+02 1.510901227062880325e+00
8.607079764252394405e-01 4.852493252744666563e+01 2.177427993504900599e+02 1.567482432814204962e+00
9.048374180361511421e-01 4.331757003511462045e+01 2.008141475099515390e+02 1.625720943493323301e+00
9.512294245009160765e-01 3.864121121208734877e+01 1.851350122642515998e+02 1.684910425858568761e+00
1.000000000000213163e+00 3.445358944892030451e+01 1.706402040553259383e+02 1.745439231846998673e+00
1.051271096376248826e+00 3.070326205069623171e+01 1.572379290450581379e+02 1.807169759004943810e+00
1.105170918075884856e+00 2.734406062667268600e+01 1.448429930551949951e+02 1.869913907985819135e+00
1.161834242728533306e+00 2.434406134905864860e+01 1.334023358981897900e+02 1.934175196214528603e+00
1.221402758160433644e+00 2.165737428396896647e+01 1.228204683851821812e+02 1.999183920967678496e+00
1.284025416688019838e+00 1.926410679407045023e+01 1.130689131688457536e+02 2.066046051379762716e+00
1.349858807576296504e+00 1.712014058501423008e+01 1.040455171897158948e+02 2.133254248859512092e+00
1.419067548593566874e+00 1.521235971963078626e+01 9.573460155991179477e+01 2.202297832545963452e+00
1.491824697641596753e+00 1.350811200734153417e+01 8.805801641351003184e+01 2.272052123227688014e+00
1.568312185490513100e+00 1.199118917528977590e+01 8.098482162967079034e+01 2.343311716886292917e+00
1.648721270700491237e+00 1.063925717885025968e+01 7.446103818467123858e+01 2.415590365999757072e+00
1.733253017867778301e+00 9.435644596781157745e+00 6.844790367211142268e+01 2.489016229793756363e+00
1.822118800390913007e+00 8.365287262437295368e+00 6.290942634582013682e+01 2.563782539791442883e+00
1.915540829014322100e+00 7.412387190028126405e+00 5.780365159872475544e+01 2.639384096253855283e+00
2.013752707470925607e+00 6.566783835564513616e+00 5.310721381534100516e+01 2.716698177610821663e+00
2.117000016613148627e+00 5.813751413928802236e+00 4.877601518121966251e+01 2.794404688984351015e+00
2.225540928492967474e+00 5.146418290720010447e+00 4.479520825305674947e+01 2.873969119823251539e+00
2.339646851926517890e+00 4.552927964172307718e+00 4.112683979632104325e+01 2.954010038423976692e+00
2.459603111157505406e+00 4.027120794628300970e+00 3.775532465719405195e+01 3.035708150630256785e+00
2.585709659316432152e+00 3.560337335776627032e+00 3.465192661575949984e+01 3.118176404972339721e+00
2.718281828459663263e+00 3.146739218911053904e+00 3.179897483932187185e+01 3.201949348757466840e+00
2.857651118063815776e+00 2.780252308926574045e+00 2.917600189813155964e+01 3.286866666373621904e+00
3.004166023947120401e+00 2.455473366955628123e+00 2.676407377845916713e+01 3.372696618430702564e+00
3.158192909690492378e+00 2.168163210944452413e+00 2.454887083646246637e+01 3.460016681451460574e+00
3.320116922737311960e+00 1.913538488317764186e+00 2.251153281295705000e+01 3.547869163062567388e+00
3.490342957462647444e+00 1.688636328696611066e+00 2.064217526953714099e+01 3.637564429275305322e+00
3.669296667620093988e+00 1.489341064549797311e+00 1.892280047389180098e+01 3.727459235049357389e+00
3.857425530697870641e+00 1.313428312531984554e+00 1.734572456181681943e+01 3.819172587229489491e+00
4.055199966845619564e+00 1.157779135746064503e+00 1.589655618165109985e+01 3.911405137483037642e+00
4.263114515169814212e+00 1.020374715247865716e+00 1.456702833085672211e+01 4.005077677507260958e+00
4.481689070339116121e+00 8.989812645292156734e-01 1.334649942268051248e+01 4.099643270249033300e+00
4.711470182591849465e+00 7.918089309682114774e-01 1.222652894900216047e+01 4.195270765668110968e+00
4.953032424396282885e+00 6.972575453130782641e-01 1.119929087952258406e+01 4.292170790542976455e+00
5.206979827181080545e+00 6.137738443437482649e-01 1.025649642399086936e+01 4.389714967789001498e+00
5.473947391728498424e+00 5.402159430737343282e-01 9.392462586114273648e+00 4.488895691049790138e+00
5.754602676007100293e+00 4.752667270024443225e-01 8.599345764421682858e+00 4.588320007915931420e+00
6.049647464414390718e+00 4.180908790651101659e-01 7.872868248321601037e+00 4.689549824880180573e+00
6.359819522603354258e+00 3.676418607050291332e-01 7.206278556901717813e+00 4.791037707957302771e+00
6.685894442280875261e+00 3.232401779028817868e-01 6.595719340564611954e+00 4.894114694575354640e+00
7.028687580590986528e+00 2.841117192525972612e-01 6.035941247681601673e+00 4.997837441721888041e+00
7.389056098932435646e+00 2.497197889827884598e-01 5.523671469978799209e+00 5.103758422654717464e+00
7.767901106308653603e+00 2.194910268877919290e-01 5.054877981122988473e+00 5.211924225339492622e+00
8.166169912569634093e+00 1.929214784318823428e-01 4.625870952484452125e+00 5.322382425097454295e+00
8.584858397179985445e+00 1.695681931424486977e-01 4.233273710849402960e+00 5.435181605530969406e+00
9.025013499436326470e+00 1.490418400237740748e-01 3.873996160948649514e+00 5.550371379892171220e+00
9.487735836360851494e+00 1.310002168803655609e-01 3.545210463613902352e+00 5.668002412905008391e+00
9.974182454817173138e+00 1.151425453413952721e-01 3.244328778126509327e+00 5.788126443048992265e+00
1.048556972473016025e+01 1.012044564766120258e-01 2.968982893571407988e+00 5.910796305316520893e+00
1.102317638064432792e+01 8.895358340705313005e-02 2.717005588875554878e+00 6.036065954450478444e+00
1.158834671922626214e+01 7.818568743348135175e-02 2.486413574818919781e+00 6.163990488676810209e+00
1.218249396070650370e+01 6.872125309974959351e-02 2.275391883754726674e+00 6.294626173937424518e+00
1.280710378266622662e+01 6.040249542626267149e-02 2.082279584173382325e+00 6.428030468639713391e+00
1.346373803500505772e+01 5.309072941996252626e-02 1.905556707669347594e+00 6.564262048926868154e+00
1.415403864537935341e+01 4.666405800708296053e-02 1.743832285415758188e+00 6.703380834487586704e+00
1.487973172487657614e+01 4.101533984330017063e-02 1.595833399981952061e+00 6.845448014910173740e+00
1.564263188419211659e+01 3.605040312194976448e-02 1.460395166322297600e+00 6.990526076595672045e+00
1.644464677110120832e+01 3.168647560206276637e-02 1.336451563077713178e+00 7.138678830242166207e+00
1.728778184057202338e+01 2.785080468264808026e-02 1.223027042023713040e+00 7.289971438911599044e+00
1.817414536944768244e+01 2.447944451798036991e-02 1.119228849623722155e+00 7.444470446689861021e+00
1.910595372823652127e+01 2.151618995347047425e-02 1.024240000251551930e+00 7.602243807955352040e+00
2.008553692319280515e+01 1.891163950937584451e-02 9.373128457758879151e-01 7.763360917268703254e+00
2.111534442254602695e+01 1.662237179101070869e-02 8.577631908934760796e-01 7.927892639895038229e+00
2.219795128144734164e+01 1.461022159509825676e-02 7.849649078933976787e-01 8.095911342972323510e+00
2.333606458094873304e+01 1.284164364397712144e-02 7.183450084658445922e-01 8.267490927340572782e+00
2.453253019711569394e+01 1.128715334025007580e-02 6.573791337661775147e-01 8.442706860049186801e+00
2.579033991719975205e+01 9.920835218478788256e-03 6.015874272365372422e-01 8.621636207546766073e+00
2.711263892066493852e+01 8.719910899166368953e-03 5.505307577009319608e-01 8.804357669578978474e+00
2.850273364377471097e+01 7.664359342222115158e-03 5.038072630058143542e-01 8.990951613803318310e+00
2.996410004740484823e+01 6.736583069022901958e-03 4.610491870016565352e-01 9.181500111140417530e+00
3.150039230875619012e+01 5.921114788530522886e-03 4.219199849693893722e-01 9.376086971866872233e+00
3.311545195870102276e+01 5.204359536538755680e-03 3.861116747092976920e-01 9.574797782482672659e+00
3.481331748761120082e+01 4.574368029146976163e-03 3.533424124425837975e-01 9.777719943353554655e+00
3.659823444368765877e+01 4.020637451961752394e-03 3.233542744459743101e-01 9.984942707151843067e+00
3.847466604904231957e+01 3.533936363911477016e-03 2.959112269588344279e-01 1.019655721811402316e+01
4.044730436007814234e+01 3.106150796581366204e-03 2.707972683840703110e-01 1.041265655213058849e+01
4.252108200007410943e+01 2.730148983335027937e-03 2.478147291602346425e-01 1.063333575768316663e+01
4.470118449331276622e+01 2.399662463074366935e-03 2.267827159233312684e-01 1.085869189764848386e+01
4.699306323159186860e+01 2.109181576477181866e-03 2.075356877125247856e-01 1.108882409199387453e+01
4.940244910554343960e+01 1.853863612489718747e-03 1.899221530130758562e-01 1.132383356137206043e+01
5.193536683484541783e+01 1.629452073753319408e-03 1.738034773811255873e-01 1.156382367163918623e+01
5.459815003315897997e+01 1.432205715011395123e-03 1.590527922653354742e-01 1.180889997932670710e+01
5.739745704546173499e+01 1.258836171466062642e-03 1.455539964365855088e-01 1.205917027805725361e+01
6.034028759737834946e+01 1.106453137270669088e-03 1.332008421664087061e-01 1.231474464596755958e+01
6.343400029814058882e+01 9.725161802034982660e-04 1.218960989612608153e-01 1.257573549411943681e+01
6.668633104094334385e+01 8.547923892109056355e-04 1.115507882706148618e-01 1.284225761594036541e+01
7.010541234670704114e+01 7.513191487467892667e-04 1.020834831453538427e-01 1.311442823772154576e+01
7.369979369961600923e+01 6.603714193041591938e-04 9.341966733401284306e-02 1.339236707016909023e+01
7.747846292528217305e+01 5.804329786631569994e-04 8.549114877252876610e-02 1.367619636106228320e+01
8.145086866499057976e+01 5.101711444066126628e-04 7.823552285104369564e-02 1.396604094902487780e+01
8.562694400222423496e+01 4.484145562930776357e-04 7.159568123317207322e-02 1.426202831842467589e+01
9.001713130054676526e+01 3.941336480905893486e-04 6.551936236179636830e-02 1.456428865545900564e+01
9.463240831495036787e+01 3.464234833083258691e-04 5.995874011332887055e-02 1.487295490540532583e+01
9.948431564196151555e+01 3.044886686758692894e-04 5.487004736288223633e-02 1.518816283109683596e+01
1.045849855771433994e+02 2.676300938567893490e-04 5.021323149743191216e-02 1.551005107264018790e+01
1.099471724521542768e+02 2.352332763294008242e-04 4.595163916553229866e-02 1.583876120839312307e+01
1.155842845272200918e+02 2.067581171281429879e-04 4.205172778229090275e-02 1.617443781722936080e+01
1.215104175187690743e+02 1.817298966601686076e-04 3.848280151891317336e-02 1.651722854214053982e+01
1.277403898460648861e+02 1.597313604846054697e-04 3.521676969876327140e-02 1.686728415516699187e+01
1.342897796849734675e+02 1.403957631141901114e-04 3.222792569834876525e-02 1.722475862372036914e+01
1.411749639215168770e+02 1.234007538695778921e-04 2.949274461293660901e-02 1.758980917829087076e+01
1.484131591026187778e+02 1.084630028556945438e-04 2.698969809429953987e-02 1.796259638162014483e+01
1.560224644864394463e+02 9.533347746728794642e-05 2.469908490313346347e-02 1.834328419930427501e+01
1.640219072999485945e+02 8.379329067718874213e-05 2.260287584250938661e-02 1.873204007193607268e+01
1.724314903169036768e+02 7.365005189201324356e-05 2.068457185177253674e-02 1.912903498872501373e+01
1.812722418752032070e+02 6.473465953965343539e-05 1.892907414402678415e-02 1.953444356271674920e+01
1.905662684586848457e+02 5.689848191634765113e-05 1.732256536503554850e-02 1.994844410760761022e+01
2.003368099748494728e+02 5.001087929414139489e-05 1.585240083813707970e-02 2.037121871614765567e+01
2.106082978667353416e+02 4.395702597917673573e-05 1.450700903921368391e-02 2.080295334024417997e+01
2.214064162042512862e+02 3.863599601138801556e-05 1.327580051833859853e-02 2.124383787276487467e+01
2.327581659077297047e+02 3.395908059154856252e-05 1.214908455121858737e-02 2.169406623102683795e+01
2.446919322642916654e+02 2.984830918513151025e-05 1.111799286444370254e-02 2.215383644212391800e+01
2.572375559058498879e+02 2.623514964751529839e-05 1.017440983414916525e-02 2.262335073000300056e+01
2.704264074262317763e+02 2.305936570002772203e-05 9.310908608719007176e-03 2.310281560441098136e+01
2.842914658240042627e+02 2.026801270935288409e-05 8.520692652751531496e-03 2.359244195173845426e+01
2.988674009671481713e+02 1.781455502854715914e-05 7.797542252178399878e-03 2.409244512776791325e+01
3.141906602857868620e+02 1.565809018457196665e-05 7.135765559490008653e-03 2.460304505238676498e+01
3.302995599097462787e+02 1.376266697850744963e-05 6.530153793751930849e-03 2.512446630633273159e+01
3.472343804788374655e+02 1.209668613021061477e-05 5.975940242787406396e-03 2.565693822996147233e+01
3.650374678654371792e+02 1.063237347538551992e-05 5.468762744843352203e-03 2.620069502412524898e+01
3.837533390612260860e+02 9.345316932522612687e-06 5.004629354431923936e-03 2.675597585317078497e+01
4.034287934928555046e+02 8.214059520340253519e-06 4.579886922112316218e-03 2.732302495015355603e+01
4.241130300448911044e+02 7.219741640744975590e-06 4.191192340899406628e-03 2.790209172423979567e+01
4.458577700826506316e+02 6.345786663709947321e-06 3.835486232989807932e-03 2.849343087041084388e+01
4.687173867825576963e+02 5.577624572333575505e-06 3.509968869693404995e-03 2.909730248150430043e+01
4.927490410934046849e+02 4.902449060857976977e-06 3.212078135036194187e-03 2.971397216260314877e+01
5.180128246684984106e+02 4.309004036147172380e-06 2.939469359589238270e-03 3.034371114782479495e+01
5.445719101260938260e+02 3.787395963332110832e-06 2.689996865803856180e-03 3.098679641968378107e+01
5.724927090138447738e+02 3.328928927134022228e-06 2.461697079586691941e-03 3.164351083087519712e+01
6.018450378722650385e+02 2.925959659141709787e-06 2.252773075196022601e-03 3.231414322867244948e+01
6.327022928124463306e+02 2.571770114147880408e-06 2.061580431813527566e-03 3.299898858202629270e+01
6.651416330445650829e+02 2.260455471202593488e-06 1.886614290463709291e-03 3.369834811125710416e+01
6.992441738160994191e+02 1.986825692226675546e-06 1.726497509413607665e-03 3.441252942055277941e+01
7.350951892421985576e+02 1.746318997025405586e-06 1.579969824822224271e-03 3.514184663326401648e+01
7.727843255353874383e+02 1.534925812215763375e-06 1.445877931325115912e-03 3.588662053009170450e+01
8.124058251677936369e+02 1.349121926188651018e-06 1.323166404477668342e-03 3.664717869015043306e+01
8.540587625264155349e+02 1.185809735712818876e-06 1.210869393610233867e-03 3.742385563503291479e+01
8.978472916506958654e+02 1.042266604682578262e-06 1.108103019711187149e-03 3.821699297600676459e+01
9.438809066718714575e+02 9.160994740726952282e-07 1.014058418498962454e-03 3.902693956421883570e+01
9.922747156053346771e+02 8.052049663929120601e-07 9.279953739286804807e-04 3.985405164411365320e+01
1.043149728180628472e+03 7.077343195292641916e-07 8.492364920236699201e-04 4.069869301020672481e+01
1.096633158428801380e+03 6.220625653657389667e-07 7.771618691712750548e-04 4.156123516701180876e+01
1.152858742783748994e+03 5.467614393586854048e-07 7.112042129213184917e-04 4.244205749246710013e+01
1.211967074492957408e+03 4.805755694265506512e-07 6.508443768817468713e-04 4.334154740481915979e+01
1.274105955173854682e+03 4.224015471913540839e-07 5.956072745669698052e-04 4.426010053301052949e+01
1.339430764394840480e+03 3.712695326617062792e-07 5.450581400375660275e-04 4.519812089067573169e+01
1.408104848205140797e+03 3.263270856827567818e-07 4.987991058994469462e-04 4.615602105387236520e+01
1.480299927585014302e+03 2.868249546004208873e-07 4.564660717276036099e-04 4.713422234253201992e+01
1.556196527837648091e+03 2.521045852182268123e-07 4.177258382664814323e-04 4.813315500575635042e+01
1.635984429996447261e+03 2.215871418042958398e-07 3.822734848507306133e-04 4.915325841108829508e+01
1.719863145376471039e+03 1.947638571130879183e-07 3.498299694037566095e-04 5.019498123774096143e+01
1.808042414456641382e+03 1.711875505442180792e-07 3.201399321243204843e-04 5.125878167395482166e+01
1.900742731340188357e+03 1.504651730341841155e-07 2.929696855739371045e-04 5.234512761850206886e+01
1.998195895104759757e+03 1.322512543945565552e-07 2.681053753455401125e-04 5.345449688651473963e+01
2.100645589420852957e+03 1.162421438545387234e-07 2.453512968359334266e-04 5.458737741965279611e+01
2.208347991887921125e+03 1.021709477899205482e-07 2.245283548734796849e-04 5.574426750066388792e+01
2.321572414611807289e+03 8.980308024390790094e-08 2.054726540773417953e-04 5.692567597262005563e+01
2.440601977625289692e+03 7.893235206033316557e-08 1.880342088524734922e-04 5.813212246264428984e+01
2.565734316835632853e+03 6.937753343041992545e-08 1.720757628675345457e-04 5.936413761054452465e+01
2.697282328269386653e+03 6.097933254554429461e-08 1.574717087233591173e-04 6.062226330215715819e+01
2.835574950475434889e+03 5.359773998636825318e-08 1.441070993091621657e-04 6.190705290768751468e+01
2.980957987042702825e+03 4.710969457564026706e-08 1.318767430649119379e-04 6.321907152515895945e+01
3.133794971289250043e+03 4.140703178109869306e-08 1.206843760285517735e-04 6.455889622889439750e+01
3.294468075284922634e+03 3.639468046576371745e-08 1.104419041515801659e-04 6.592711632331757698e+01
3.463379065480592999e+03 3.198907792299836673e-08 1.010687099193677193e-04 6.732433360229751429e+01
3.640950307333554974e+03 2.811677677252978638e-08 9.249101781823983669e-05 6.875116261363466208e+01
3.827625821441170956e+03 2.471322049292039290e-08 8.464131365561884375e-05 7.020823092952430500e+01
4.023872393823642142e+03 2.172166717660181069e-08 7.745781316222071888e-05 7.169617942251147724e+01
4.230180743132199495e+03 1.909224356519364411e-08 7.088397569401251434e-05 7.321566254740255886e+01
4.447066747701334862e+03 1.678111359450150845e-08 6.486805920618067837e-05 7.476734862903344947e+01
4.675072735513344924e+03 1.474974758781164290e-08 5.936271299653517674e-05 7.635192015639312046e+01
4.914768840300775992e+03 1.296427991378884541e-08 5.432460501259522265e-05 7.797007408265665163e+01
5.166754427177720572e+03 1.139494440039884923e-08 4.971408078917150073e-05 7.962252213174427595e+01
5.431659591364801599e+03 1.001557809239206223e-08 4.549485133190113564e-05 8.130999111145311531e+01
5.710146733755425885e+03 8.803185079278838382e-09 4.163370749002397598e-05 8.303322323306193198e+01
6.002912217263044113e+03 7.737553122262809502e-09 3.810025857035022139e-05 8.479297643782328464e+01
6.310688108091153481e+03 6.800916688748782681e-09 3.486669313500477009e-05 8.659002473023534208e+01
6.634244006280128815e+03 5.977660776794285084e-09 3.190756010030805718e-05 8.842515851867179322e+01
6.974388970108182548e+03 5.254060591794530178e-09 2.919956841369514004e-05 9.029918496285785068e+01
7.331973539158482708e+03 4.618052735512732116e-09 2.672140373208085868e-05 9.221292832890742375e+01
7.707891861111141225e+03 4.059034092846760704e-09 2.445356065872432262e-05 9.416723035196596925e+01
8.103083927578147268e+03 3.567685063489602478e-09 2.237818921810856671e-05 9.616295060637841630e+01
8.518537924572025076e+03 3.135814191527077983e-09 2.047895436048458032e-05 9.820096688367320326e+01
8.955292703485578386e+03 2.756221602746143178e-09 1.874090739028549872e-05 1.002821755788633453e+02
9.414440378761499232e+03 2.422578972941330476e-09 1.715036830635071924e-05 1.024074920844996655e+02
9.897129058747319505e+03 2.129324026156452145e-09 1.569481812796214839e-05 1.045778511934245643e+02
1.040456571656430970e+04 1.871567803984194935e-09 1.436280035913673068e-05 1.067942075098127503e+02
1.093801920816896018e+04 1.645013159990370277e-09 1.314383081565704083e-05 1.090575358692082375e+02
1.149882344515380282e+04 1.445883120440621345e-09 1.202831510504819506e-05 1.113688317670976460e+02
1.208838073022117533e+04 1.270857917019260176e-09 1.100747311004412040e-05 1.137291117969152481e+02
1.270816526367042752e+04 1.117019641780139398e-09 1.007326988112346107e-05 1.161394140971541304e+02
1.335972682966652428e+04 9.818036016562854239e-10 9.218352394190302480e-06 1.186007988079545044e+02
1.404469467150771925e+04 8.629555615416923571e-10 8.435991675625219342e-06 1.211143485373659701e+02
1.476478156558243427e+04 7.584941631292449951e-10 7.720029839178303951e-06 1.236811688374842504e+02
1.552178810420236550e+04 6.666778929768438644e-10 7.064831617842143366e-06 1.263023886908854081e+02
1.631760719802116000e+04 5.859760491104893215e-10 6.465240009197056420e-06 1.289791610069386536e+02
1.715422880929701932e+04 5.150432221443753526e-10 5.916535685148309305e-06 1.317126631292135812e+02
1.803374492783486858e+04 4.526968654769097844e-10 5.414399846538849182e-06 1.345040973530332167e+02
1.895835480205053682e+04 3.978975806328954443e-10 4.954880230299002051e-06 1.373546914544277229e+02
1.993037043823734348e+04 3.497317890787536519e-10 4.534360001562790935e-06 1.402656992301964181e+02
2.095222238178608313e+04 3.073965016264245072e-10 4.149529285903066792e-06 1.432384010491165611e+02
2.202646579481454319e+04 2.701859315135485012e-10 3.797359117633089879e-06 1.462741044154431052e+02
2.315578684540369068e+04 2.374797279787986258e-10 3.475077599105608212e-06 1.493741445439138431e+02
2.434300942441707230e+04 2.087326341713797202e-10 3.180148083368883576e-06 1.525398849467516698e+02
2.559110220669883711e+04 1.834653969791171401e-10 2.910249208465930685e-06 1.557727180337267612e+02
2.690318607430719567e+04 1.612567772276035161e-10 2.663256626214831673e-06 1.590740657244193699e+02
2.828254192034512744e+04 1.417365270509224389e-10 2.437226281668465355e-06 1.624453800737038591e+02
2.973261885290210193e+04 1.245792173565379839e-10 2.230379111643168206e-06 1.658881439102703723e+02
3.125704281962085952e+04 1.094988124803421233e-10 2.041087041884399522e-06 1.694038714890039046e+02
3.285962567445517197e+04 9.624390158348783233e-11 1.867860172650266651e-06 1.729941091570636615e+02
3.454437470929026313e+04 8.459350729189794114e-11 1.709335051851398210e-06 1.766604360336701518e+02
3.631550267425979837e+04 7.435340170345010853e-11 1.564263943452526044e-06 1.804044647050465642e+02
3.817743831181556016e+04 6.535286834482804903e-11 1.431505006660550095e-06 1.842278419335025319e+02
4.013483743089039490e+04 5.744185609599604470e-11 1.310013308605451684e-06 1.881322493818172745e+02
4.219259454884566367e+04 5.048847763409211807e-11 1.198832599773055048e-06 1.921194043526908501e+02
4.435585513031406299e+04 4.437681069270081955e-11 1.097087787458351026e-06 1.961910605445448255e+02
4.663002845354139572e+04 3.900496547999716506e-11 1.003978047992664729e-06 2.003490088222602026e+02
4.902080113639969204e+04 3.428338603760906538e-11 9.187705235388258271e-07 2.045950780053428559e+02
5.153415135589398415e+04 3.013335722105639580e-11 8.407945538366746862e-07 2.089311356720896526e+02
5.417636379671867326e+04 2.648569241135311063e-11 7.694363975005548542e-07 2.133590889810598412e+02
5.695404536624281900e+04 2.327958008006568001e-11 7.041344013196769272e-07 2.178808855099184711e+02
5.987414171521994285e+04 2.046156997851006541e-11 6.443745795395159742e-07 2.224985141120518790e+02
6.294395460553275188e+04 1.798468204948309172e-11 5.896865683291885812e-07 2.272140057913294129e+02
6.617116016840114025e+04 1.580762320587834557e-11 5.396399235928120674e-07 2.320294345954264372e+02
6.956382809870861820e+04 1.389409891881883645e-11 4.938407329852717835e-07 2.369469185280643728e+02
7.313044183344273188e+04 1.221220813854768347e-11 4.519285154658985718e-07 2.419686204805855141e+02
7.687991976470644295e+04 1.073391146058745208e-11 4.135733839867869844e-07 2.470967491833270344e+02
8.082163754034375597e+04 9.434563670758024191e-12 3.784734489832164040e-07 2.523335601768177696e+02
8.496545150794286747e+04 8.292502875997837606e-12 3.463524422303254558e-07 2.576813568044826752e+02
8.932172336083906703e+04 7.288689371142033014e-12 3.169575423617549385e-07 2.631424912249335080e+02
9.390134604774527543e+04 6.406388221192665672e-12 2.900573849373814299e-07 2.687193654471615218e+02
9.871577101079767453e+04 5.630890267203931181e-12 2.654402413957638103e-07 2.744144323867487287e+02
1.037770368201258680e+05 4.949266904619294610e-12 2.429123525589675815e-07 2.802301969448045043e+02
1.090977992765488161e+05 4.350154545867785524e-12 2.222964035726417329e-07 2.861692171097213873e+02
1.146913630576689611e+05 3.823565173920261189e-12 2.034301282778143165e-07 2.922341050823280852e+02
1.205717149864963576e+05 3.360719828471327804e-12 1.861650320294089939e-07 2.984275284245728699e+02
1.267535590057915979e+05 2.953902248748741347e-12 1.703652229092682846e-07 3.047522112332173378e+02
1.332523529455816897e+05 2.596330232958380034e-12 1.559063421337881821e-07 3.112109353377206276e+02
1.400843471757866791e+05 2.282042569766532177e-12 1.426745852378740646e-07 3.178065415238641549e+02
1.472666252406089625e+05 2.005799656807416132e-12 1.305658063309011140e-07 3.245419307832303275e+02
1.548171465762921434e+05 1.762996149392756998e-12 1.194846983743885666e-07 3.314200655891722249e+02
1.627547914190663723e+05 1.549584183158947604e-12 1.093440430294450226e-07 3.384439711998945199e+02
1.710994080155731353e+05 1.362005890666799399e-12 1.000640241695295511e-07 3.456167369887529048e+02
1.798718622538203781e+05 1.197134086919613354e-12 9.157159965544594865e-08 3.529415178035506528e+02
1.890940898387710622e+05 1.052220134938797208e-12 8.379992642761103639e-08 3.604215353538498903e+02
1.987891511430313694e+05 9.248481222512931328e-13 7.668783439075134488e-08 3.680600796280718896e+02
2.089812888697938761e+05 8.128945843459892083e-13 7.017934494993675632e-08 3.758605103404672150e+02
2.196959886722229712e+05 7.144931036362503190e-13 6.422323040847104358e-08 3.838262584093515670e+02
2.309600428808625729e+05 6.280031937402242597e-13 5.877261075948344416e-08 3.919608274648805946e+02
2.428016174984180834e+05 5.519829503474044706e-13 5.378458469803988618e-08 4.002677953917880131e+02
2.552503226294341730e+05 4.851650127121193107e-13 4.921989194896965835e-08 4.087508159017714888e+02
2.683372865209793090e+05 4.264354350289326601e-13 4.504260425304607157e-08 4.174136201410454987e+02
2.820952333994774381e+05 3.748151154424177218e-13 4.121984257909355990e-08 4.262600183313736011e+02
2.965585652983192704e+05 3.294434730889126336e-13 3.772151833628385624e-08 4.352939014459278724e+02
3.117634480808650260e+05 2.895641010443281694e-13 3.452009654972465233e-08 4.445192429207805844e+02
3.277479018739408348e+05 2.545121559927280238e-13 3.159037913529465892e-08 4.539401004021751191e+02
3.445518961379595567e+05 2.237032743853489846e-13 2.890930656796266237e-08 4.635606175318227429e+02
3.622174496113909991e+05 1.966238303059936207e-13 2.645577638245884464e-08 4.733850257690446028e+02
3.807887353794944938e+05 1.728223726292144328e-13 2.421047707779703103e-08 4.834176462520035784e+02
4.003121913300411543e+05 1.519020987166366150e-13 2.215573611829838684e-08 4.936628916981978819e+02
4.208366362722213962e+05 1.335142391780179153e-13 2.027538083476913103e-08 5.041252683459093760e+02
4.424133920090965694e+05 1.173522434113183425e-13 1.855461113094788380e-08 5.148093779351876265e+02
4.650964116688389913e+05 1.031466689878989190e-13 1.697988299338280617e-08 5.257199197325359137e+02
4.889424146156553179e+05 9.066068968114041918e-14 1.553880188780014717e-08 5.368616925979489451e+02
5.140110282777408138e+05 7.968614725138946513e-14 1.422002520290617405e-08 5.482395970952917423e+02
5.403649372469085502e+05 7.004008116529531576e-14 1.301317297378136833e-08 5.598586376477331896e+02
5.680700400227193022e+05 6.156167839520957509e-14 1.190874618217859831e-08 5.717239247394884387e+02
5.971956137930564582e+05 5.410959244736295640e-14 1.089805199064587874e-08 5.838406771623577924e+02
6.278144876631795196e+05 4.755958692392552959e-14 9.973135322050601409e-09 5.962142243124094421e+02
6.600032247664229944e+05 4.180246433338600446e-14 9.126716245923312459e-09 6.088500085335437007e+02
6.938423137119094608e+05 3.674224561997086837e-14 8.352132678818871007e-09 6.217535875106673302e+02
7.294163698479967425e+05 3.229457006248041345e-14 7.643287947707287933e-09 6.349306367156885926e+02
7.668143468447235646e+05 2.838528886631531631e-14 6.994602803629757742e-09 6.483869519017288212e+02
8.061297591243179049e+05 2.494922900245126567e-14 6.400971507979360283e-09 6.621284516545697443e+02
8.474609156959623797e+05 2.192910668438351791e-14 5.857721645708337196e-09 6.761611799935259342e+02
8.909111659795242595e+05 1.927457236966442006e-14 5.360577349208008575e-09 6.904913090319126923e+02
9.365891582329371013e+05 1.694137136458599945e-14 4.905625643360557890e-09 7.051251416912157310e+02
9.846091112294379855e+05 1.489060603825058569e-14 4.489285646878269764e-09 7.200691144707845979e+02
1.035091099863994634e+06 1.308808734635790151e-14 4.108280387551027245e-09 7.353298002849278419e+02
1.088161355403086869e+06 1.150376485319378434e-14 3.759611009483783213e-09 7.509139113451348067e+02
1.143952581128624268e+06 1.011122575023035606e-14 3.440533169418625377e-09 7.668283021223013520e+02
1.202604284165272489e+06 8.887254518558524897e-15 3.148535436246374240e-09 7.830799723521184887e+02
1.264263124320930336e+06 7.811445894768134357e-15 2.881319523793105009e-09 7.996760701220844112e+02
1.329083280812643003e+06 6.865864687398073106e-15 2.636782201215691988e-09 8.166238950092161986e+02
1.397226837794951163e+06 6.034746772964450422e-15 2.412998738679816033e-09 8.339309012934576231e+02
1.468864189654704416e+06 5.304236286605715587e-15 2.208207757996547998e-09 8.516047012371541314e+02
1.544174467085782439e+06 4.662154625969678269e-15 2.020797368979503515e-09 8.696530684305237173e+02
1.623345985009134281e+06 4.097797417386441617e-15 1.849292482415867022e-09 8.880839412138836906e+02
1.706576713458170416e+06 3.601756059396878265e-15 1.692343199776676493e-09 9.069054261660896827e+02
1.794074772606963990e+06 3.165760868597534914e-15 1.548714188298041740e-09 9.261258016728552320e+02
1.886058953179090517e+06 2.782543212776810367e-15 1.417274957794177702e-09 9.457535215671857713e+02
1.982759263538399944e+06 2.445714332930572968e-15 1.296990962675006170e-09 9.657972188442087145e+02
2.084417504829733167e+06 2.149658833992016137e-15 1.186915459142742183e-09 9.862657094660555686e+02
2.191287875607731752e+06 1.889441068539909180e-15 1.086182053455362443e-09 1.007167996229871164e+03
2.303637607465630397e+06 1.660722852870390482e-15 9.939978826298383092e-10 1.028513272735468036e+03
2.421747633253435604e+06 1.459691143571754562e-15 9.096373738913509850e-10 1.050310927425988211e+03
2.545913289556382690e+06 1.282994468906244308e-15 8.324365337582165538e-10 1.072570547713936776e+03
2.676445055190230254e+06 1.127687055234465758e-15 7.617877218165341096e-10 1.095301924206646163e+03
2.813669327560023405e+06 9.911797169521421332e-16 6.971348680361797876e-10 1.118515055001416613e+03
2.957929238823618274e+06 8.711966912614741204e-16 6.379690960012596571e-10 1.142220150094865858e+03
3.109585513900805730e+06 7.657376981015759733e-16 5.838247175885975893e-10 1.166427635861643239e+03
