# [1] m:            [M_sun/h] 
# [2] sigma 
# [3] ln(1/sigma) 
# [4] n_eff 
# [5] f(sigma) 
# [6] dn/dm:        [h^4/(Mpc^3*M_sun)] 
# [7] dn/dlnm:      [h^3/Mpc^3] 
# [8] dn/dlog10m:   [h^3/Mpc^3] 
# [9] n(>m):        [h^3/Mpc^3] 
# [11] rho(>m):     [M_sun*h^2/Mpc^3] 
# [11] rho(<m):     [M_sun*h^2/Mpc^3] 
# [12] Lbox(N=1):   [Mpc/h]
1.000000000000000000e+07 6.673947566853841273e+00 -1.898211523968360348e+00 -2.516550227174258580e+00 nan nan nan nan nan nan nan nan
1.122018454301963001e+07 6.612248325738855570e+00 -1.888923736080345916e+00 -2.515342399793555561e+00 nan nan nan nan nan nan nan nan
1.258925411794166267e+07 6.550967303764923422e+00 -1.879612718707658559e+00 -2.514138023199294913e+00 nan nan nan nan nan nan nan nan
1.412537544622752629e+07 6.490099440079300841e+00 -1.870277852644734562e+00 -2.512906992283254759e+00 nan nan nan nan nan nan nan nan
1.584893192461110838e+07 6.429641507474712192e+00 -1.860918783580912672e+00 -2.511612097271144872e+00 nan nan nan nan nan nan nan nan
1.778279410038919002e+07 6.369589996296363132e+00 -1.851535102723929960e+00 -2.510295397754528146e+00 nan nan nan nan nan nan nan nan
1.995262314968874678e+07 6.309940185051813977e+00 -1.842126197118622244e+00 -2.508972549403060803e+00 nan nan nan nan nan nan nan nan
2.238721138568333164e+07 6.250686927086384514e+00 -1.832691366042653147e+00 -2.507638659562521521e+00 nan nan nan nan nan nan nan nan
2.511886431509571895e+07 6.191826544127229326e+00 -1.823230122995707969e+00 -2.506239823006903400e+00 nan nan nan nan nan nan nan nan
2.818382931264443323e+07 6.133355982595316114e+00 -1.813742068754465642e+00 -2.504801537836156555e+00 nan nan nan nan nan nan nan nan
3.162277660168366507e+07 6.075270837533841117e+00 -1.804226570542947661e+00 -2.503349711651649212e+00 nan nan nan nan nan nan nan nan
3.548133892335738987e+07 6.017566113957765417e+00 -1.794682877562430612e+00 -2.501896268605507956e+00 nan nan nan nan nan nan nan nan
3.981071705534952879e+07 5.960237602016868586e+00 -1.785110346392838832e+00 -2.500384892548342730e+00 nan nan nan nan nan nan nan nan
4.466835921509607136e+07 5.903282448882985811e+00 -1.775508543476211676e+00 -2.498815086066697777e+00 nan nan nan nan nan nan nan nan
5.011872336272694170e+07 5.846696674910880631e+00 -1.765876830801675013e+00 -2.497224789290392710e+00 nan nan nan nan nan nan nan nan
5.623413251903456450e+07 5.790475541803498771e+00 -1.756214419784570602e+00 -2.495630999701516473e+00 nan nan nan nan nan nan nan nan
6.309573444801890850e+07 5.734614416385404034e+00 -1.746520514909629007e+00 -2.493993974527421997e+00 nan nan nan nan nan nan nan nan
7.079457843841329217e+07 5.679110340804488288e+00 -1.736794590325223764e+00 -2.492282848832468201e+00 nan nan nan nan nan nan nan nan
7.943282347242756188e+07 5.623959846635567139e+00 -1.727036014837706857e+00 -2.490542715304446819e+00 nan nan nan nan nan nan nan nan
8.912509381337386370e+07 5.569158447373076193e+00 -1.717243955876892825e+00 -2.488788457390606279e+00 nan nan nan nan nan nan nan nan
9.999999999999918044e+07 5.514701340781282823e+00 -1.707417497255637517e+00 -2.487007148044447113e+00 nan nan nan nan nan nan nan nan
1.122018454301956147e+08 5.460585211098311298e+00 -1.697555965533122269e+00 -2.485146141448008272e+00 nan nan nan nan nan nan nan nan
1.258925411794155836e+08 5.406807059648431668e+00 -1.687658726324773095e+00 -2.483238619650345758e+00 nan nan nan nan nan nan nan nan
1.412537544622738063e+08 5.353362665143265531e+00 -1.677724899002979608e+00 -2.481307318002476947e+00 nan nan nan nan nan nan nan nan
1.584893192461097836e+08 5.300247309499305004e+00 -1.667753481639111079e+00 -2.479360342419893559e+00 nan nan nan nan nan nan nan nan
1.778279410038908124e+08 5.247457205082303844e+00 -1.657743617383027335e+00 -2.477336878204255299e+00 nan nan nan nan nan nan nan nan
1.995262314968858361e+08 5.194989626917369208e+00 -1.647694627805668777e+00 -2.475245501263973580e+00 nan nan nan nan nan nan nan nan
2.238721138568310440e+08 5.142840721576492413e+00 -1.637605596368905791e+00 -2.473121908664224655e+00 nan nan nan nan nan nan nan nan
2.511886431509551406e+08 5.091006001646411150e+00 -1.627475453793283622e+00 -2.470983215579895642e+00 nan nan nan nan nan nan nan nan
2.818382931264426112e+08 5.039481259669656765e+00 -1.617303152117451237e+00 -2.468780066576241161e+00 nan nan nan nan nan nan nan nan
3.162277660168340802e+08 4.988263787376267189e+00 -1.607087910817267762e+00 -2.466489122950556556e+00 nan nan nan nan nan nan nan nan
3.548133892335702181e+08 4.937350206536516239e+00 -1.596828791850381402e+00 -2.464156857633553521e+00 nan nan nan nan nan nan nan nan
3.981071705534920692e+08 4.886736298103243392e+00 -1.586524656959662272e+00 -2.461799081137826750e+00 nan nan nan nan nan nan nan nan
4.466835921509580016e+08 4.836417653038618703e+00 -1.576174292348225370e+00 -2.459392892679898246e+00 nan nan nan nan nan nan nan nan
5.011872336272653341e+08 4.786391338994150146e+00 -1.565776753588903558e+00 -2.456887986117341605e+00 nan nan nan nan nan nan nan nan
5.623413251903399229e+08 4.736654487957128623e+00 -1.555331082281463662e+00 -2.454325158166575704e+00 nan nan nan nan nan nan nan nan
6.309573444801839590e+08 4.687203162198950501e+00 -1.544836063893834321e+00 -2.451724537077194288e+00 nan nan nan nan nan nan nan nan
7.079457843841286898e+08 4.638033024807006299e+00 -1.534290359292466821e+00 -2.449088544926806499e+00 nan nan nan nan nan nan nan nan
7.943282347242691517e+08 4.589140798332244309e+00 -1.523692816644407477e+00 -2.446353218449344613e+00 nan nan nan nan nan nan nan nan
8.912509381337294579e+08 4.540524011209332578e+00 -1.513042426363987447e+00 -2.443536538233947120e+00 nan nan nan nan nan nan nan nan
9.999999999999836683e+08 4.492179117083134443e+00 -1.502337910765802809e+00 -2.440672090010719053e+00 nan nan nan nan nan nan nan nan
1.122018454301946878e+09 4.444102056294918057e+00 -1.491577836476545738e+00 -2.437776290488367081e+00 nan nan nan nan nan nan nan nan
1.258925411794145584e+09 4.396289237855373955e+00 -1.480760830067418876e+00 -2.434790255507943701e+00 nan nan nan nan nan nan nan nan
1.412537544622726679e+09 4.348738405056285394e+00 -1.469885781209988362e+00 -2.431699739634265445e+00 nan nan nan nan nan nan nan nan
1.584893192461085081e+09 4.301446552024690284e+00 -1.458951373574820964e+00 -2.428551684105720199e+00 nan nan nan nan nan nan nan nan
1.778279410038893700e+09 4.254410007541314265e+00 -1.447956093784153131e+00 -2.425364292075170791e+00 nan nan nan nan nan nan nan nan
1.995262314968842030e+09 4.207625076308950440e+00 -1.436898373630635328e+00 -2.422103082342701441e+00 nan nan nan nan nan nan nan nan
2.238721138568292141e+09 4.161089531172352807e+00 -1.425776946513459098e+00 -2.418721628947059887e+00 nan nan nan nan nan nan nan nan
2.511886431509531021e+09 4.114801032550551518e+00 -1.414590481210487249e+00 -2.415268783975238698e+00 nan nan nan nan nan nan nan nan
2.818382931264402866e+09 4.068756362084263500e+00 -1.403337390619421754e+00 -2.411763404868371818e+00 nan nan nan nan nan nan nan nan
3.162277660168314457e+09 4.022952035363188017e+00 -1.392015970292347582e+00 -2.408200845559352654e+00 nan nan nan nan nan nan nan nan
3.548133892335673332e+09 3.977385767757668500e+00 -1.380624761209009010e+00 -2.404515159027930782e+00 nan nan nan nan nan nan nan nan
3.981071705534887791e+09 3.932055892051790735e+00 -1.369162416846098074e+00 -2.400735314111417829e+00 nan nan nan nan nan nan nan nan
4.466835921509543419e+09 3.886959789468285908e+00 -1.357627306940911494e+00 -2.396893609163798011e+00 nan nan nan nan nan nan nan nan
5.011872336272612572e+09 3.842094476815789861e+00 -1.346017654573900435e+00 -2.393005622236410446e+00 nan nan nan nan nan nan nan nan
5.623413251903352737e+09 3.797457666155457545e+00 -1.334331807606155884e+00 -2.389003256490064953e+00 nan nan nan nan nan nan nan nan
6.309573444801788330e+09 3.753048283454511136e+00 -1.322568385365759713e+00 -2.384883949870414632e+00 nan nan nan nan nan nan nan nan
7.079457843841228485e+09 3.708864521116703727e+00 -1.310725770775537091e+00 -2.380695752303505941e+00 nan nan nan nan nan nan nan nan
7.943282347242626190e+09 3.664904100861520853e+00 -1.298802168792050349e+00 -2.376460770003620215e+00 nan nan nan nan nan nan nan nan
8.912509381337221146e+09 3.621164944647332629e+00 -1.286795781982246867e+00 -2.372132164722160041e+00 nan nan nan nan nan nan nan nan
9.999999999999753952e+09 3.577646457617189579e+00 -1.274705170147809596e+00 -2.367670236376776316e+00 nan nan nan nan nan nan nan nan
1.122018454301937675e+10 3.534347838479170889e+00 -1.262528795335555065e+00 -2.363132621183107851e+00 nan nan nan nan nan nan nan nan
1.258925411794135284e+10 3.491267630538000155e+00 -1.250264888185873557e+00 -2.358539932925511007e+00 nan nan nan nan nan nan nan nan
1.412537544622714996e+10 3.448404280714235437e+00 -1.237911596715301599e+00 -2.353879430416150775e+00 nan nan nan nan nan nan nan nan
1.584893192461071968e+10 3.405757581207228046e+00 -1.225467405663824616e+00 -2.349084562968152490e+00 nan nan nan nan nan nan nan nan
1.778279410038879013e+10 3.363327798570346694e+00 -1.212930900077722862e+00 -2.344198131045772016e+00 nan nan nan nan nan nan nan nan
1.995262314968825912e+10 3.321114397170849220e+00 -1.200300388405027174e+00 -2.339252573105730537e+00 nan nan nan nan nan nan nan nan
2.238721138568273544e+10 3.279116611062350195e+00 -1.187574060225695227e+00 -2.334262196304972115e+00 nan nan nan nan nan nan nan nan
2.511886431509510422e+10 3.237334572296676427e+00 -1.174750328360041562e+00 -2.329150235953750148e+00 nan nan nan nan nan nan nan nan
2.818382931264379883e+10 3.195769479708046035e+00 -1.161827897551772626e+00 -2.323927944852839822e+00 nan nan nan nan nan nan nan nan
3.162277660168288803e+10 3.154421800419258570e+00 -1.148805214671797081e+00 -2.318645717949016305e+00 nan nan nan nan nan nan nan nan
3.548133892335644531e+10 3.113291633816182458e+00 -1.135680569633751302e+00 -2.313329578074905246e+00 nan nan nan nan nan nan nan nan
3.981071705534854889e+10 3.072379424695459882e+00 -1.122452318301667473e+00 -2.307917959249551121e+00 nan nan nan nan nan nan nan nan
4.466835921509506989e+10 3.031686992397247593e+00 -1.109119227753579517e+00 -2.302379321482272978e+00 nan nan nan nan nan nan nan nan
5.011872336272570801e+10 2.991215759616714820e+00 -1.095679913327196164e+00 -2.296778839495748237e+00 nan nan nan nan nan nan nan nan
5.623413251903306580e+10 2.950966545555125276e+00 -1.082132759249685217e+00 -2.291140540696054995e+00 nan nan nan nan nan nan nan nan
6.309573444801736450e+10 2.910940074385761633e+00 -1.068476078631209081e+00 -2.285437710880715123e+00 nan nan nan nan nan nan nan nan
7.079457843841171265e+10 2.871138346533776087e+00 -1.054708587555015731e+00 -2.279601117877980254e+00 nan nan nan nan nan nan nan nan
7.943282347242561340e+10 2.831563500863934824e+00 -1.040829032901191775e+00 -2.273687113431928086e+00 nan nan nan nan nan nan nan nan
8.912509381337149048e+10 2.792216801037000096e+00 -1.026835832686676442e+00 -2.267726202384666045e+00 nan nan nan nan nan nan nan nan
9.999999999999673462e+10 2.753099167079758214e+00 -1.012727246971850459e+00 -2.261725081120246728e+00 nan nan nan nan nan nan nan nan
1.122018454301928558e+11 2.714212367998481312e+00 -9.985018074296688750e-01 -2.255593631012833722e+00 nan nan nan nan nan nan nan nan
1.258925411794125061e+11 2.675558861263702237e+00 -9.841582786257855320e-01 -2.249355331468927410e+00 nan nan nan nan nan nan nan nan
1.412537544622703552e+11 2.637140166147800002e+00 -9.696950595982112286e-01 -2.243059948819849936e+00 nan nan nan nan nan nan nan nan
1.584893192461058960e+11 2.598957306096501441e+00 -9.551103284742166188e-01 -2.236733014820138532e+00 nan nan nan nan nan nan nan nan
1.778279410038864746e+11 2.561011617968762089e+00 -9.404023437040768263e-01 -2.230290746707652261e+00 nan nan nan nan nan nan nan nan
1.995262314968809509e+11 2.523305545589522136e+00 -9.255697664047023432e-01 -2.223709109537081563e+00 nan nan nan nan nan nan nan nan
2.238721138568255310e+11 2.485840864147268903e+00 -9.106109782267673980e-01 -2.217058612600819600e+00 nan nan nan nan nan nan nan nan
2.511886431509489746e+11 2.448618709222170065e+00 -8.955240734118614654e-01 -2.210367488129703073e+00 nan nan nan nan nan nan nan nan
2.818382931264356689e+11 2.411640118557960566e+00 -8.803070631548686187e-01 -2.203587700070419597e+00 nan nan nan nan nan nan nan nan
3.162277660168262939e+11 2.374907353266900500e+00 -8.649584275749491180e-01 -2.196646877119079022e+00 nan nan nan nan nan nan nan nan
3.548133892335615234e+11 2.338422567604789393e+00 -8.494765856427691775e-01 -2.189618851929832744e+00 nan nan nan nan nan nan nan nan
3.981071705534822998e+11 2.302187081002549984e+00 -8.338595758952722647e-01 -2.182534719285749603e+00 nan nan nan nan nan nan nan nan
4.466835921509470215e+11 2.266201899094880456e+00 -8.181052579724858997e-01 -2.175390861059331549e+00 nan nan nan nan nan nan nan nan
5.011872336272529907e+11 2.230468991524694466e+00 -8.022118734607182056e-01 -2.168083013186024033e+00 nan nan nan nan nan nan nan nan
5.623413251903260498e+11 2.194990831638556017e+00 -7.861778695883684387e-01 -2.160653874420851661e+00 nan nan nan nan nan nan nan nan
6.309573444801684570e+11 2.159768951213886901e+00 -7.700012489440849484e-01 -2.153156423124531038e+00 nan nan nan nan nan nan nan nan
7.079457843841113281e+11 2.124804431310620245e+00 -7.536797658167319058e-01 -2.145617597101035834e+00 nan nan nan nan nan nan nan nan
7.943282347242496338e+11 2.090098824418213042e+00 -7.372113492694754022e-01 -2.137927307122040155e+00 nan nan nan nan nan nan nan nan
8.912509381337076416e+11 2.055654681436521525e+00 -7.205943769868998761e-01 -2.130076097392648471e+00 nan nan nan nan nan nan nan nan
9.999999999999591064e+11 2.021473778097525820e+00 -7.038268385070266531e-01 -2.122143729161189096e+00 nan nan nan nan nan nan nan nan
1.122018454301919434e+12 1.987557308800799394e+00 -6.869064017473947015e-01 -2.114167429106951879e+00 nan nan nan nan nan nan nan nan
1.258925411794114746e+12 1.953906476618884502e+00 -6.698306899464253616e-01 -2.106070294898441553e+00 nan nan nan nan nan nan nan nan
1.412537544622691895e+12 1.920523706533063590e+00 -6.525979126657066587e-01 -2.097778818425379832e+00 nan nan nan nan nan nan nan nan
1.584893192461046143e+12 1.887411113301724841e+00 -6.352061087416890350e-01 -2.089389579554077336e+00 nan nan nan nan nan nan nan nan
1.778279410038850098e+12 1.854570018051117763e+00 -6.176528729916489491e-01 -2.080937708464377423e+00 nan nan nan nan nan nan nan nan
1.995262314968793213e+12 1.822001450514369569e+00 -5.999355949485196682e-01 -2.072402498683441507e+00 nan nan nan nan nan nan nan nan
2.238721138568236816e+12 1.789707502259650918e+00 -5.820521999415031456e-01 -2.063660272901824744e+00 nan nan nan nan nan nan nan nan
2.511886431509469238e+12 1.757690569192436936e+00 -5.640007707972986006e-01 -2.054781232514899525e+00 nan nan nan nan nan nan nan nan
2.818382931264333984e+12 1.725952092611663602e+00 -5.457788359676007950e-01 -2.045823342253474841e+00 nan nan nan nan nan nan nan nan
3.162277660168236816e+12 1.694493083103357556e+00 -5.273836300875363037e-01 -2.036813197005148623e+00 nan nan nan nan nan nan nan nan
3.548133892335586426e+12 1.663315185313430034e+00 -5.088127104025877978e-01 -2.027604615284055001e+00 nan nan nan nan nan nan nan nan
3.981071705534790039e+12 1.632420916191407390e+00 -4.900641376207016120e-01 -2.018209338461781410e+00 nan nan nan nan nan nan nan nan
4.466835921509433594e+12 1.601811907719555839e+00 -4.711354308413288061e-01 -2.008720913128554830e+00 nan nan nan nan nan nan nan nan
5.011872336272489258e+12 1.571489230723353447e+00 -4.520237243674502525e-01 -1.999188199087267970e+00 2.816562342289130605e-01 1.593888914630848545e-16 7.988367758329733117e-04 1.839389651768430761e-03 7.703157265701257193e-04 1.450009150634185219e+10 7.071912057365814209e+10 1.090880248635842520e+01
5.623413251903214844e+12 1.541454083165661570e+00 -4.327261807876509048e-01 -1.989491417212964297e+00 2.802759170756564111e-01 1.272073053321714223e-16 7.153392465438313062e-04 1.647129485525418479e-03 6.831527481377825404e-04 1.403805960914616203e+10 7.118115247085383606e+10 1.135430946202105496e+01
6.309573444801632812e+12 1.511708872985669139e+00 -4.132407148966561472e-01 -1.979558570845339371e+00 2.787026580364602157e-01 1.014648124859883855e-16 6.401996864433694189e-04 1.474114254543964792e-03 6.051216546360506853e-04 1.357397156085671997e+10 7.164524051914328003e+10 1.182276621218816004e+01
7.079457843841054688e+12 1.482255498792064419e+00 -3.935649133586641701e-01 -1.969516194940995835e+00 2.769238023965921447e-01 8.087005177633277723e-17 5.725161223797913240e-04 1.318267088890462402e-03 5.353121210501924666e-04 1.310813034991180420e+10 7.211108173008819580e+10 1.231584764037651247e+01
7.943282347242431641e+12 1.453095098295330789e+00 -3.736958320646723841e-01 -1.959411712572997288e+00 2.749262897237115255e-01 6.439934770660225483e-17 5.115422018117810748e-04 1.177869448329158962e-03 4.729087076197041714e-04 1.264091120293701363e+10 7.257830087706298828e+10 1.283534548981171852e+01
8.912509381337003906e+12 1.424228560445768288e+00 -3.536303060411023491e-01 -1.949194155697850928e+00 2.726967256920417304e-01 5.123758679261535916e-17 4.566554729662533315e-04 1.051488084686240387e-03 4.171747692943211447e-04 1.217272252755204582e+10 7.304648955244795227e+10 1.338322117155037638e+01
9.999999999999509766e+12 1.395657949784378404e+00 -3.333659526730453071e-01 -1.938713675582305562e+00 2.702215753399301867e-01 4.073229248355402344e-17 4.073229248355202873e-04 9.378956947610032902e-04 3.674401748081417766e-04 1.170396366838356781e+10 7.351524841161642456e+10 1.396168344575084852e+01
1.122018454301910156e+13 1.367385430173893246e+00 -3.129004713098067492e-01 -1.928082679461801785e+00 2.674872050896999753e-01 3.234823321780153717e-17 3.629531463443538505e-04 8.357305042277956078e-04 3.230995198334233546e-04 1.123506348255168724e+10 7.398414859744831848e+10 1.457318783068370216e+01
1.258925411794104297e+13 1.339412184492664970e+00 -2.922308494306832261e-01 -1.917368336701742004e+00 2.644798842747699275e-01 2.566017623954086271e-17 3.230424793907327326e-04 7.438327974489374397e-04 2.836104372915063945e-04 1.076652971770145607e+10 7.445268236229853821e+10 1.522039523718584952e+01
1.412537544622680273e+13 1.311738957968611619e+00 -2.713537057627947724e-01 -1.906591035569184855e+00 2.611859356595618298e-01 2.032912478242757637e-17 2.871565200449832590e-04 6.612023224116243651e-04 2.484845592949935528e-04 1.029892893874334908e+10 7.492028314125665283e+10 1.590621558283327808e+01
1.584893192461033008e+13 1.284367300264201539e+00 -2.502662237563771930e-01 -1.895553040075119045e+00 2.575920363813547498e-01 1.608657398168845757e-17 2.549550159359881122e-04 5.870556190782656031e-04 2.172781107577473770e-04 9.832830548925548553e+09 7.538638153107444763e+10 1.663392253153070044e+01
1.778279410038835547e+13 1.257299491689771953e+00 -2.289661603297712678e-01 -1.884299753622015627e+00 2.536854408469347844e-01 1.271245230720653478e-17 2.260629218900607007e-04 5.205291140227311878e-04 1.895884924302234167e-04 9.368813883909185410e+09 7.585039819609082031e+10 1.740721695875932440e+01
1.995262314968776953e+13 1.230536809328605319e+00 -2.074505045247613533e-01 -1.872946808604439184e+00 2.494539600046883632e-01 1.003046529976851759e-17 2.001340941423011919e-04 4.608257817719297374e-04 1.650546200353577555e-04 8.907535253427217484e+09 7.631167682657278442e+10 1.823017222723865416e+01
2.238721138568218750e+13 1.204079961196175663e+00 -1.857157576350210726e-01 -1.861558836631590275e+00 2.448862138930573418e-01 7.900620318188439366e-18 1.768728571413002483e-04 4.072648042088234050e-04 1.433523553858396995e-04 8.449730092849058151e+09 7.676948198715093994e+10 1.910725893079986548e+01
2.511886431509448438e+13 1.177929925401925093e+00 -1.637585973835639086e-01 -1.849948359728847525e+00 2.399720237947042534e-01 6.212468790056520310e-18 1.560501605991889481e-04 3.593187735550192660e-04 1.241877659417442968e-04 7.996150023334921837e+09 7.722306205666508484e+10 2.004350775820097752e+01
2.818382931264310938e+13 1.152088872988506374e+00 -1.415767059894583180e-01 -1.838051122357082345e+00 2.347029299033493444e-01 4.876315489794669161e-18 1.374332434389706253e-04 3.164517376243955200e-04 1.072935031622595153e-04 7.547537491392687798e+09 7.767167458860731506e+10 2.104467346719888710e+01
3.162277660168211328e+13 1.126558256971703864e+00 -1.191671945744723071e-01 -1.826037387333925288e+00 2.290721881987054231e-01 3.819556112986749392e-18 1.207849696785692664e-04 2.781176706396114241e-04 9.242926795565986349e-05 7.104695623229905128e+09 7.811451645677009583e+10 2.211720086710483812e+01
3.548133892335557031e+13 1.101338772082807393e+00 -9.652650531027535952e-02 -1.813979761978739891e+00 2.230750686593201970e-01 2.984897341820835166e-18 1.059081542365681818e-04 2.438625371716361017e-04 7.937976276037913680e-05 6.668510065737098694e+09 7.855070201426290894e+10 2.326823284501543299e+01
3.981071705534757812e+13 1.076430918479619248e+00 -7.365086342651949725e-02 -1.801770937089204105e+00 2.167093302320792503e-01 2.327039328105579797e-18 9.264110426787736867e-05 2.133140256857215188e-04 6.795034868894559473e-05 6.239891224421923637e+09 7.897932085557807922e+10 2.450583114808835106e+01
4.466835921509397656e+13 1.051836494976559511e+00 -5.053767921002389613e-02 -1.789223965040033004e+00 2.099760401043359315e-01 1.809755151853414877e-18 8.083879321435528400e-05 1.861382001910027171e-04 5.796404304202784391e-05 5.819724416664584160e+09 7.939948766333541870e+10 2.583928209271229193e+01
5.011872336272448438e+13 1.027557168462988058e+00 -2.718430424729490966e-02 -1.776520700025950861e+00 2.028796962873770371e-01 1.403529276454151991e-18 7.034309553809050088e-05 1.619709631810631691e-04 4.926131395772650372e-05 5.408917769508385658e+09 7.981029431049160767e+10 2.727918154656184058e+01
5.623413251903168750e+13 1.003593583350848695e+00 -3.587141857614981489e-03 -1.763746827428858577e+00 1.954283761191918101e-01 1.085128841185721765e-18 6.102127905546117010e-05 1.405066875085346804e-04 4.169937269048682447e-05 5.008441529967628479e+09 8.021077055003237915e+10 2.883744811337366087e+01
6.309573444801581250e+13 9.799459297069876840e-01 2.025788260802764001e-02 -1.750904028663016865e+00 1.876342767753240437e-01 8.361693596859918837e-19 5.275871987231476538e-05 1.214814419034407176e-04 3.514966945518766754e-05 4.619285717870975494e+09 8.059992636212902832e+10 3.052761797285663548e+01
7.079457843840996875e+13 9.566153990256458517e-01 4.435385020123118471e-02 -1.737713851655964037e+00 1.795146227805302641e-01 6.421609780766329341e-19 4.546151573253225255e-05 1.046790084306430568e-04 2.949565819683577070e-05 4.242394041073496819e+09 8.097681803892649841e+10 3.236537445686992243e+01
7.943282347242367188e+13 9.336037575706741531e-01 6.870317319925912936e-02 -1.724282501759127006e+00 1.710919964006473448e-01 4.913268188567359726e-19 3.902747646951459069e-05 8.986408553588019646e-05 2.463208084767285979e-05 3.878672433171497345e+09 8.134053964682850647e+10 3.436895279116551194e+01
8.912509381336929688e+13 9.109116259562639595e-01 9.330939415960570749e-02 -1.710761900874457009e+00 1.623940581664317095e-01 3.743600788286222515e-19 3.336487714558128068e-05 7.682546874499318937e-05 2.046484199065117118e-05 3.529041554370611191e+09 8.169017052562939453e+10 3.655924357225000421e+01
9.999999999999428125e+13 8.885390139521571751e-01 1.181767224446817893e-01 -1.697239123690341023e+00 1.534539378618930694e-01 2.839415895792628317e-19 2.839415895792465934e-05 6.537996714462066786e-05 1.690970609341095078e-05 3.194414708780241013e+09 8.202479737121975708e+10 3.896021219647570888e+01
1.122018454301901094e+14 8.664863893881755708e-01 1.433088775226336598e-01 -1.683410212991329091e+00 1.443108144598052034e-01 2.143559898642764330e-19 2.405113764178694238e-05 5.537979100352658776e-05 1.389071213970737832e-05 2.875621922165361881e+09 8.234359015783464050e+10 4.159985621336082318e+01
1.258925411794094062e+14 8.447553937886166375e-01 1.687081683372531338e-01 -1.669235342046607284e+00 1.350103098806713919e-01 1.610105956510916156e-19 2.027003304332628854e-05 4.667347592005984322e-05 1.133938046661780665e-05 2.573382991180716515e+09 8.264582908881929016e+10 4.451129443857067258e+01
1.412537544622668750e+14 8.233467098706863663e-01 1.943778913537001773e-01 -1.654953806705779851e+00 1.256034910324845544e-01 1.202611006237874498e-19 1.698733197887444265e-05 3.911477738429734117e-05 9.194674134008952939e-06 2.288359199937224865e+09 8.293085288006277466e+10 4.773327354637918063e+01
1.584893192461020000e+14 8.022602254465538429e-01 2.203222531132205952e-01 -1.640686732752005605e+00 1.161465765059742777e-01 8.927137685594277249e-20 1.414855974606059571e-05 3.257826275861475118e-05 7.402348130436211956e-06 2.021148803754203081e+09 8.319806327624580383e+10 5.131096289766778540e+01
1.778279410038820938e+14 7.814957172692547083e-01 2.465456092773304908e-01 -1.626216701292570344e+00 1.067006991062219023e-01 6.583726198881449833e-20 1.170770474080403373e-05 2.695798640935108775e-05 5.913941901237118075e-06 1.772219056163736105e+09 8.344699302383625793e+10 5.529777394209396135e+01
1.995262314968760312e+14 7.610544017484749402e-01 2.730504364896316760e-01 -1.611303941987402899e+00 9.733186508280831928e-02 4.822236570053916426e-20 9.621626902092791496e-06 2.215461467510934307e-05 4.686126874125650334e-06 1.541861306334356785e+09 8.367735077366564941e+10 5.975789888783384640e+01
2.238721138568200312e+14 7.409370946700295502e-01 2.998395497727119885e-01 -1.596250815653814881e+00 8.810909323819975103e-02 3.505068523801507265e-20 7.846870996364471951e-06 1.806808818287616958e-05 3.680559302676047839e-06 1.330227109553317547e+09 8.388898497044668579e+10 6.476823468153516217e+01
2.511886431509428125e+14 7.211435159722889843e-01 3.269171102260851058e-01 -1.581181112892473095e+00 7.910278257403878521e-02 2.526416715025599065e-20 6.346071866811424013e-06 1.461237047958888125e-05 2.863547836114450325e-06 1.137342044332355738e+09 8.408187003566764832e+10 7.042040511805774372e+01
2.818382931264288125e+14 7.016728931714825146e-01 3.542879476945401396e-01 -1.566048468212745348e+00 7.038344797503655326e-02 1.804642889801236206e-20 5.086174717643264117e-06 1.171135008520857964e-05 2.205454821994536757e-06 9.630628335271601677e+08 8.425614924647283936e+10 7.682465371997999171e+01
3.162277660168185625e+14 6.825257149677766977e-01 3.819550750243414505e-01 -1.550435545895939793e+00 6.202072629265373976e-02 1.276911042305729992e-20 4.037947263105482648e-06 9.297717174322791316e-06 1.680228140506271203e-06 8.070402522943270206e+08 8.441217182770567322e+10 8.411573587867113133e+01
3.548133892335528125e+14 6.637028512599736363e-01 4.099207428322931279e-01 -1.534568350628639832e+00 5.408095148416383613e-02 8.941207110964958736e-21 3.172459998880619987e-06 7.304859101542422866e-06 1.265163733609655375e-06 6.687387986247284412e+08 8.455047328137527466e+10 9.245940378276112881e+01
3.981071705534725000e+14 6.452038434032346670e-01 4.381889758312269012e-01 -1.518661426522896818e+00 4.662431459291717373e-02 6.189464215492014440e-21 2.464070086071494195e-06 5.673731048280778254e-06 9.406989798640866337e-07 5.474734278796256781e+08 8.467173865212037659e+10 1.020586397365458424e+02
4.466835921509360625e+14 6.270275501937111473e-01 4.667647996116481846e-01 -1.502831321351033811e+00 3.970308732174282484e-02 4.231372662997595407e-21 1.890084740837038207e-06 4.352080948746879072e-06 6.900536799384040521e-07 4.424045237388704419e+08 8.477680755626112366e+10 1.131633271818299846e+02
5.011872336272406875e+14 6.091735393242901919e-01 4.956520940254569574e-01 -1.486558252633941812e+00 3.336014652431988636e-02 2.854827838798496201e-21 1.430803267009452484e-06 3.294546273623144779e-06 4.988879993791602003e-07 3.525248316275728941e+08 8.486668724837242126e+10 1.260856459131971263e+02
5.623413251903122500e+14 5.916425362425167256e-01 5.248526503878777616e-01 -1.469866629655211199e+00 2.762720021018434322e-02 1.898682841869160828e-21 1.067707825412811957e-06 2.458488122468630034e-06 3.550621394768707957e-07 2.766824815853813291e+08 8.494252959841461182e+10 1.412207601301968793e+02
6.309573444801530000e+14 5.744340238398328857e-01 5.543700292979247823e-01 -1.453118979493738028e+00 2.252246183818431072e-02 1.242965386335959986e-21 7.842581394432847753e-07 1.805821100941353268e-06 2.484544088916249771e-07 2.136348427051376700e+08 8.500557723729486084e+10 1.590685897306340451e+02
7.079457843840938750e+14 5.575466135766269371e-01 5.842091673464944179e-01 -1.436524089988151065e+00 1.804996357959650147e-02 7.997491516610549167e-22 5.661790404831992257e-07 1.303675418582286963e-06 1.707169959035367030e-07 1.620766526239724457e+08 8.505713542737602234e+10 1.802634782579187060e+02
7.943282347242301250e+14 5.409789543876336593e-01 6.143749022090898571e-01 -1.419639123659870883e+00 1.419956770865915541e-02 5.051468587883903336e-22 4.012524126178720324e-07 9.239178238218081158e-07 1.150271648434362875e-07 1.206560143535457104e+08 8.509855606564645386e+10 2.056205555245906282e+02
8.912509381336857500e+14 5.247313340111458002e-01 6.448688921172172073e-01 -1.402153911322771451e+00 1.094764822066096252e-02 3.127822085276261935e-22 2.787674367817729935e-07 6.418857443458705573e-07 7.588207563924569178e-08 8.800663220730872452e+07 8.513120544779269409e+10 2.362038285755963898e+02
9.999999999999345000e+14 5.088032904245805010e-01 6.756937999476930745e-01 -1.384585400650694798e+00 8.257618997139557979e-03 1.894633048179258139e-22 1.894633048179134086e-07 4.362553813431144025e-07 4.892854749702201805e-08 6.279821587816005200e+07 8.515641386412184143e+10 2.734088441356370254e+02
1.122018454301891875e+15 4.931931577227530727e-01 7.068543810186095344e-01 -1.367146843007085222e+00 6.081893254255883383e-03 1.120397646168969665e-22 1.257106835157985375e-07 2.894595458935700390e-07 3.078567431610553964e-08 4.377235753792279959e+07 8.517543972246208191e+10 3.190683867253709423e+02
1.258925411794083750e+15 4.778987639585275393e-01 7.383563598032786279e-01 -1.349659008130709825e+00 4.364650364793318249e-03 6.455195666100773561e-23 8.126609862157300561e-08 1.871221072518179890e-07 1.887113298747125783e-08 2.976356433306822926e+07 8.518944851566693115e+10 3.756072861641314944e+02
1.412537544622657250e+15 4.629195247138389591e-01 7.702020527161739238e-01 -1.331453939423273836e+00 3.045025361508648352e-03 3.616724084277522859e-23 5.108758557583000834e-08 1.176335129839638134e-07 1.125224248157697879e-08 1.972020109498164803e+07 8.519949187890501404e+10 4.462589841713517558e+02
1.584893192461007250e+15 4.482549888922310877e-01 8.023930368494461840e-01 -1.313013510781518622e+00 2.060045284924043926e-03 1.965054662882115020e-23 3.114401758015623800e-08 7.171175061601224839e-08 6.518610891577744166e-09 1.272477062081976980e+07 8.520648730937918091e+10 5.353218629813355847e+02
1.778279410038806500e+15 4.339031616969820093e-01 8.349338995093302795e-01 -1.294658655596879981e+00 1.347720922287644211e-03 1.032280101483790228e-23 1.835682449861393862e-08 4.226815044521635912e-08 3.669113365047128570e-09 8.004269445621682331e+06 8.521120781055438232e+10 6.483551375432065242e+02
1.995262314968744250e+15 4.198612799335514900e-01 8.678309081336115227e-01 -1.276531140176443424e+00 8.500100918628838379e-04 5.226534083856777731e-24 1.042830649541911933e-08 2.401206308152504557e-08 2.012108026878651439e-09 4.927395790412539616e+06 8.521428468420959473e+10 7.921052689209682285e+02
2.238721138568182000e+15 4.061276795954998353e-01 9.010876870571141728e-01 -1.257698235884421090e+00 5.151051141949316908e-04 2.543346328312623068e-24 5.693843187893240669e-09 1.311055844628867198e-08 1.084042488683341298e-09 2.995864567828625906e+06 8.521621621543217468e+10 9.734595240282945952e+02
2.511886431509407500e+15 3.927018238764817260e-01 9.347046729564968404e-01 -1.238348556894109054e+00 nan nan nan nan nan nan nan nan
2.818382931264265000e+15 3.795815796742786352e-01 9.686857390447433103e-01 -1.219064463592562486e+00 nan nan nan nan nan nan nan nan
3.162277660168159500e+15 3.667638325764273621e-01 1.003037146033824989e+00 -1.200212542507897995e+00 nan nan nan nan nan nan nan nan
3.548133892335499000e+15 3.542457202902574709e-01 1.037764481528056892e+00 -1.180853150146676800e+00 nan nan nan nan nan nan nan nan
3.981071705534692500e+15 3.420262264367734395e-01 1.072867859372071964e+00 -1.160592159376024002e+00 nan nan nan nan nan nan nan nan
4.466835921509324000e+15 3.301031605811315384e-01 1.108350065551644725e+00 -1.140354580692280129e+00 nan nan nan nan nan nan nan nan
5.011872336272366000e+15 3.184730654191538224e-01 1.144217374518736507e+00 -1.120562392132197216e+00 nan nan nan nan nan nan nan nan
5.623413251903077000e+15 3.071320783097359342e-01 1.180477401406824667e+00 -1.100692777246160992e+00 nan nan nan nan nan nan nan nan
6.309573444801478000e+15 2.960785033474972461e-01 1.217130645809280765e+00 -1.079628647861075930e+00 nan nan nan nan nan nan nan nan
7.079457843840881000e+15 2.853105176325057557e-01 1.254177156273922122e+00 -1.058434841628525191e+00 nan nan nan nan nan nan nan nan
7.943282347242237000e+15 2.748245653655388976e-01 1.291622329013815795e+00 -1.037633830875996255e+00 nan nan nan nan nan nan nan nan
8.912509381336785000e+15 2.646162323041014175e-01 1.329474682606559099e+00 -1.017336633709896798e+00 nan nan nan nan nan nan nan nan
