# [1] m:            [M_sun/h] 
# [2] sigma 
# [3] ln(1/sigma) 
# [4] n_eff 
# [5] f(sigma) 
# [6] dn/dm:        [h^4/(Mpc^3*M_sun)] 
# [7] dn/dlnm:      [h^3/Mpc^3] 
# [8] dn/dlog10m:   [h^3/Mpc^3] 
# [9] n(>m):        [h^3/Mpc^3] 
# [11] rho(>m):     [M_sun*h^2/Mpc^3] 
# [11] rho(<m):     [M_sun*h^2/Mpc^3] 
# [12] Lbox(N=1):   [Mpc/h]
1.000000000000000000e+07 4.990116029541386666e+00 -1.607459161906197531e+00 -2.516550227174258580e+00 2.288117994151541712e-01 1.571144180301671975e-05 1.571144180301672009e+02 3.617693168506979191e+02 1.649736356525303336e+02 4.265436459169161224e+10 4.256484748830838776e+10 1.823315475982859590e-01
1.122018454301963001e+07 4.943983456725329795e+00 -1.598171374018183322e+00 -2.515342399793555561e+00 2.293226985339100465e-01 1.253915686117850060e-05 1.406916539962935531e+02 3.239545052005417460e+02 1.478305401012494258e+02 4.247305152918161774e+10 4.274616055081838226e+10 1.891234051903123436e-01
1.258925411794166267e+07 4.898163586701545391e+00 -1.588860356645495964e+00 -2.514138023199294913e+00 2.298396329637212576e-01 1.000746538003622389e-05 1.259865247457796613e+02 2.900946937977577136e+02 1.324793101262920061e+02 4.229087890042214203e+10 4.292833317957785797e+10 1.961630990555934539e-01
1.412537544622752629e+07 4.852652635466315090e+00 -1.579525490582571745e+00 -2.512906992283254759e+00 2.303626790242987721e-01 7.987489125803834704e-06 1.128262827746388552e+02 2.597921168148143352e+02 1.187321398609777674e+02 4.210783547526049805e+10 4.311137660473950195e+10 2.034591543146356540e-01
1.584893192461110838e+07 4.807448190034132374e+00 -1.570166421518749855e+00 -2.511612097271144872e+00 2.308918979260767279e-01 6.376169532520605139e-06 1.010554768606985050e+02 2.326888345848491326e+02 1.064201160759862290e+02 4.192389720808720398e+10 4.329531487191279602e+10 2.110208771347472090e-01
1.778279410038919002e+07 4.762547626233250675e+00 -1.560782740661767365e+00 -2.510295397754528146e+00 2.314273533026045548e-01 5.090203418076343394e-06 9.051803931274888271e+01 2.084254879685845765e+02 9.539225801215043532e+01 4.173904078216793060e+10 4.348017129783206940e+10 2.188579315439855566e-01
1.995262314968874678e+07 4.717947413799927325e+00 -1.551373835056459427e+00 -2.508972549403060803e+00 2.319691199092332734e-01 4.063705349427367483e-06 8.108158142849849526e+01 1.866972407136435095e+02 8.551418979509477936e+01 4.155325360154631805e+10 4.366595847845368195e+10 2.269798326885069106e-01
2.238721138568333164e+07 4.673643704576268654e+00 -1.541939003980490774e+00 -2.507638659562521521e+00 2.325172772554821576e-01 3.244333106221000245e-06 7.263157105454014584e+01 1.672403727909219810e+02 7.666574945748068615e+01 4.136652496992289734e+10 4.385268711007710266e+10 2.353962490001276775e-01
2.511886431509571895e+07 4.629633748314671671e+00 -1.532477760933545374e+00 -2.506239823006903400e+00 2.330718919426642000e-01 2.590551471582503772e-06 6.507171091595245116e+01 1.498331515306900599e+02 6.873891134944041426e+01 4.117883286539556122e+10 4.404037921460443878e+10 2.441176141326749649e-01
2.818382931264443323e+07 4.585915261851609692e+00 -1.522989706692302825e+00 -2.504801537836156555e+00 2.336330245290953178e-01 2.068710804274910477e-06 5.830419220490746568e+01 1.342503638300795785e+02 6.163682346542120172e+01 4.099014966683181000e+10 4.422906241316819000e+10 2.531550433240307152e-01
3.162277660168366507e+07 4.542484951597293374e+00 -1.513474208480785288e+00 -2.503349711651649212e+00 2.342007484008617468e-01 1.652057787954712121e-06 5.224265436156354525e+01 1.202931571513765903e+02 5.527323544088482521e+01 4.080045734246539307e+10 4.441875473753460693e+10 2.625195821710953337e-01
3.548133892335738987e+07 4.499339082797342293e+00 -1.503930515500268017e+00 -2.501896268605507956e+00 2.347751432637950608e-01 1.319344386124860580e-06 4.681210532072507391e+01 1.077888558831688215e+02 4.957118511502121549e+01 4.060974492838887024e+10 4.460946715161112976e+10 2.722222166583286862e-01
3.981071705534952879e+07 4.456474507743318547e+00 -1.494357984330676459e+00 -2.500384892548342730e+00 2.353562815666588870e-01 1.053774342839940601e-06 4.195151220298776451e+01 9.659692662715742983e+01 4.446154055226308088e+01 4.041799278233583069e+10 4.480121929766416931e+10 2.822746198240620452e-01
4.466835921509607136e+07 4.413889093373281725e+00 -1.484756181414049081e+00 -2.498815086066697777e+00 2.359442217656908536e-01 8.417703028156036673e-07 3.760049826276758012e+01 8.657834678899715186e+01 3.988215871685923730e+01 4.022517014211107635e+10 4.499404193788892365e+10 2.926894807375595708e-01
5.011872336272694170e+07 4.371579864103246393e+00 -1.475124468739512418e+00 -2.497224789290392710e+00 2.365390333071736018e-01 6.724545529445630850e-07 3.370256371303477749e+01 7.760302080131593527e+01 3.577762452710142327e+01 4.003125321645424652e+10 4.518795886354575348e+10 3.034795974585045575e-01
5.623413251903456450e+07 4.329543277104650478e+00 -1.465462057722408007e+00 -2.495630999701516473e+00 2.371407936191499699e-01 5.372060796566245415e-07 3.020931787344166253e+01 6.955952500490536750e+01 3.209856088194590740e+01 3.983622861948574829e+10 4.538298346051425171e+10 3.146575422755151230e-01
6.309573444801890850e+07 4.287775868148444580e+00 -1.455768152847466412e+00 -2.493993974527421997e+00 2.377495792611032666e-01 4.292019728517735906e-07 2.708081370362132745e+01 6.235587794010734797e+01 2.880067580832060514e+01 3.964007838291402435e+10 4.557913369708597565e+10 3.262364183432211462e-01
7.079457843841329217e+07 4.246275425646200752e+00 -1.446042228263060947e+00 -2.492282848832468201e+00 2.383654481567984151e-01 3.429662634153783960e-07 2.428015203708952185e+01 5.590711613623135179e+01 2.584410095641214866e+01 3.944277061705517578e+10 4.577644146294482422e+10 3.382305696434567133e-01
7.943282347242756188e+07 4.205039356253585936e+00 -1.436283652775544484e+00 -2.490542715304446819e+00 2.389884627198023415e-01 2.740759804307735927e-07 2.177062897159014909e+01 5.012872573508777663e+01 2.319320490962918058e+01 3.924427594353555298e+10 4.597493613646444702e+10 3.506547651382945774e-01
8.912509381337386370e+07 4.164064305406734334e+00 -1.426491593814730008e+00 -2.488788457390606279e+00 2.396186961093535184e-01 2.190320237638546588e-07 1.952124966608667833e+01 4.494933847774618130e+01 2.081625330430834353e+01 3.904457643776327515e+10 4.617463564223672485e+10 3.635234895955954393e-01
9.999999999999918044e+07 4.123346682470080182e+00 -1.416665135193474701e+00 -2.487007148044447113e+00 2.402562248409564338e-01 1.750540756199512039e-07 1.750540756199497849e+01 4.030769049903488366e+01 1.868482757988882526e+01 3.884365436129873657e+10 4.637555771870126343e+10 3.768515464588801933e-01
1.122018454301956147e+08 4.082884008245770247e+00 -1.406803603470959452e+00 -2.485146141448008272e+00 2.409011073167942607e-01 1.399294194351838162e-07 1.570033909060350474e+01 3.615136674497532709e+01 1.677335114878857780e+01 3.864147888346089935e+10 4.657773319653910065e+10 3.906549998005217073e-01
1.258925411794155836e+08 4.042674040621518472e+00 -1.396906364262610278e+00 -2.483238619650345758e+00 2.415533964033870495e-01 1.118637726694853869e-07 1.408281460727797274e+01 3.242687898211705999e+01 1.505889500561127647e+01 3.843801507693124390e+10 4.678119700306875610e+10 4.049508344655261549e-01
1.412537544622738063e+08 4.002713623336567217e+00 -1.386972536940816791e+00 -2.481307318002476947e+00 2.422131580627714942e-01 8.943224173965846209e-08 1.263263991570443068e+01 2.908772835506258403e+01 1.352102982218179150e+01 3.823323875101856232e+10 4.698597332898143768e+10 4.197558361158109652e-01
1.584893192461097836e+08 3.962999228676037156e+00 -1.377001119576948485e+00 -2.479360342419893559e+00 2.428804632731995927e-01 7.150165468443277328e-08 1.133224857590616708e+01 2.609346664098454482e+01 1.214149994728061976e+01 3.802713158592776489e+10 4.719208049407223511e+10 4.350867783277926892e-01
1.778279410038908124e+08 3.923528024622718213e+00 -1.366991255320864740e+00 -2.477336878204255299e+00 2.435553699690823637e-01 5.717495502535087190e-08 1.016730452914820582e+01 2.341108384474750537e+01 1.090388618513732411e+01 3.781966457089072418e+10 4.739954750910927582e+10 4.509616007886002031e-01
1.995262314968858361e+08 3.884297973710663765e+00 -1.356942265743505960e+00 -2.475245501263973580e+00 2.442379200436418096e-01 4.572519090947037475e-08 9.123375026642285945e+00 2.100734733414068245e+01 9.793425405665123762e+00 3.761079802878802490e+10 4.760841405121197510e+10 4.673997331251482090e-01
2.238721138568310440e+08 3.845306194728614901e+00 -1.346853234306742975e+00 -2.473121908664224655e+00 2.449281671274053107e-01 3.657085692010085889e-08 8.187195044258697152e+00 1.885171326234480560e+01 8.796948890752990025e+00 3.740050078515824127e+10 4.781871129484175873e+10 4.844206451651659751e-01
2.511886431509551406e+08 3.806549332434022492e+00 -1.336723091731120805e+00 -2.470983215579895642e+00 2.456261708648697639e-01 2.925030193363523743e-08 7.347343654465595009e+00 1.691788397187687565e+01 7.902708959897450924e+00 3.718875195471461487e+10 4.803046012528538513e+10 5.020434869408864076e-01
2.818382931264426112e+08 3.768024240907510425e+00 -1.326550790055288642e+00 -2.468780066576241161e+00 2.463319847239224258e-01 2.339814527975503622e-08 6.594493327970689656e+00 1.518438203283400512e+01 7.100152309779682369e+00 3.697552393885974884e+10 4.824368814114025116e+10 5.202883620873024473e-01
3.162277660168340802e+08 3.729728895173423986e+00 -1.316335548755104945e+00 -2.466489122950556556e+00 2.470456382162453113e-01 1.872003828919877367e-08 5.919795887942925106e+00 1.363083376514483014e+01 6.379771914830214996e+00 3.676077422823944092e+10 4.845843785176055908e+10 5.391773201902635426e-01
3.548133892335702181e+08 3.691660769326645219e+00 -1.306076429788218585e+00 -2.464156857633553521e+00 2.477671657529992300e-01 1.497847828201162958e-08 5.314564644801970772e+00 1.223723732687421517e+01 5.733070137529741928e+00 3.654446463420687866e+10 4.867474744579312134e+10 5.587329046180744552e-01
3.981071705534920692e+08 3.653816708782178235e+00 -1.295772294897499677e+00 -2.461799081137826750e+00 2.484966095156409815e-01 1.198536229825435026e-08 4.771458672616538443e+00 1.098668961140399958e+01 5.152471964072788957e+00 3.632656924506314850e+10 4.889264283493685150e+10 5.789771901050473346e-01
4.466835921509580016e+08 3.616193416898847435e+00 -1.285421930286062775e+00 -2.459392892679898246e+00 2.492340104263390810e-01 9.591252422702986741e-09 4.284255085399548690e+00 9.864861894224933536e+00 4.631183176432068116e+00 3.610706044851487732e+10 4.911215163148512268e+10 5.999329017881657178e-01
5.011872336272653341e+08 3.578788701157298302e+00 -1.275024391526740963e+00 -2.456887986117341605e+00 2.499793828883543623e-01 7.676793620614858150e-09 3.847510957843399027e+00 8.859221376661453817e+00 4.163081094659910164e+00 3.588589543349372864e+10 4.933331664650627136e+10 6.216248628193831172e-01
5.623413251903399229e+08 3.541600417142092283e+00 -1.264578720219301067e+00 -2.454325158166575704e+00 2.507327340297739737e-01 6.145132219278103991e-09 3.455661795658703461e+00 7.956955337112767701e+00 3.742676676815556824e+00 3.566302909692840576e+10 4.955618298307159424e+10 6.440791340435911838e-01
6.309573444801839590e+08 3.504625620610346992e+00 -1.254083701831671727e+00 -2.451724537077194288e+00 2.514940806587460109e-01 4.919407988143781491e-09 3.103936600613804497e+00 7.147078146171959467e+00 3.365075839733440155e+00 3.543842844051206970e+10 4.978078363948793030e+10 6.673213932166784934e-01
7.079457843841286898e+08 3.467861068848972828e+00 -1.243537997230304004e+00 -2.449088544926806499e+00 2.522634394222771359e-01 3.938423186212025312e-09 2.788190091799511716e+00 6.420044941811256400e+00 3.025897762533861002e+00 3.521206481051174927e+10 5.000714726948825073e+10 6.913775128178173413e-01
7.943282347242691517e+08 3.431304311306646149e+00 -1.232940454582244660e+00 -2.446353218449344613e+00 2.530408032920382633e-01 3.153621743640313526e-09 2.505010792613882042e+00 5.768000508861923947e+00 2.721196626267032848e+00 3.498389657515662384e+10 5.023531550484337616e+10 7.162753827185139865e-01
8.912509381337294579e+08 3.394953499991955503e+00 -1.222290064301824852e+00 -2.443536538233947120e+00 2.538261436493921552e-01 2.525569178654242143e-09 2.250915899797226061e+00 5.182925396456372624e+00 2.447423478634076499e+00 3.475387225555757904e+10 5.046533982444242096e+10 7.420450847020427787e-01
9.999999999999836683e+08 3.358805983292277642e+00 -1.211585548703640214e+00 -2.440672090010719053e+00 2.546194395863695670e-01 2.022759794767320059e-09 2.022759794767286845e+00 4.657576550138850635e+00 2.201410929969196850e+00 3.452195066375738525e+10 5.069726141624261475e+10 7.687166607993647371e-01
1.122018454301946878e+09 3.322858725797473767e+00 -1.200825474414382921e+00 -2.437776290488367081e+00 2.554206690168528970e-01 1.620135948393358724e-09 1.817822432575335156e+00 4.185690834958140982e+00 1.980329245341772904e+00 3.428810069098327637e+10 5.093111138901672363e+10 7.963198341549614367e-01
1.258925411794145584e+09 3.287109042521914049e+00 -1.190008468005256281e+00 -2.434790255507943701e+00 2.562297916960771249e-01 1.297853068688243178e-09 1.633900208946642119e+00 3.762194264560394963e+00 1.781632117853810371e+00 3.405228208286860657e+10 5.116692999713139343e+10 8.248861066051875746e-01
1.412537544622726679e+09 3.251555246123025711e+00 -1.179133419147825546e+00 -2.431699739634265445e+00 2.570467326620227144e-01 1.039863194956086667e-09 1.468845804146814427e+00 3.382142452535306987e+00 1.603023699926418466e+00 3.381443895388786316e+10 5.140477312611213684e+10 8.544500619239581152e-01
1.584893192461085081e+09 3.216195089107150018e+00 -1.168199011512658370e+00 -2.428551684105720199e+00 2.578714160589750115e-01 8.332329321303160377e-10 1.320585201867727321e+00 3.040759799849162004e+00 1.442451143616807485e+00 3.357452188633389664e+10 5.164469019366610718e+10 8.850469216838855457e-01
1.778279410038893700e+09 3.181025826500643916e+00 -1.157203731721990314e+00 -2.425364292075170791e+00 2.587037634656522700e-01 6.677003752587867589e-10 1.187357829397943210e+00 2.733992438021471738e+00 1.298082337670042330e+00 3.333249483717325211e+10 5.188671724282675171e+10 9.167113034429367202e-01
1.995262314968842030e+09 3.146044695326779106e+00 -1.146146011568472733e+00 -2.422103082342701441e+00 2.595436819188121635e-01 5.351149734502757365e-10 1.067694740700887657e+00 2.458457993806006936e+00 1.168271076874355829e+00 3.308831806098048782e+10 5.213089401901951599e+10 9.494792069202484530e-01
2.238721138568292141e+09 3.111250030339764550e+00 -1.135024584451296503e+00 -2.418721628947059887e+00 2.603910352380764404e-01 4.289399094833681995e-10 9.602768425359862192e-01 2.211119142770752610e+00 1.051531648459937296e+00 3.284193436716076660e+10 5.237727771283923340e+10 9.833902178123749005e-01
2.511886431509531021e+09 3.076640082233003781e+00 -1.123838119148324877e+00 -2.415268783975238698e+00 2.612456700871660376e-01 3.438679064943921943e-10 8.637571285548518718e-01 1.988874288177743699e+00 9.465318126862254378e-01 3.259328672957912445e+10 5.262592535042087555e+10 1.018485682698408112e+00
2.818382931264402866e+09 3.042212444636640090e+00 -1.112585028557258937e+00 -2.411763404868371818e+00 2.621074290014181463e-01 2.756878546060124938e-10 7.769939437784879610e-01 1.789094672291000165e+00 8.520825886745072575e-01 3.234233222394780350e+10 5.287687985605220032e+10 1.054806432645604364e+00
3.162277660168314457e+09 3.007964512254255762e+00 -1.101263608230184987e+00 -2.408200845559352654e+00 2.629761381064548709e-01 2.210430923919428294e-10 6.989996330055615603e-01 1.609506134966914859e+00 7.671175684930597871e-01 3.208903074441503525e+10 5.313018133558496094e+10 1.092394127982005969e+00
3.548133892335673332e+09 2.973894576866395578e+00 -1.089872399146846416e+00 -2.404515159027930782e+00 2.638515772645584345e-01 1.772624179706165837e-10 6.289507930389168777e-01 1.448212720278193366e+00 6.906745971119323535e-01 3.183332679614902496e+10 5.338588528385097504e+10 1.131294056987873109e+00
3.981071705534887791e+09 2.940001391894363714e+00 -1.078410054783935257e+00 -2.400735314111417829e+00 2.647334880270892921e-01 1.421719210648326870e-10 5.659966122727448923e-01 1.303255362104353221e+00 6.218878950523689664e-01 3.157515665406675339e+10 5.364405542593324280e+10 1.171554865997631145e+00
4.466835921509543419e+09 2.906282999276263990e+00 -1.066874944878748899e+00 -2.396893609163798011e+00 2.656216018746163643e-01 1.140364229479735167e-10 5.093819903844633012e-01 1.172895377698901731e+00 5.599841265572879090e-01 3.131446954775579834e+10 5.390474253224420166e+10 1.213225214841118893e+00
5.011872336272612572e+09 2.872737168477484282e+00 -1.055265292511737840e+00 -2.393005622236410446e+00 2.665156272979103402e-01 9.147314514285094602e-11 4.584517256533041651e-01 1.055624109346694262e+00 5.042711393811482035e-01 3.105122493584542084e+10 5.416798714415457916e+10 1.256353813305748801e+00
5.623413251903352737e+09 2.839362188804287257e+00 -1.043579445543993067e+00 -2.389003256490064953e+00 2.674152262519171042e-01 7.338567469271281562e-11 4.126779755668697480e-01 9.502261547472353742e-01 4.541248827788001985e-01 3.078537074529422379e+10 5.443384133470578003e+10 1.300992821958339096e+00
6.309573444801788330e+09 2.806157257201491451e+00 -1.031816023303597118e+00 -2.384883949870414632e+00 2.683200000753997450e-01 5.888387317426415682e-11 3.715321225074135203e-01 8.554843268540079926e-01 4.089821207387693280e-01 3.051683935674240112e+10 5.470237272325759888e+10 1.347199436399988404e+00
7.079457843841228485e+09 2.773121022127909896e+00 -1.019973408713374274e+00 -2.380695752303505941e+00 2.692295256503854928e-01 4.725121811373086898e-11 3.345130067063047385e-01 7.702446626545546016e-01 3.683388960010554602e-01 3.024557296149568176e+10 5.497363911850431824e+10 1.395031902027893622e+00
7.943282347242626190e+09 2.740251780111347735e+00 -1.008049806729887532e+00 -2.376460770003620215e+00 2.701433476539291112e-01 3.791790409874307822e-11 3.011926182719847356e-01 6.935216329529181323e-01 3.317447386108687835e-01 2.997152914241637421e+10 5.524768293758362579e+10 1.444548026871426805e+00
8.912509381337221146e+09 2.707547977398386596e+00 -9.960434199200842720e-01 -2.372132164722160041e+00 2.710609615790685600e-01 3.043136787455841540e-11 2.712198516689259820e-01 6.245067873769252209e-01 2.987940281026228440e-01 2.969466012377458954e+10 5.552455195622541046e+10 1.495808610780262171e+00
9.999999999999753952e+09 2.675009169214000782e+00 -9.839528080856468906e-01 -2.367670236376776316e+00 2.719817827133807486e-01 2.442697593718206807e-11 2.442697593718146654e-01 5.624519065987830801e-01 2.691200607532302502e-01 2.941489908209475708e+10 5.580431299790524292e+10 1.548880727536742219e+00
1.122018454301937675e+10 2.642634756431568643e+00 -9.717764332733922483e-01 -2.363132621183107851e+00 2.729051772707909995e-01 1.960862057969613702e-11 2.200123415382382597e-01 5.065971379006620756e-01 2.423938346407442102e-01 2.913218327103979492e+10 5.608702880896020508e+10 1.603834225237173117e+00
1.258925411794135284e+10 2.610423649878846231e+00 -9.595125261237108516e-01 -2.358539932925511007e+00 2.738304682932598544e-01 1.574119353679737784e-11 1.981698855544382076e-01 4.563030243579855316e-01 2.183213305842781338e-01 2.884646756842382812e+10 5.637274451157617188e+10 1.660738588062534049e+00
1.412537544622714996e+10 2.578374688317069729e+00 -9.471592346531388928e-01 -2.353879430416150775e+00 2.747569197157117560e-01 1.263713049658234394e-11 1.785042128271925599e-01 4.110211394925301631e-01 1.966382264880153219e-01 2.855770900242143250e+10 5.666150307757856750e+10 1.719665652924812660e+00
1.584893192461071968e+10 2.546487716373526222e+00 -9.347150436016621322e-01 -2.349084562968152490e+00 2.756837003512380146e-01 1.014663235730622593e-11 1.608132854949987645e-01 3.702862739361797995e-01 1.771055411522976519e-01 2.826584725592392349e+10 5.695336482407608032e+10 1.780693951648578022e+00
1.778279410038879013e+10 2.514762933350384699e+00 -9.221785380155600453e-01 -2.344198131045772016e+00 2.766098973240231351e-01 8.147542406635287857e-12 1.448860690413814878e-01 3.336125027571911206e-01 1.595080717349634525e-01 2.797081714607195663e+10 5.724839493392803955e+10 1.843907418861729486e+00
1.995262314968825912e+10 2.483199938754609093e+00 -9.095480263428644685e-01 -2.339252573105730537e+00 2.775345388208300124e-01 6.542425453955744318e-12 1.305385495677071073e-01 3.005761182956667166e-01 1.436533562086420857e-01 2.767257103452205658e+10 5.754664104547794342e+10 1.909390427751766373e+00
2.238721138568273544e+10 2.451798159887463413e+00 -8.968216981635324103e-01 -2.334262196304972115e+00 2.784565763560289953e-01 5.253478535472995434e-12 1.176107344837809127e-01 2.708087239984346972e-01 1.293687351512896044e-01 2.737107268038732147e+10 5.784813939961267853e+10 1.977228625274673357e+00
2.511886431509510422e+10 2.420557695484205407e+00 -8.839979662978789676e-01 -2.329150235953750148e+00 2.793748540923051693e-01 4.218896285565182546e-12 1.059738833565705418e-01 2.440138840635291406e-01 1.164981699497405487e-01 2.706627258553654480e+10 5.815293949446345520e+10 2.047514403838074593e+00
2.818382931264379883e+10 2.389479441914156066e+00 -8.710755354896099201e-01 -2.323927944852839822e+00 2.802880988677678431e-01 3.388316003885535887e-12 9.549571991080926803e-02 2.198870211113641282e-01 1.049006473203682593e-01 2.675810733764005661e+10 5.846110474235993958e+10 2.120348646210060917e+00
3.162277660168288803e+10 2.358563748445413388e+00 -8.580528526096345976e-01 -2.318645717949016305e+00 2.811949533815279456e-01 2.721239559777711420e-12 8.605315067851244948e-02 1.981447019575132418e-01 9.444985424364636672e-02 2.644652873974311066e+10 5.877268334025688934e+10 2.195834323397833465e+00
3.548133892335644531e+10 2.327810689388871701e+00 -8.449282075715884854e-01 -2.313329578074905246e+00 2.820939613928265532e-01 2.185387196780619357e-12 7.754046380773702007e-02 1.785435160675395982e-01 8.503264879302008250e-02 2.613150752346887207e+10 5.908770455653112793e+10 2.274074896794098688e+00
3.981071705534854889e+10 2.297220597319343138e+00 -8.316999562395049894e-01 -2.307917959249551121e+00 2.829835448352974181e-01 1.755112770596526796e-12 6.987229791044718974e-02 1.608869115818347129e-01 7.654688810178575387e-02 2.581300786544253922e+10 5.940620421455746460e+10 2.355180264202018314e+00
4.466835921509506989e+10 2.266794832558943540e+00 -8.183668656914167006e-01 -2.302379321482272978e+00 2.838619742308621796e-01 1.409654974542164417e-12 6.296697477219509453e-02 1.449868174613885841e-01 6.890004487570521030e-02 2.549097420147473907e+10 5.972823787852526093e+10 2.439271631875934876e+00
5.011872336272570801e+10 2.236534458858009167e+00 -8.049275512650334585e-01 -2.296778839495748237e+00 2.847273998357632840e-01 1.132159087201895672e-12 5.674236809406785903e-02 1.306541309145816121e-01 6.200902116630598038e-02 2.516536066429164124e+10 6.005385141570835876e+10 2.526475210600240828e+00
5.623413251903306580e+10 2.206440088733992333e+00 -7.913803971875223997e-01 -2.291140540696054995e+00 2.855778475964674823e-01 9.092240592940493486e-13 5.112942623983474794e-02 1.177298546731821022e-01 5.579942152661191562e-02 2.483614430197555542e+10 6.038306777802444458e+10 2.616917919877067344e+00
6.309573444801736450e+10 2.176512263651845913e+00 -7.777237165690462639e-01 -2.285437710880715123e+00 2.864111992142072682e-01 7.301571669875536451e-13 4.606980271356335421e-02 1.060796409654276296e-01 5.020418413564669419e-02 2.450330407432970810e+10 6.071590800567028809e+10 2.710732703962713597e+00
7.079457843841171265e+10 2.146752479331085262e+00 -7.639562254928531360e-01 -2.279601117877980254e+00 2.872251550007767218e-01 5.863835343400300027e-13 4.151277511682834043e-02 9.558669715282309964e-02 4.516252568269044781e-02 2.416679925468096161e+10 6.105241282531903839e+10 2.808065666170659558e+00
7.943282347242561340e+10 2.117162335002637175e+00 -7.500766708390290693e-01 -2.273687113431928086e+00 2.880172496510261526e-01 4.708998072314268071e-13 3.740490126101317370e-02 8.612796804852312915e-02 4.061965905265681187e-02 2.382658906439868164e+10 6.139262301560131836e+10 2.909072704487602579e+00
8.912509381337149048e+10 2.087742775506682413e+00 -7.360834706245139580e-01 -2.267726202384666045e+00 2.887848628475587764e-01 3.781239479776171302e-13 3.370033233658752819e-02 7.759788286717164696e-02 3.652651277976445843e-02 2.348265640759136581e+10 6.173655567240863037e+10 3.013912197368109336e+00
9.999999999999673462e+10 2.058494488747997675e+00 -7.219748849096877530e-01 -2.261725081120246728e+00 2.895251971565360738e-01 3.035922946271476764e-13 3.035922946271377501e-02 6.990470919563038232e-02 3.283894797819442157e-02 2.313499666984590530e+10 6.208421541015409851e+10 3.122747874540629631e+00
1.122018454301928558e+11 2.029418797414013653e+00 -7.077494453675060582e-01 -2.255593631012833722e+00 2.902352449273832291e-01 2.437510496086972197e-13 2.734931759164231646e-02 6.297413099007541371e-02 2.951697697355178812e-02 2.278358955407060623e+10 6.243562252592939758e+10 3.235758056507096470e+00
1.258925411794125061e+11 2.000517538957448771e+00 -6.934059165636229372e-01 -2.249355331468927410e+00 2.909117832018928707e-01 1.956960144483392251e-13 2.463666855758445129e-02 5.672802576172907701e-02 2.652442305475668713e-02 2.242840332830349731e+10 6.279080875169650269e+10 3.353137412405015727e+00
1.412537544622703552e+11 1.971791849339497027e+00 -6.789426975360485228e-01 -2.243059948819849936e+00 2.915513923521265149e-01 1.570951832255290948e-13 2.219028443854426103e-02 5.109501815748977022e-02 2.382884695677622844e-02 2.206942836659603500e+10 6.314978371340396118e+10 3.475086804493520365e+00
1.584893192461058960e+11 1.943242493791362158e+00 -6.643579664120540240e-01 -2.236733014820138532e+00 2.921504342891464434e-01 1.260866998740579494e-13 1.998339522902750978e-02 4.601346796176708498e-02 2.140113480379481764e-02 2.170667820753413010e+10 6.351253387246586609e+10 3.601812208483174960e+00
1.778279410038864746e+11 1.914870471883573178e+00 -6.496499816419142315e-01 -2.230290746707652261e+00 2.927050267705749165e-01 1.011912946970841992e-13 1.799463958349998075e-02 4.143418885876764407e-02 1.921494338328145687e-02 2.134015821490078735e+10 6.387905386509921265e+10 3.733535601549251570e+00
1.995262314968809509e+11 1.886677610866028365e+00 -6.348174043425396373e-01 -2.223709109537081563e+00 2.932110228840691390e-01 8.120654752855850205e-14 1.620283640124562871e-02 3.730840956172947614e-02 1.724637842276903824e-02 2.096985414352791595e+10 6.424935793647208405e+10 3.870502594609730007e+00
2.238721138568255310e+11 1.858665238048604174e+00 -6.198586161646048032e-01 -2.217058612600819600e+00 2.936640268371128459e-01 6.515777788903476664e-14 1.458700947023174044e-02 3.358783055751857899e-02 1.547397241978784414e-02 2.059576951878365326e+10 6.462344256121634674e+10 4.012971362478626070e+00
2.511886431509489746e+11 1.830834202505517094e+00 -6.047717113496986485e-01 -2.210367488129703073e+00 2.940593778930235547e-01 5.226925614792686483e-14 1.312944353030714648e-02 3.023166095219235669e-02 1.387848513204507743e-02 2.021793880574472427e+10 6.500127327425527954e+10 4.161206918081870931e+00
2.818382931264356689e+11 1.803185280158602577e+00 -5.895547010927059128e-01 -2.203587700070419597e+00 2.943921290880051056e-01 4.192281313370708731e-14 1.181545409666252475e-02 2.720608846993055954e-02 1.244254139649201077e-02 1.983639961994990540e+10 6.538281246005009460e+10 4.315491861234616700e+00
3.162277660168262939e+11 1.775720161643338457e+00 -5.742060655127864122e-01 -2.196646877119079022e+00 2.946570257508364654e-01 3.362091674021009125e-14 1.063186739219435482e-02 2.448077936795620135e-02 1.115036970054484808e-02 1.945116912727761459e+10 6.576804295272238159e+10 4.476139136051927814e+00
3.548133892335615234e+11 1.748440457698539729e+00 -5.587242235806065827e-01 -2.189618851929832744e+00 2.948485114043731259e-01 2.695718462562759950e-14 9.564770041213786073e-03 2.202369691481491018e-02 9.987757793475575060e-03 1.906227400938566971e+10 6.615693807061433411e+10 4.643484490595059633e+00
3.981071705534822998e+11 1.721347154863781759e+00 -5.431072138331096699e-01 -2.182534719285749603e+00 2.949607184476022437e-01 2.160825831413661472e-14 8.602402578029686928e-03 1.980776394010470842e-02 8.941971272102588672e-03 1.866977612431105804e+10 6.654943595568894196e+10 4.817875538679490255e+00
4.466835921509470215e+11 1.694441005052947258e+00 -5.273528959103231939e-01 -2.175390861059331549e+00 2.949874492414351623e-01 1.731561600836651308e-14 7.734601558923596444e-03 1.780957824982598234e-02 8.001537717354324786e-03 1.827375464319825745e+10 6.694545743680174255e+10 4.999679683263355656e+00
5.011872336272529907e+11 1.667723480969646177e+00 -5.114595113985554997e-01 -2.168083013186024033e+00 2.949221662551528844e-01 1.387310494299931350e-14 6.953023088202395056e-03 1.600992731413826073e-02 7.156050078255221485e-03 1.787427420398645782e+10 6.734493787601354218e+10 5.189301168136132958e+00
5.623413251903260498e+11 1.641196431937118394e+00 -4.954255075262057884e-01 -2.160653874420851661e+00 2.947579939407469762e-01 1.111201825795113790e-14 6.248747072715341369e-03 1.438827185952452556e-02 6.396095098913655123e-03 1.747139692784070969e+10 6.774781515215928650e+10 5.387182594611403808e+00
6.309573444801684570e+11 1.614861003266589101e+00 -4.792488868819221870e-01 -2.153156423124531038e+00 2.944877076282074180e-01 8.897267199215593029e-15 5.613796085147576380e-03 1.292624318076914317e-02 5.713232222906316181e-03 1.706522122943754387e+10 6.815399085056245422e+10 5.593788490331627727e+00
7.079457843841113281e+11 1.588718003267450607e+00 -4.629274037545691445e-01 -2.145617597101035834e+00 2.941037211355705394e-01 7.120968726444766065e-15 5.041259790617666145e-03 1.160792964378652356e-02 5.099877902292427462e-03 1.665587890623282051e+10 6.856333317376718140e+10 5.809606807367180714e+00
7.943282347242496338e+11 1.562768592737334039e+00 -4.464589872073127519e-01 -2.137927307122040155e+00 2.935980908770089992e-01 5.697487485059477620e-15 4.525675176370799746e-03 1.042075219684460326e-02 4.549160856276652024e-03 1.624349684238871193e+10 6.897571523761128235e+10 6.035170846371269882e+00
8.912509381337076416e+11 1.537014678986138527e+00 -4.298420149247371702e-01 -2.130076097392648471e+00 2.929625347275979785e-01 4.557006127849863534e-15 4.061435986527245703e-03 9.351801958727203393e-03 4.054847002387358852e-03 1.582818934323934746e+10 6.939102273676065063e+10 6.271072802659029222e+00
9.999999999999591064e+11 1.511457589730111684e+00 -4.130744764448638917e-01 -2.122143729161189096e+00 2.921884126687481764e-01 3.643113225249522581e-15 3.643113225249373748e-03 8.388578204548666900e-03 3.611337498305463786e-03 1.541010483140173531e+10 6.980910724859826660e+10 6.517944240623883445e+00
1.122018454301919434e+12 1.486098218022786854e+00 -3.961540396852320511e-01 -2.114167429106951879e+00 2.912667242903360099e-01 2.910910015359323578e-15 3.266094756045444768e-03 7.520461097576266497e-03 3.213611515752342208e-03 1.498943797287952232e+10 7.022977410712048340e+10 6.776449533471029518e+00
1.258925411794114746e+12 1.460937463402483427e+00 -3.790783278842626003e-01 -2.106070294898441553e+00 2.901881263051080961e-01 2.324712610513511162e-15 2.926639780493693523e-03 6.738837131128145794e-03 2.857129060034733613e-03 1.456639323671304321e+10 7.065281884328695679e+10 7.047310075874712254e+00
1.412537544622691895e+12 1.435977139029680716e+00 -3.618455506035439528e-01 -2.097778818425379832e+00 2.889429959551778615e-01 1.855715753238184563e-15 2.621268173596714643e-03 6.035693021263523889e-03 2.537765806224943129e-03 1.414115982894627380e+10 7.107805225105372620e+10 7.331330860760219004e+00
1.584893192461046143e+12 1.411218826110947289e+00 -3.444537466795264402e-01 -2.089389579554077336e+00 2.875214164585930821e-01 1.480434097283382473e-15 2.346329922671646848e-03 5.402624303189606202e-03 2.251807873113615896e-03 1.371395419194873238e+10 7.150525788805126953e+10 7.629385429136565477e+00
1.778279410038850098e+12 1.386663512453455427e+00 -3.269005109294862432e-01 -2.080937708464377423e+00 2.859131736093181164e-01 1.180226544006906242e-15 2.098772562388792270e-03 4.832602415741349411e-03 1.995927205140342851e-03 1.328504669563956833e+10 7.193416538436042786e+10 7.942400218056491212e+00
1.995262314968793213e+12 1.362311967989503048e+00 -3.091832328863569623e-01 -2.072402498683441507e+00 2.841077965900369873e-01 9.402189198233830352e-16 1.875983378544261379e-03 4.319611362140622288e-03 1.767121860693294600e-03 1.285473481716439438e+10 7.236447726283560181e+10 8.271377334810027904e+00
2.238721138568236816e+12 1.338165756586314092e+00 -2.912998378793403842e-01 -2.063660272901824744e+00 2.820946794870592411e-01 7.485393044104841054e-16 1.675770763832914925e-03 3.858604780076915677e-03 1.562666457137856964e-03 1.242330737084617615e+10 7.279590470915382385e+10 8.617432758579218088e+00
2.511886431509469238e+12 1.314226669664362968e+00 -2.732484087351358393e-01 -2.054781232514899525e+00 2.798631164021652684e-01 5.954760049529309321e-16 1.495768097130732678e-03 3.444133323029294983e-03 1.380098004560202435e-03 1.199106707462203979e+10 7.322814500537796021e+10 8.981799525616381175e+00
2.818382931264333984e+12 1.290495784884037711e+00 -2.550264739054380891e-01 -2.045823342253474841e+00 2.774022767430904257e-01 4.732875423966372260e-16 1.333905531070727138e-03 3.071430991305762297e-03 1.217208896701826729e-03 1.155837356355005836e+10 7.366083851644993591e+10 9.365801750510311052e+00
3.162277660168236816e+12 1.266973857861333208e+00 -2.366312680253735423e-01 -2.036813197005148623e+00 2.747012903935577843e-01 3.758006155362839141e-16 1.188385891187863008e-03 2.736359637773617612e-03 1.072014130974842773e-03 1.112563362272080994e+10 7.409357845727919006e+10 9.770868384390400507e+00
3.548133892335586426e+12 1.243662118299336150e+00 -2.180603483404251752e-01 -2.027604615284055001e+00 2.717494206129036360e-01 2.981245767388221122e-16 1.057785914865216025e-03 2.435642079147715307e-03 9.427140880518099708e-04 1.069325579363730431e+10 7.452595628636270142e+10 1.019858690298712922e+01
3.981071705534790039e+12 1.220562448123256871e+00 -1.993117755585389617e-01 -2.018209338461781410e+00 2.685362185385066769e-01 2.362697000856190146e-16 9.406066178860486137e-04 2.165826776715962416e-03 8.276773666552185264e-04 1.026164839587489891e+10 7.495756368412510681e+10 1.065073649726655169e+01
4.466835921509433594e+12 1.197676067567564395e+00 -1.803830687791659892e-01 -2.008720913128554830e+00 2.650514743778832893e-01 1.870304989257149830e-16 8.354345510192151981e-04 1.923659143349018509e-03 7.254402186535944099e-04 9.831273859321775436e+09 7.538793822067822266e+10 1.112925577430263857e+01
5.011872336272489258e+12 1.175003777289340690e+00 -1.612713623052875467e-01 -1.999188199087267970e+00 2.612853488982834205e-01 1.478610343224124728e-16 7.410606275331361147e-04 1.706355153962612302e-03 6.346898612208040028e-04 9.402656260465459824e+09 7.581655581953454590e+10 1.163624383109021387e+01
5.623413251903214844e+12 1.152546473006392347e+00 -1.419738187254881157e-01 -1.989491417212964297e+00 2.572285877331797477e-01 1.167469393779744323e-16 6.565162860172426597e-04 1.511684613491118268e-03 5.542388670344610205e-04 8.976334723460327148e+09 7.624287735653967285e+10 1.217402924196581004e+01
6.309573444801632812e+12 1.130305955136811757e+00 -1.224883528344936356e-01 -1.979558570845339371e+00 2.528728570383030894e-01 9.206118521779941239e-17 5.808668095471918470e-04 1.337495256678375563e-03 4.830093702802239729e-04 8.552838427403074265e+09 7.666637365259692383e+10 1.274524381779131765e+01
7.079457843841054688e+12 1.108283643271860575e+00 -1.028125512965017280e-01 -1.969516194940995835e+00 2.482107161876215828e-01 7.248496985747229853e-17 5.131542884180646455e-04 1.181581414917402860e-03 4.200324534903297942e-04 8.132738918151579857e+09 7.708647316184841919e+10 1.335280123473688185e+01
7.943282347242431641e+12 1.086480388078593595e+00 -8.294347000250976154e-02 -1.959411712572997288e+00 2.432357474292448085e-01 5.697608435014730044e-17 4.525771250335208231e-04 1.042097341532287553e-03 3.644404845790877941e-04 7.716673187324693680e+09 7.750253889267530823e+10 1.399988478336635467e+01
8.912509381337003906e+12 1.064896854225874101e+00 -6.287794397893974041e-02 -1.949194155697850928e+00 2.379428253930368498e-01 4.470760012543723251e-17 3.984569055350227745e-04 9.174809308854801676e-04 3.154510277686437881e-04 7.305304916804286957e+09 7.791390716319570923e+10 1.469003005818108143e+01
9.999999999999509766e+12 1.043534585372689616e+00 -4.261359061088258043e-02 -1.938713675582305562e+00 2.323286257376877273e-01 3.502043655820283590e-17 3.502043655820111798e-04 8.063753516905760926e-04 2.723546207042425497e-04 6.899284643788787842e+09 7.831992743621121216e+10 1.542724644899892006e+01
1.122018454301910156e+13 1.022395199440966795e+00 -2.214810924764404332e-02 -1.928082679461801785e+00 2.263917233586753563e-01 2.737840213078826436e-17 3.071907244004317208e-04 7.073327827104763715e-04 2.345119173442164224e-04 6.499280696982686043e+09 7.871993138301731873e+10 1.621604823558505970e+01
1.258925411794104297e+13 1.001479580869812924e+00 -1.478487368520567478e-03 -1.917368336701742004e+00 2.201326191285862266e-01 2.135754792240772018e-17 2.688755981312945646e-04 6.191089441269766267e-04 2.013508741732802465e-04 6.106017592491601944e+09 7.911319448750839233e+10 1.706143254810853094e+01
1.412537544622680273e+13 9.807882868667485710e-01 1.939865629936795427e-02 -1.906591035569184855e+00 2.135540834026157242e-01 1.662175108443587458e-17 2.347884746413842361e-04 5.406204417160619590e-04 1.723576395272044038e-04 5.720252929055377960e+09 7.949895915094462585e+10 1.796896877884483956e+01
1.584893192461033008e+13 9.603224761156632372e-01 4.048613830578563083e-02 -1.895553040075119045e+00 2.066617310098001203e-01 1.290598603813663731e-17 2.045460941383989563e-04 4.709847871932342379e-04 1.470675088044720992e-04 5.342726115482954025e+09 7.987648596451704407e+10 1.894499178814035290e+01
1.778279410038835547e+13 9.400838536064527462e-01 6.178620173239145891e-02 -1.884299753622015627e+00 1.994643442598242056e-01 9.995374409054812484e-18 1.777456850725126750e-04 4.092745647919820073e-04 1.250610250048417988e-04 4.974159836833592415e+09 8.024505224316641235e+10 1.999674639195871961e+01
1.995262314968776953e+13 9.200733742153270889e-01 8.330185753740136645e-02 -1.872946808604439184e+00 1.919737081777952159e-01 7.719202446451731220e-18 1.540183374301992757e-04 3.546403278145037656e-04 1.059631526896797358e-04 4.615308583563934326e+09 8.060390349643606567e+10 2.113237828389151218e+01
2.238721138568218750e+13 9.002915673260326601e-01 1.050366044271417026e-01 -1.861558836631590275e+00 1.842049388418044997e-01 5.942895924552815903e-18 1.330448673060730656e-04 3.063471281583347470e-04 8.943846629035884341e-05 4.266952015312889576e+09 8.095226006468710327e+10 2.236103418703503820e+01
2.511886431509448438e+13 8.807391642717955493e-01 1.269937646785988805e-01 -1.849948359728847525e+00 1.761769542598470573e-01 4.560922613224501536e-18 1.145651962732324199e-04 2.637961131146820157e-04 7.518488525853348804e-05 3.929839098121532917e+09 8.128937298187846375e+10 2.369316903846883449e+01
2.818382931264310938e+13 8.614177883429751104e-01 1.491756560727043601e-01 -1.838051122357082345e+00 1.679130066625613982e-01 3.488651784891752936e-18 9.832356643663689401e-05 2.263983783670098118e-04 6.293002297149124114e-05 3.604663297503233910e+09 8.161454878249676514e+10 2.514089320576572106e+01
3.162277660168211328e+13 8.423285259606562159e-01 1.715851674876902044e-01 -1.826037387333925288e+00 1.594402741258110490e-01 2.658511618028741094e-18 8.406951898989932590e-05 1.935772212013220502e-04 5.243063298228299406e-05 3.292107735658764839e+09 8.192710434434123230e+10 2.671806280382546106e+01
3.548133892335557031e+13 8.234718965759897369e-01 1.942258567518873880e-01 -1.813979761978739891e+00 1.507899032769642322e-01 2.017672275839177591e-18 7.158971385530803113e-05 1.648414079349415666e-04 4.347016725387644091e-05 2.992851658539601326e+09 8.222636042146040344e+10 2.844043466696845002e+01
3.981071705534757812e+13 8.048482741573719235e-01 2.171014986356430698e-01 -1.801770937089204105e+00 1.419971980580547188e-01 1.524775440023841366e-18 6.070240361573224914e-05 1.397724496744929569e-04 3.585482081364060696e-05 2.707520775797932148e+09 8.251169130420207214e+10 3.032616413520635490e+01
4.466835921509397656e+13 7.864590036798090322e-01 2.402146828521388167e-01 -1.789223965040033004e+00 1.331020967655244247e-01 1.147189008918381959e-18 5.124305073797393224e-05 1.179914847487963222e-04 2.941072245305840412e-05 2.436647589017794132e+09 8.278256449098220825e+10 3.239650069119755926e+01
5.011872336272448438e+13 7.683053314778327536e-01 2.635680578148676401e-01 -1.776520700025950861e+00 1.241485146558283514e-01 8.588640368474064593e-19 4.304516906894797470e-05 9.911516462356799429e-05 2.398305621874931856e-05 2.180697300470269680e+09 8.303851477952972412e+10 3.467622600516717313e+01
5.623413251903168750e+13 7.503877393787780070e-01 2.871652202045476554e-01 -1.763746827428858577e+00 1.151836916970051528e-01 6.395649822031665273e-19 3.596538196374500816e-05 8.281335237355617765e-05 1.943484329382123493e-05 1.940085736756787539e+09 8.327912634324320984e+10 3.719400846709540076e+01
6.309573444801581250e+13 7.327063694957804962e-01 3.110102446701903389e-01 -1.750904028663016865e+00 1.062579401319650590e-01 4.735256014448122537e-19 2.987744560309884531e-05 6.879536086243590184e-05 1.564462546292145023e-05 1.715144965458000898e+09 8.350406711454199219e+10 3.998326694782567614e+01
7.079457843840996875e+13 7.152621127100543541e-01 3.351062122633938212e-01 -1.737713851655964037e+00 9.742460761039618833e-02 3.485079952974702483e-19 2.467247660949977131e-05 5.681047684827845361e-05 1.250447952015360489e-05 1.506080775968236923e+09 8.371313130403176880e+10 4.308354791871914813e+01
7.943282347242367188e+13 6.980562896585187360e-01 3.594555352614217658e-01 -1.724282501759127006e+00 8.873916901345041408e-02 2.548332741250534783e-19 2.024212647847512390e-05 4.660921867983688015e-05 9.918987131950732052e-06 1.312976385994687796e+09 8.390623569400531006e+10 4.654191239724152496e+01
8.912509381336929688e+13 6.810893643749100779e-01 3.840617562217684688e-01 -1.710761900874457009e+00 8.025765278476933162e-02 1.850145353982973993e-19 1.648943782421018956e-05 3.796833372587855588e-05 7.804548321807854960e-06 1.135820557373705626e+09 8.408339152262629700e+10 5.041395182422961341e+01
9.999999999999428125e+13 6.643613441640722206e-01 4.089290845068443980e-01 -1.697239123690341023e+00 7.203578618650148535e-02 1.332905230154177070e-19 1.332905230154100807e-05 3.069127713326630158e-05 6.088058050329241147e-06 9.744940819091389179e+08 8.424471799809086609e+10 5.476550184900786178e+01
1.122018454301901094e+14 6.478725788227438498e-01 4.340612395847962546e-01 -1.683410212991329091e+00 6.412820121804205242e-02 9.525456634532154501e-20 1.068773812959755708e-05 2.460942649503540205e-05 4.705540459621703977e-06 8.287353123829385042e+08 8.439047676761706543e+10 5.967560482195294469e+01
1.258925411794094062e+14 6.316242957199785790e-01 4.594605303994157564e-01 -1.669235342046607284e+00 5.658734863548870592e-02 6.748494035876895531e-20 8.495850633106308787e-06 1.956241902009461279e-05 3.601244321743458688e-06 6.981356696384962797e+08 8.452107641036151123e+10 6.524027822823988743e+01
1.412537544622668750e+14 6.156170053239872209e-01 4.851302534158628554e-01 -1.654953806705779851e+00 4.946132691491424149e-02 4.735755005059660007e-20 6.689431746781486600e-06 1.540298582074017082e-05 2.727109200722592825e-06 5.821733641593784094e+08 8.463703871584062195e+10 7.157573621661735785e+01
1.584893192461020000e+14 5.998506237518375084e-01 5.110746151753832178e-01 -1.640686732752005605e+00 4.279257721279694504e-02 3.289078681371315788e-20 5.212838411574066400e-06 1.200300401867720630e-05 2.041959454737161531e-06 4.802214263359541297e+08 8.473899065366404724e+10 7.882263732929085620e+01
1.778279410038820938e+14 5.843249840815920582e-01 5.372979713394931967e-01 -1.626216701292570344e+00 3.661678155565342013e-02 2.259355993597393063e-20 4.017766243362045957e-06 9.251248659100134593e-06 1.510603137792730338e-06 3.915344654211775064e+08 8.482767761457882690e+10 8.715317353753368934e+01
1.995262314968760312e+14 5.690409958237637733e-01 5.638027985517943819e-01 -1.611303941987402899e+00 3.096203650947525893e-02 1.533991613253366089e-20 3.060715657402574559e-06 7.047558246628639506e-06 1.103132965149512658e-06 3.152518844469966888e+08 8.490396019555300903e+10 9.678113530777822859e+01
2.238721138568200312e+14 5.539992689420705219e-01 5.905919118348746943e-01 -1.596250815653814881e+00 2.584717893138820805e-02 1.028226826220432141e-20 2.301913131102572963e-06 5.300350861044033482e-06 7.944352374576972102e-07 2.504325472057647705e+08 8.496877953279423523e+10 1.079726681731638536e+02
2.511886431509428125e+14 5.391995940342039217e-01 6.176694722882476452e-01 -1.581181112892473095e+00 2.128087291234941753e-02 6.796771401280682659e-21 1.707271786094826908e-06 3.931138564351268018e-06 5.636480018228155832e-07 1.960810943692028821e+08 8.502313098563079834e+10 1.210590726492008713e+02
2.818382931264288125e+14 5.246413935134196516e-01 6.450403097567027899e-01 -1.566048468212745348e+00 1.726141034582409292e-02 4.425853285786936428e-21 1.247374935694186633e-06 2.872186932303840704e-06 3.935648644064385428e-07 1.511573537552458644e+08 8.506805472624475098e+10 1.364566044103214608e+02
3.162277660168185625e+14 5.103250327812302034e-01 6.727074370865040454e-01 -1.550435545895939793e+00 1.377703591584762167e-02 2.836479084133559077e-21 8.969734441289868823e-07 2.065357681262932862e-06 2.701262490672697648e-07 1.145919610524459779e+08 8.510462011894755554e+10 1.546955202291923115e+02
3.548133892335528125e+14 4.962511622616780360e-01 7.006731048944556672e-01 -1.534568350628639832e+00 1.080608381312400494e-02 1.786570516605650066e-21 6.338991401015900965e-07 1.459606710459665466e-06 1.820021392742051507e-07 8.531667481600399315e+07 8.513389540518399048e+10 1.764579254486140485e+02
3.981071705534725000e+14 4.824194390256439924e-01 7.289413378933895515e-01 -1.518661426522896818e+00 8.317613322137592385e-03 1.104178591474478911e-21 4.395814148376234339e-07 1.012173612962343371e-06 1.202076311886551733e-07 6.229563538971521705e+07 8.515691644461029053e+10 2.026232702157656718e+02
4.466835921509360625e+14 4.688290097940812085e-01 7.575171616738110014e-01 -1.502831321351033811e+00 6.272963439428885964e-03 6.685436273124969958e-22 2.986274689575628008e-07 6.876151583802263377e-07 7.771291190509109732e-08 4.454313583651433140e+07 8.517466894416348267e+10 2.343341619035810481e+02
5.011872336272406875e+14 4.554795513306095223e-01 7.864044560876195522e-01 -1.486558252633941812e+00 4.627650139686322918e-03 3.960157800075969498e-22 1.984780532547414457e-07 4.570126067108460016e-07 4.909721777781440662e-08 3.113825351019195467e+07 8.518807382648980713e+10 2.730953921787321974e+02
5.623413251903122500e+14 4.423716060529487848e-01 8.156050124500403564e-01 -1.469866629655211199e+00 3.333319348062794250e-03 2.290827953787465861e-22 1.288227227315854921e-07 2.966252810006539734e-07 3.025627058502698533e-08 2.124191506786600500e+07 8.519797016493212891e+10 3.209185846633609458e+02
6.309573444801530000e+14 4.295047873186092491e-01 8.451223913600874882e-01 -1.453118979493738028e+00 2.339688484963330702e-03 1.291222878969561608e-22 8.147065588466525258e-08 1.875931177564778512e-07 1.815081061609873869e-08 1.411271734223512374e+07 8.520509936265776062e+10 3.805116794090538974e+02
7.079457843840938750e+14 4.168780569153928139e-01 8.749615294086572348e-01 -1.436524089988151065e+00 1.596810895455524340e-03 7.075073328387472303e-23 5.008768337040251144e-08 1.153311530712945925e-07 1.057770384540445870e-08 9.112430866051156074e+06 8.521009964913394165e+10 4.555501551049575824e+02
7.943282347242301250e+14 4.044904046507006301e-01 9.051272642712526739e-01 -1.419639123659870883e+00 1.057121803613855424e-03 3.760690250637790320e-23 2.987222448133738744e-08 6.878333878529926347e-08 5.974841548989632481e-09 5.705312073532542214e+06 8.521350676792646790e+10 5.510925447348079160e+02
8.912509381336857500e+14 3.923420456666884548e-01 9.356212541793799131e-01 -1.402153911322771451e+00 6.771080039984594913e-04 1.934546421601993302e-23 1.724166313115941386e-08 3.970039650423271013e-08 3.262748166751344556e-09 3.454822980921498034e+06 8.521575725701907349e+10 6.742259779553660337e+02
9.999999999999345000e+14 3.804326345086948002e-01 9.664461620098557804e-01 -1.384585400650694798e+00 4.184358875572632953e-04 9.600618064176020369e-24 9.600618064175391760e-09 2.210624003809961141e-08 1.717582253193042970e-09 2.017591589252132457e+06 8.521719448841075134e+10 8.350147593658292635e+02
1.122018454301891875e+15 3.687609255780568973e-01 9.976067430807723513e-01 -1.367146843007085222e+00 2.487055364309444759e-04 4.581617696289438456e-24 5.140659605792870099e-09 1.183680617645531118e-08 8.690060978291735444e-10 1.132907714050245238e+06 8.521807917228594971e+10 1.047914199902838618e+03
1.258925411794083750e+15 3.573252949081326957e-01 1.029108721865441334e+00 -1.349659008130709825e+00 1.416895815678931455e-04 2.095549234015236139e-24 2.638140182367408001e-09 6.074542257147787085e-09 4.212223869890979489e-10 6.096949494873019867e+05 8.521860238505050659e+10 1.334021569690647993e+03
1.412537544622657250e+15 3.461253055290592906e-01 1.060954414778336741e+00 -1.331453939423273836e+00 7.708696203266227325e-05 9.155991792107273383e-25 1.293318216460841128e-09 2.977975245720379500e-09 1.949094494173947045e-10 3.133475131353717297e+05 8.521889873248686218e+10 1.724734967660570646e+03
1.584893192461007250e+15 3.351606201556490139e-01 1.093145398911608890e+00 -1.313013510781518622e+00 3.988996866857769970e-05 3.805060476488518146e-25 6.030614446089089127e-10 1.388600292515928141e-09 8.574506096148747874e-11 1.531653883305029885e+05 8.521905891461166382e+10 2.267759328917496987e+03
1.778279410038806500e+15 3.244297472767688206e-01 1.125686261571493096e+00 -1.294658655596879981e+00 1.954518845788475516e-05 1.497053936847534817e-25 2.662180191613506900e-10 6.129896424073293839e-10 3.570531258840625000e-11 7.089413807255677239e+04 8.521914118586192322e+10 3.036843326301626348e+03
1.995262314968744250e+15 3.139306208496112083e-01 1.158583270195774118e+00 -1.276531140176443424e+00 9.023061901187300822e-06 5.548091842527476766e-26 1.106989857338057946e-10 2.548938343602217647e-10 1.400822566921756112e-11 3.092796503063593264e+04 8.521918115203497314e+10 4.148320380390022365e+03
2.238721138568182000e+15 3.036619966952063820e-01 1.191840049119276879e+00 -1.257698235884421090e+00 3.903581801152136157e-06 1.927404750532362046e-26 4.314921757593532075e-11 9.935474516470535090e-11 5.152011181094421030e-12 1.265277427478309801e+04 8.521919942722572327e+10 5.789944503471557255e+03
2.511886431509407500e+15 2.936234734430129278e-01 1.225457035018659546e+00 -1.238348556894109054e+00 1.573373203848479611e-06 6.239330592450613892e-27 1.567248985687824945e-11 3.608724151454824792e-11 1.765961514113095439e-12 4.825908761576192774e+03 8.521920725409123230e+10 8.273188541341001837e+03
2.818382931264265000e+15 2.838134561707653658e-01 1.259438101106906016e+00 -1.219064463592562486e+00 5.869923429297222253e-07 1.869247893964195134e-27 5.268256358650362348e-12 1.213060855749941827e-11 5.605152623119089133e-13 1.705014951193672687e+03 8.521921037498504639e+10 1.212841882469534903e+04
3.162277660168159500e+15 2.742296162297291340e-01 1.293789508095987584e+00 -1.200212542507897995e+00 2.012427193400428695e-07 5.144316285362525881e-28 1.626775646604116598e-12 3.745789353516389177e-12 1.636053145365153781e-13 5.541667987780474505e+02 8.521921152583320618e+10 1.828384500092812596e+04
3.548133892335499000e+15 2.648698134813442517e-01 1.328516843590219487e+00 -1.180853150146676800e+00 6.289758202908986847e-08 1.290886244369934928e-28 4.580237234798651172e-13 1.054638597922364475e-12 4.359461575054706316e-14 1.644861751336955820e+02 8.521921191551382446e+10 2.841334613361915763e+04
3.981071705534692500e+15 2.557332879782081569e-01 1.363620221434234558e+00 -1.160592159376024002e+00 1.776812497556178673e-08 2.928909129298809656e-29 1.166019726273374332e-13 2.684859639854069514e-13 1.051650170285292265e-14 4.421465443347004509e+01 8.521921203578533936e+10 4.564321573619293486e+04
4.466835921509324000e+15 2.468184019304048293e-01 1.399102427613807542e+00 -1.140354580692280129e+00 4.493561368220240720e-09 5.948494796021742890e-30 2.657095023378120117e-14 6.118187391499125195e-14 2.274805755343001016e-15 1.066087276586400989e+01 8.521921206933912659e+10 7.603587718780947034e+04
5.011872336272366000e+15 2.381225703087855583e-01 1.434969736580899324e+00 -1.120562392132197216e+00 1.006549443466455444e-09 1.069668705262253322e-30 5.361042992880166164e-15 1.234425767830605488e-14 4.366524655105761253e-16 2.281941872902618407e+00 8.521921207771806335e+10 1.318119225290631293e+05
5.623413251903077000e+15 2.296429050134516925e-01 1.471229763468987262e+00 -1.100692777246160992e+00 1.973356661109150258e-10 1.683399019492086489e-31 9.466448354452445854e-16 2.179730286456021842e-15 7.355276639152570355e-17 4.288076791988478242e-01 8.521921207957119751e+10 2.386713718939524260e+05
6.309573444801478000e+15 2.213781380145693478e-01 1.507883007871443359e+00 -1.079628647861075930e+00 3.342918122355327023e-11 2.290325572999235022e-32 1.445097741534570149e-16 3.327460517576863788e-16 1.074085793618327137e-17 6.988243343724637180e-02 8.521921207993011475e+10 4.532317676036175108e+05
7.079457843840881000e+15 2.133269063283752820e-01 1.544929518336084939e+00 -1.058434841628525191e+00 4.824469400399689792e-12 2.654530931301553491e-33 1.879263982332102188e-17 4.327165231518524491e-17 1.340415334361520792e-18 9.736796176458381580e-03 8.521921207999026489e+10 9.069573628254770301e+05
7.943282347242237000e+15 2.054865512808955741e-01 1.582374691075978390e+00 -1.037633830875996255e+00 5.837855794729182241e-13 2.578811956625899744e-34 2.048423149192372449e-18 4.716668607474275369e-18 1.407073112950380961e-19 1.141654454302526780e-03 8.521921207999885559e+10 1.922624380354050314e+06
8.912509381336785000e+15 1.978537723394226400e-01 1.620227044668721694e+00 -1.017336633709896798e+00 5.817959173493700125e-14 2.062556792246490143e-35 1.838255676043674856e-19 4.232740116769857873e-19 1.220874581625712421e-20 1.106978521153005352e-04 8.521921207999989319e+10 4.342864867092919536e+06
