# [1] m:            [M_sun/h] 
# [2] sigma 
# [3] ln(1/sigma) 
# [4] n_eff 
# [5] f(sigma) 
# [6] dn/dm:        [h^4/(Mpc^3*M_sun)] 
# [7] dn/dlnm:      [h^3/Mpc^3] 
# [8] dn/dlog10m:   [h^3/Mpc^3] 
# [9] n(>m):        [h^3/Mpc^3] 
# [11] rho(>m):     [M_sun*h^2/Mpc^3] 
# [11] rho(<m):     [M_sun*h^2/Mpc^3] 
# [12] Lbox(N=1):   [Mpc/h]
1.000000000000000000e+07 3.549776918339598186e+00 -1.266884761608476184e+00 -2.516550227174258580e+00 2.398817489121211344e-01 1.647156373610096097e-05 1.647156373610096125e+02 3.792717711704738690e+02 1.740122677108022344e+02 3.522234060110398102e+10 4.999687147889601898e+10 1.791183353417221680e-01
1.122018454301963001e+07 3.516959977571768370e+00 -1.257596973720461975e+00 -2.515342399793555561e+00 2.406064174144756096e-01 1.315614036052420751e-05 1.476143227189504046e+02 3.398945390050675428e+02 1.560331099564137673e+02 3.503218067199132538e+10 5.018703140800867462e+10 1.857495392237563658e-01
1.258925411794166267e+07 3.484365481562283762e+00 -1.248285956347774617e+00 -2.514138023199294913e+00 2.413364985400337781e-01 1.050805130053340140e-05 1.322885281067823655e+02 3.046055927928009055e+02 1.399206066614671329e+02 3.484096975533592224e+10 5.037824232466407776e+10 1.926220971342839372e-01
1.412537544622752629e+07 3.451990738516209412e+00 -1.238951090284850620e+00 -2.512906992283254759e+00 2.420719640400277872e-01 8.393491465810514856e-06 1.185612182592801389e+02 2.729972937710319343e+02 1.254805344973713801e+02 3.464869609324255371e+10 5.057051598675744629e+10 1.997443697974647381e-01
1.584893192461110838e+07 3.419834031928316698e+00 -1.229592021221028730e+00 -2.511612097271144872e+00 2.428127590052556461e-01 6.705368746079872791e-06 1.062729327860348576e+02 2.447024708218820592e+02 1.125380403825485871e+02 3.445533454143855286e+10 5.076387753856144714e+10 2.071254907821181712e-01
1.778279410038919002e+07 3.387893495063595051e+00 -1.220208340364046018e+00 -2.510295397754528146e+00 2.435588265039752842e-01 5.357033010493515078e-06 9.526301501459421672e+01 2.193511982862726200e+02 1.009366986548447755e+02 3.426086079152258682e+10 5.095835128847741699e+10 2.147749539674079777e-01
1.995262314968874678e+07 3.356166616627984212e+00 -1.210799434758738302e+00 -2.508972549403060803e+00 2.443101193170933438e-01 4.279898717452491559e-06 8.539520622816576179e+01 1.966297288741267835e+02 9.053717547583482883e+01 3.406526188964635468e+10 5.115395019035364532e+10 2.227021207865442776e-01
2.238721138568333164e+07 3.324650659189730018e+00 -1.201364603682769205e+00 -2.507638659562521521e+00 2.450665905617281648e-01 3.419434729207315036e-06 7.655160810231100754e+01 1.762665916611035470e+02 8.121476746245410538e+01 3.386852698144630432e+10 5.135068509855369568e+10 2.309165170164105274e-01
2.511886431509571895e+07 3.293343666328302000e+00 -1.191903360635824249e+00 -2.506239823006903400e+00 2.458281690730207136e-01 2.732335159939436019e-06 6.863315614588405822e+01 1.580336822266453112e+02 7.285726061526041519e+01 3.367063337972587585e+10 5.154857870027412415e+10 2.394284316052496531e-01
2.818382931264443323e+07 3.262244013888840666e+00 -1.182415306394581478e+00 -2.504801537836156555e+00 2.465947689325671266e-01 2.183480968911343003e-06 6.153885493520477468e+01 1.416984500137255907e+02 6.536395730925117675e+01 3.347155259097289658e+10 5.174765948902709961e+10 2.482488359671266021e-01
3.162277660168366507e+07 3.231349358938048422e+00 -1.172899808183063719e+00 -2.503349711651649212e+00 2.473663149845161668e-01 1.744928015551655930e-06 5.517946882180921619e+01 1.270554223484276264e+02 5.864511050019737581e+01 3.327126633682264709e+10 5.194794574317735291e+10 2.573886529655948774e-01
3.548133892335738987e+07 3.200657044715076172e+00 -1.163356115202546670e+00 -2.501896268605507956e+00 2.481427333031465121e-01 1.394465008475500648e-06 4.947748558248167683e+01 1.139261207410501413e+02 5.262057192296045827e+01 3.306976392334281158e+10 5.214944815665718842e+10 2.668587692020960023e-01
3.981071705534952879e+07 3.170164832061016291e+00 -1.153783584032955112e+00 -2.500384892548342730e+00 2.489239324319447721e-01 1.114521573715947920e-06 4.436990302328848657e+01 1.021654772790155192e+02 4.721828197245883985e+01 3.286702561806740952e+10 5.235218646193258667e+10 2.766707662565745518e-01
4.466835921509607136e+07 3.139871203597516036e+00 -1.144181781116327734e+00 -2.498815086066697777e+00 2.497097943334406212e-01 8.908812753245723979e-07 3.979420482420090366e+01 9.162954281575674997e+01 4.237340647008955585e+01 3.266302006201768875e+10 5.255619201798231506e+10 2.868372435129126763e-01
5.011872336272694170e+07 3.109774042608393518e+00 -1.134550068441791071e+00 -2.497224789290392710e+00 2.505002076778645725e-01 7.121446418857499465e-07 3.569178030092015064e+01 8.218336126331728053e+01 3.802808386811272356e+01 3.245772339998307800e+10 5.276148868001692200e+10 2.973709354222348611e-01
5.623413251903456450e+07 3.079870828861456467e+00 -1.124887657424686882e+00 -2.495630999701516473e+00 2.512950630800967478e-01 5.692704052054814065e-07 3.201242740548954657e+01 7.371133813443428551e+01 3.413071638316895218e+01 3.225112294235852051e+10 5.296808913764147949e+10 3.082843880559443805e-01
6.309573444801890850e+07 3.050159098037190208e+00 -1.115193752549745287e+00 -2.493993974527421997e+00 2.520942407879565583e-01 4.550979472898811538e-07 2.871473923004084838e+01 6.611813050030337990e+01 3.063497966730052724e+01 3.204320131333217621e+10 5.317601076666782379e+10 3.195907011389926833e-01
7.079457843841329217e+07 3.020637276896513956e+00 -1.105467827965339822e+00 -2.492282848832468201e+00 2.528975871762058625e-01 3.638754742823848430e-07 2.576041080589913079e+01 5.931553791106607321e+01 2.749913795701630548e+01 3.183392655069446945e+10 5.338528552930552673e+10 3.313042243079172278e-01
7.943282347242756188e+07 2.991303520633854962e+00 -1.095709252477823137e+00 -2.490542715304446819e+00 2.537049449493977704e-01 2.909530892655099187e-07 2.311122537838470947e+01 5.321556303709431290e+01 2.468586043331230684e+01 3.162326952754514694e+10 5.359594255245484924e+10 3.434397638930307139e-01
8.912509381337386370e+07 2.962155442941298400e+00 -1.085917193517008883e+00 -2.488788457390606279e+00 2.545161605069781730e-01 2.326495829482706175e-07 2.073491590590692368e+01 4.774390826942641297e+01 2.216187365064929793e+01 3.141121345933911896e+10 5.380799862066088104e+10 3.560118947595668493e-01
9.999999999999918044e+07 2.933190489578585858e+00 -1.076090734895753798e+00 -2.487007148044447113e+00 2.553310735443423685e-01 1.860378231029924644e-07 1.860378231029909557e+01 4.283679182100102878e+01 1.989735614838862077e+01 3.119774197219837570e+10 5.402147010780162048e+10 3.690355534833154594e-01
1.122018454301956147e+08 2.904406896939568217e+00 -1.066229203173238105e+00 -2.485146141448008272e+00 2.561494891912460825e-01 1.487865693536029754e-07 1.669412765670204024e+01 3.843964948286173922e+01 1.786544511579205974e+01 3.098282500240420151e+10 5.423638707759579468e+10 3.825269634339833469e-01
1.258925411794155836e+08 2.875803070071664802e+00 -1.056331963964889153e+00 -2.483238619650345758e+00 2.569711940499658787e-01 1.190037799584776714e-07 1.498168826892876204e+01 3.449661207591913836e+01 1.604203857682254508e+01 3.076642835825457764e+10 5.445278372174542236e+10 3.965033076222007069e-01
1.412537544622738063e+08 2.847376763732175853e+00 -1.046398136643095667e+00 -2.481307318002476947e+00 2.577959790597157408e-01 9.518587884810728642e-08 1.344536275908628831e+01 3.095909185896938354e+01 1.440564597845033923e+01 3.054852950535108185e+10 5.467068257464891815e+10 4.109816399280603050e-01
1.584893192461097836e+08 2.819125468440203619e+00 -1.036426719279227360e+00 -2.479360342419893559e+00 2.586236282291831667e-01 7.613628988379261919e-08 1.206678875360676706e+01 2.778480790436314507e+01 1.293704848436703259e+01 3.032911242410187531e+10 5.489009965589812469e+10 4.259790736162724634e-01
1.778279410038908124e+08 2.791047169607456357e+00 -1.026416855023143615e+00 -2.477336878204255299e+00 2.594538955409829706e-01 6.090715557037765047e-08 1.083099406748391580e+01 2.493928548209541063e+01 1.161894614970557349e+01 3.010814999716348267e+10 5.511106208283651733e+10 4.415139401852032908e-01
1.995262314968858361e+08 2.763140417858901188e+00 -1.016367865445784835e+00 -2.475245501263973580e+00 2.602865012139775613e-01 4.872973843308428264e-08 9.722861071382268960e+00 2.238771496421692930e+01 1.043577113854776961e+01 2.988560404251283646e+10 5.533360803748716736e+10 4.576061135330563578e-01
2.238721138568310440e+08 2.735403163611489052e+00 -1.006278834009021850e+00 -2.473121908664224655e+00 2.611211652026476093e-01 3.898867526522044666e-08 8.728477148102443905e+00 2.009806136575987168e+01 9.373626730298354914e+00 2.966144574548749542e+10 5.555776633451250458e+10 4.742755993583225860e-01
2.511886431509551406e+08 2.707833020074514874e+00 -9.961486914333996801e-01 -2.470983215579895642e+00 2.619575989017263185e-01 3.119512401592179302e-08 7.835860874485169880e+00 1.804273644036484114e+01 8.420106785145241801e+00 2.943565759629843521e+10 5.578355448370156860e+10 4.915421901538423732e-01
2.818382931264426112e+08 2.680427749361741441e+00 -9.859763897575672953e-01 -2.468780066576241161e+00 2.627954894825111354e-01 2.496195144397333149e-08 7.035233788074583217e+00 1.619922444614856971e+01 7.564057762982410615e+00 2.920821528997193146e+10 5.601099679002806854e+10 5.094267207646060447e-01
3.162277660168340802e+08 2.653185910983247631e+00 -9.757611484573838201e-01 -2.466489122950556556e+00 2.636344784416837506e-01 1.997706806894247590e-08 6.317303607007908717e+00 1.454612911341392767e+01 6.795423923993351600e+00 2.897907899793188477e+10 5.624013308206811523e+10 5.279520514231836881e-01
3.548133892335702181e+08 2.626105708107131509e+00 -9.655020294904976819e-01 -2.464156857633553521e+00 2.644741953694420000e-01 1.598848249102891912e-08 5.672927661343566186e+00 1.306239866664327032e+01 6.105210729491924226e+00 2.874821390152790833e+10 5.647099817847209167e+10 5.471416558183566092e-01
3.981071705534920692e+08 2.599184896682764201e+00 -9.551978945997783299e-01 -2.461799081137826750e+00 2.653142598505964789e-01 1.279650267020020368e-08 5.094379471013609439e+00 1.173024222801083027e+01 5.485394707125574421e+00 2.851559871438460159e+10 5.670361336561540222e+10 5.670186873872234967e-01
4.466835921509580016e+08 2.572421131606208444e+00 -9.448475299883415390e-01 -2.459392892679898246e+00 2.661542695474419240e-01 1.024239339664323291e-08 4.575109074635851591e+00 1.053457795407829600e+01 4.928774202573348973e+00 2.828121079774404144e+10 5.693800128225595856e+10 5.876070879404178271e-01
5.011872336272653341e+08 2.545812853203389903e+00 -9.344499912290197274e-01 -2.456887986117341605e+00 2.669937706681556611e-01 8.199300485210895069e-09 4.109384727861542963e+00 9.462208015751382817e+00 4.428854553327608912e+00 2.804501177320048904e+10 5.717420030679951477e+10 6.089330236370926741e-01
5.623413251903399229e+08 2.519358536019513206e+00 -9.240043199215798309e-01 -2.454325158166575704e+00 2.678322795942038592e-01 6.564219773958994268e-09 3.691332046528734256e+00 8.499606143628266608e+00 3.979809199343119719e+00 2.780696133215488815e+10 5.741225074784510803e+10 6.310240565004521240e-01
6.309573444801839590e+08 2.493056085633253094e+00 -9.135093015339503797e-01 -2.451724537077194288e+00 2.686693004381047190e-01 5.255367837216133278e-09 3.315912934836459325e+00 7.635171693420568673e+00 3.576439753416900569e+00 2.756703264618651962e+10 5.765217943381347656e+10 6.539075656544504067e-01
7.079457843841286898e+08 2.466903195303041141e+00 -9.029635969325827682e-01 -2.449088544926806499e+00 2.695043121665259833e-01 4.207593594424910054e-09 2.978748147574778571e+00 6.858821080389313707e+00 3.214089934071655108e+00 2.732520411803558350e+10 5.789400796196441650e+10 6.776113291223821999e-01
7.943282347242691517e+08 2.440898121800769704e+00 -8.923660542845236465e-01 -2.446353218449344613e+00 2.703367418358759156e-01 3.369179263055717425e-09 2.676234216492662021e+00 6.162257012256604050e+00 2.888562981755508741e+00 2.708144091293134308e+10 5.813777116706865692e+10 7.021653368531889372e-01
8.912509381337294579e+08 2.415039550536312252e+00 -8.817156640041035054e-01 -2.443536538233947120e+00 2.711659666329857554e-01 2.698100352398012030e-09 2.404684470253674267e+00 5.536990614560394874e+00 2.596081791085084856e+00 2.683569834257815170e+10 5.838351373742184448e+10 7.276019868570439142e-01
9.999999999999836683e+08 2.389325595254273793e+00 -8.710111484059189779e-01 -2.440672090010719053e+00 2.719913438014113227e-01 2.160766497876159902e-09 2.160766497876124514e+00 4.975348727450515263e+00 2.333273307534813323e+00 2.658794342240027618e+10 5.863126865759972382e+10 7.539539064253490963e-01
1.122018454301946878e+09 2.363754096680443340e+00 -8.602510741166616848e-01 -2.437776290488367081e+00 2.728121988632269401e-01 1.730450602294008765e-09 1.941597510031796814e+00 4.470693483193572959e+00 2.097122252268712295e+00 2.633815468942224884e+10 5.888105739057775116e+10 7.812536939994247920e-01
1.258925411794145584e+09 2.338323144819150379e+00 -8.494340677075350454e-01 -2.434790255507943701e+00 2.736278063582796016e-01 1.385977351852027601e-09 1.744842108417673288e+00 4.017647428470835003e+00 1.884913729477103006e+00 2.608630171354719925e+10 5.913291036645280457e+10 8.095360139980082304e-01
1.412537544622726679e+09 2.313031539359684086e+00 -8.385590188501043096e-01 -2.431699739634265445e+00 2.744373725149337195e-01 1.110215718532242117e-09 1.568221385057089412e+00 3.610963183746929595e+00 1.694198464171659646e+00 2.583233822573159409e+10 5.938687385426840210e+10 8.388389193689878010e-01
1.584893192461085081e+09 2.287877681521361506e+00 -8.276246112149371337e-01 -2.428551684105720199e+00 2.752400681604130761e-01 8.893544408217750530e-10 1.409531798943466141e+00 3.245566908348305635e+00 1.522785211869279509e+00 2.557622577653131485e+10 5.964298630346868896e+10 8.692014653174144900e-01
1.778279410038893700e+09 2.262859618635342240e+00 -8.166293314242691892e-01 -2.425364292075170791e+00 2.760350243023260153e-01 7.124314190183853952e-10 1.266902123505186273e+00 2.917149943865543715e+00 1.368717290563933986e+00 2.531794116203405380e+10 5.990127091796594238e+10 9.006625027135785055e-01
1.995262314968842030e+09 2.237975385226082636e+00 -8.055716112707514975e-01 -2.422103082342701441e+00 2.768213180224761150e-01 5.707371920939479874e-10 1.138770411136187377e+00 2.622115773024885854e+00 1.230235647641673813e+00 2.505745825031970215e+10 6.016175382968029785e+10 9.332626764454970969e-01
2.238721138568292141e+09 2.213223796701674129e+00 -7.944501841535752673e-01 -2.418721628947059887e+00 2.775979443041853290e-01 4.572847025771745104e-10 1.023732930003435015e+00 2.357232183833026351e+00 1.105751948720226530e+00 2.479473339267314148e+10 6.042447868732685852e+10 9.670466590272150942e-01
2.511886431509531021e+09 2.188603608672579082e+00 -7.832637188506036408e-01 -2.415268783975238698e+00 2.783638396285332828e-01 3.663999129435018493e-10 9.203549698290557357e-01 2.119195633791368660e+00 9.938412532796171428e-01 2.452972428575576019e+10 6.068948779424423981e+10 1.002061385082194889e+00
2.818382931264402866e+09 2.164113109339687924e+00 -7.720106282595378122e-01 -2.411763404868371818e+00 2.791178909553557186e-01 2.935796701100777960e-10 8.274199312044774324e-01 1.905204799237588675e+00 8.932312424538936257e-01 2.426240489963153458e+10 6.095680718036846924e+10 1.038353820128013583e+00
3.162277660168314457e+09 2.139750445395175227e+00 -7.606892079324638622e-01 -2.408200845559352654e+00 2.798589213275493592e-01 2.352338194983803896e-10 7.438746523157939716e-01 1.712834685478475949e+00 8.027802553359923987e-01 2.399275351092692947e+10 6.122645856907307434e+10 1.075972337074204921e+00
3.548133892335673332e+09 2.115514401677317746e+00 -7.492979988491251797e-01 -2.404515159027930782e+00 2.805856622598719707e-01 1.885048156835581629e-10 6.688403253953218996e-01 1.540061762848555116e+00 7.214578441278169940e-01 2.372073340596435165e+10 6.149847867403564453e+10 1.114969566801132350e+00
3.981071705534887791e+09 2.091404091417900624e+00 -7.378356544862141320e-01 -2.400735314111417829e+00 2.812967600387026867e-01 1.510670261705739518e-10 6.014086635269704217e-01 1.384794623434673966e+00 6.483364344707366334e-01 2.344630060520470810e+10 6.177291147479528809e+10 1.155402201142583296e+00
4.466835921509543419e+09 2.067418121726882330e+00 -7.263005445810274407e-01 -2.396893609163798011e+00 2.819907963250533056e-01 1.210640305239145445e-10 5.407731603469493331e-01 1.245176217706164490e+00 5.825871634422159495e-01 2.316942649142491150e+10 6.204978558857508850e+10 1.197327698939601337e+00
5.011872336272612572e+09 2.043554905887595030e+00 -7.146908922140164933e-01 -2.393005622236410446e+00 2.826662734808378930e-01 9.701634880944265808e-11 4.862335547642200884e-01 1.119594134913597161e+00 5.234679046267222136e-01 2.289009497316276932e+10 6.232911710683723450e+10 1.240804368088565202e+00
5.623413251903352737e+09 2.019813226978205645e+00 -7.030050452462717203e-01 -2.389003256490064953e+00 2.833215936490847686e-01 7.775079450923244021e-11 4.372248481892321292e-01 1.006747417727110738e+00 4.703093658107047048e-01 2.260827948209295273e+10 6.261093259790704346e+10 1.285894851610149381e+00
6.309573444801788330e+09 1.996192513736096519e+00 -6.912416230058759936e-01 -2.384883949870414632e+00 2.839550477170801335e-01 6.231504551381237551e-11 3.931813563855653948e-01 9.053335300565822363e-01 4.225073421161125720e-01 2.232393885284045792e+10 6.289527322715954590e+10 1.332667827115985748e+00
7.079457843841228485e+09 1.972691804726767417e+00 -6.793990084156530385e-01 -2.380695752303505941e+00 2.845648394095769418e-01 4.994264749365340265e-11 3.535668675411420270e-01 8.141177985768339731e-01 3.795210589002773749e-01 2.203704432696847916e+10 6.318216775303152466e+10 1.381194076005206384e+00
7.943282347242626190e+09 1.949309888165513982e+00 -6.674754064321664071e-01 -2.376460770003620215e+00 2.851490749818373360e-01 4.002414041621264324e-11 3.179230480316620477e-01 7.320448711169350586e-01 3.408669921579333129e-01 2.174758553354152679e+10 6.347162654645847321e+10 1.431545042113396171e+00
8.912509381337221146e+09 1.926045658771819769e+00 -6.554690196223632581e-01 -2.372132164722160041e+00 2.857057479853782334e-01 3.207550312730207775e-11 2.858732225331911403e-01 6.582474206910955417e-01 3.061096848627327116e-01 2.145554864818445206e+10 6.376366343181555176e+10 1.483796389262625137e+00
9.999999999999753952e+09 1.902898800149811276e+00 -6.433784077879256547e-01 -2.367670236376776316e+00 2.862327187747898405e-01 2.570686780634156304e-11 2.570686780634093282e-01 5.919225059844918091e-01 2.748554366958431694e-01 2.116090211388457489e+10 6.405830996611542511e+10 1.538031473455853559e+00
1.122018454301937675e+10 1.879868886103817083e+00 -6.312020329756711234e-01 -2.363132621183107851e+00 2.867277322662531991e-01 2.060179058496525722e-11 2.311558922799493154e-01 5.322561117215487414e-01 2.467509712531922861e-01 2.086362119244681549e+10 6.435559088755318451e+10 1.594337923108330113e+00
1.258925411794135284e+10 1.856955141838527723e+00 -6.189381258259895047e-01 -2.358539932925511007e+00 2.871884162437617349e-01 1.650907756830743472e-11 2.078369727602275840e-01 4.785623152507096356e-01 2.214805105788859307e-01 2.056370233255613708e+10 6.465550974744386292e+10 1.652804530648133596e+00
1.412537544622714996e+10 1.834156741293279991e+00 -6.065848343554175459e-01 -2.353879430416150775e+00 2.876122674898478060e-01 1.322839752479330728e-11 1.868560815896473937e-01 4.302520280036012945e-01 1.987601519975282505e-01 2.026114698180581284e+10 6.495806509819418335e+10 1.713524137971364159e+00
1.584893192461071968e+10 1.811473573941891457e+00 -5.941406433039407853e-01 -2.349084562968152490e+00 2.879966325443173991e-01 1.059981401456213839e-11 1.679957307303300007e-01 3.868244652662995997e-01 1.783332396657808239e-01 1.995594133058503723e+10 6.526327074941496277e+10 1.776598264814932771e+00
1.778279410038879013e+10 1.788905781560272468e+00 -5.816041377178389205e-01 -2.344198131045772016e+00 2.883387141750794469e-01 8.493014617131424048e-12 1.510295302280404428e-01 3.477583449049795883e-01 1.599686694114989260e-01 1.964806958906211853e+10 6.557114249093788147e+10 1.842135997179549012e+00
1.995262314968825912e+10 1.766453079253055947e+00 -5.689736260451432326e-01 -2.339252573105730537e+00 2.886355763146865594e-01 6.804114361483073392e-12 1.357599297220535295e-01 3.125987904039197463e-01 1.434597410287765107e-01 1.933753756640924454e+10 6.588167451359075928e+10 1.910249021206974707e+00
2.238721138568273544e+10 1.744115059624353536e+00 -5.562472978658112854e-01 -2.334262196304972115e+00 2.888841308163764277e-01 5.450209150536182645e-12 1.220149843492358555e-01 2.809498840844523171e-01 1.286210241665672604e-01 1.902436630876525879e+10 6.619484577123474121e+10 1.981052624264295181e+00
2.511886431509510422e+10 1.721891792910636099e+00 -5.434235660001577317e-01 -2.329150235953750148e+00 2.890811251245025693e-01 4.365472651349688848e-12 1.096557152005113167e-01 2.524916151822979571e-01 1.152849866848985605e-01 1.870856663210913467e+10 6.651064544789086914e+10 2.054671587394818033e+00
2.818382931264379883e+10 1.699783916754617152e+00 -5.305011351918887952e-01 -2.323927944852839822e+00 2.892231413060703527e-01 3.496328964162453008e-12 9.853993874680727627e-02 2.268965940229448197e-01 1.033002814547675369e-01 1.839013869460847855e+10 6.682907338539152527e+10 2.131242321884813773e+00
3.162277660168288803e+10 1.677791679612209208e+00 -5.174784523119134727e-01 -2.318645717949016305e+00 2.893066004280780978e-01 2.799739314387732736e-12 8.853553088183208075e-02 2.038605936088205561e-01 9.253135176397345174e-02 1.806910237242995071e+10 6.715010970757005310e+10 2.210906438558638332e+00
3.548133892335644531e+10 1.655915134345329109e+00 -5.043538072738673605e-01 -2.313329578074905246e+00 2.893277525593576094e-01 2.241427512289208541e-12 7.952884923566910791e-02 1.831219427130226229e-01 8.285678835592741320e-02 1.774550112934789276e+10 6.747371095065210724e+10 2.293809259419673285e+00
3.981071705534854889e+10 1.634154517534926798e+00 -4.911255559417837535e-01 -2.307917959249551121e+00 2.892826701465829320e-01 1.794181032618121316e-12 7.142763343563311718e-02 1.644682039767318971e-01 7.416703468868358906e-02 1.741937590817731476e+10 6.779983617182268524e+10 2.380106341498792855e+00
4.466835921509506989e+10 1.612510796861918116e+00 -4.777924653936956312e-01 -2.302379321482272978e+00 2.891672498695559979e-01 1.436000906277705157e-12 6.414380431481460365e-02 1.476965676232192548e-01 6.636291539868484357e-02 1.709075189641357803e+10 6.812846018358642578e+10 2.469969067258080297e+00
5.011872336272570801e+10 1.590984729037443257e+00 -4.643531509673122226e-01 -2.296778839495748237e+00 2.889772114760882360e-01 1.149057576319084856e-12 5.758929879538029345e-02 1.326042609222226332e-01 5.935539468504882898e-02 1.675966890623082733e+10 6.845954317376917267e+10 2.563578383805638072e+00
5.623413251903306580e+10 1.569576749782896297e+00 -4.508059968898011083e-01 -2.291140540696054995e+00 2.887080900559925722e-01 9.191901395750580172e-13 5.168986011905231381e-02 1.190203013690772915e-01 5.306478062776635862e-02 1.642619491449274063e+10 6.879301716550726318e+10 2.661120510388143678e+00
6.309573444801736450e+10 1.548287244275652563e+00 -4.371493162713251390e-01 -2.285437710880715123e+00 2.883552325845377684e-01 7.351131530038274183e-13 4.638250429117425633e-02 1.067996629565902134e-01 4.741928151962469806e-02 1.609040475017547417e+10 6.912880732982452393e+10 2.762792978060271576e+00
7.079457843841171265e+10 1.527117276513137334e+00 -4.233818251951318445e-01 -2.279601117877980254e+00 2.879138116906316824e-01 5.877894590534937715e-13 4.161230696423415254e-02 9.581587770093788481e-02 4.235389300318651712e-02 1.575235855411069870e+10 6.946685352588929749e+10 2.868812877104587322e+00
7.943282347242561340e+10 1.506067984126820525e+00 -4.095022705413078890e-01 -2.273687113431928086e+00 2.873788235858605322e-01 4.698559992255442679e-13 3.732198864394280224e-02 8.593705469243576034e-02 3.781006969335219681e-02 1.541212186499398232e+10 6.980709021500601196e+10 2.979413907811163220e+00
8.912509381337149048e+10 1.485140039239724041e+00 -3.955090703267927221e-01 -2.267726202384666045e+00 2.867450740627651151e-01 3.754531258966350742e-13 3.346229506806117776e-02 7.704978180108584818e-02 3.373539878101417672e-02 1.506978956683283424e+10 7.014942251316716003e+10 3.094838925510214889e+00
9.999999999999673462e+10 1.464333931200889838e+00 -3.814004846119665171e-01 -2.261725081120246728e+00 2.860071802812782504e-01 2.999033486349303304e-13 2.999033486349205260e-02 6.905529799057642804e-02 3.008277178622263334e-02 1.472547459607336044e+10 7.049373748392663574e+10 3.215343556031851957e+00
1.122018454301928558e+11 1.443650600919363702e+00 -3.671750450697850443e-01 -2.255593631012833722e+00 2.851595968181357410e-01 2.394883193728052164e-13 2.687103139260415066e-02 6.187283631798535383e-02 2.680956842850860250e-02 1.437928019067497063e+10 7.083993188932502747e+10 3.341207075079073885e+00
1.258925411794125061e+11 1.423091355488449006e+00 -3.528315162659015347e-01 -2.249355331468927410e+00 2.841966294511703572e-01 1.911787384172332399e-13 2.406797719881966641e-02 5.541856551652275809e-02 2.387728338264591063e-02 1.403130442921819687e+10 7.118790765078179932e+10 3.472735410126605249e+00
1.412537544622703552e+11 1.402657002987318213e+00 -3.383682972383273979e-01 -2.243059948819849936e+00 2.831124060528387165e-01 1.525480463100477077e-13 2.154798427717852585e-02 4.961606738070135220e-02 2.125141756021532019e-02 1.368167343320395279e+10 7.153753864679605103e+10 3.610250735344231909e+00
1.584893192461058960e+11 1.382348087772063527e+00 -3.237835661143328991e-01 -2.236733014820138532e+00 2.819008859450231053e-01 1.216631852246459364e-13 1.928231540356702481e-02 4.439917200666290004e-02 1.890103657553122291e-02 1.333054217456385803e+10 7.188866990543614197e+10 3.754090971360459772e+00
1.778279410038864746e+11 1.362165320898774734e+00 -3.090755813441928290e-01 -2.230290746707652261e+00 2.805558926793087493e-01 9.699120759332799964e-14 1.724774674180203776e-02 3.971440453540999588e-02 1.679819716197940987e-02 1.297806404123500633e+10 7.224114803876499939e+10 3.904623003782422330e+00
1.995262314968809509e+11 1.342110002202861807e+00 -2.942430040448185680e-01 -2.223709109537081563e+00 2.790711668393950351e-01 7.729042977607960070e-14 1.542146818399547925e-02 3.550924275254994933e-02 1.491760597978041870e-02 1.262438013682371712e+10 7.259483194317628479e+10 4.062252887310441984e+00
2.238721138568255310e+11 1.322183075881600445e+00 -2.792842158668834562e-01 -2.217058612600819600e+00 2.774403257628483832e-01 6.155808499331158531e-14 1.378113861243079365e-02 3.173224433346779477e-02 1.323656880262998221e-02 1.226965538667174530e+10 7.294955669332824707e+10 4.227414761167464619e+00
2.511886431509489746e+11 1.302385145933783406e+00 -2.641973110519774681e-01 -2.210367488129703073e+00 2.756568730320172467e-01 4.899819828459513570e-14 1.230779094394860752e-02 2.833973595522317965e-02 1.173476929541271419e-02 1.191409077571666145e+10 7.330512130428334045e+10 4.400565416716634815e+00
2.818382931264356689e+11 1.282716764320408043e+00 -2.489803007949847047e-01 -2.203587700070419597e+00 2.737142383165694914e-01 3.897818498248719337e-14 1.098554512463065756e-02 2.529515244238797131e-02 1.039389708547244079e-02 1.155789671545205498e+10 7.366131536454794312e+10 4.582198117272309190e+00
3.162277660168262939e+11 1.263179133694631640e+00 -2.336316652150652595e-01 -2.196646877119079022e+00 2.716058817955779858e-01 3.099073818019948586e-14 9.800131901936848244e-03 2.256563762677517293e-02 9.197377333743367647e-03 1.120127112134715652e+10 7.401794095865284729e+10 4.772859666183302707e+00
3.548133892335615234e+11 1.243773399874192886e+00 -2.181498232828853190e-01 -2.189618851929832744e+00 2.693252713129402620e-01 2.462366531392463791e-14 8.736806145386490779e-03 2.011723959074570439e-02 8.130305403305350051e-03 1.084442744293024826e+10 7.437478463706974792e+10 4.973144139434578115e+00
3.981071705534822998e+11 1.224500264645462133e+00 -2.025328135353884340e-01 -2.182534719285749603e+00 2.668658676341791325e-01 1.955008325656052874e-14 7.783028329354320721e-03 1.792108500952161246e-02 7.179347288298670512e-03 1.048761798274012184e+10 7.473159409725987244e+10 5.183681936498060416e+00
4.466835921509470215e+11 1.205360262891100875e+00 -1.867784956126018192e-01 -2.175390861059331549e+00 2.642211847857943718e-01 1.550965164379550445e-14 6.927906909260416260e-03 1.595209517491348941e-02 6.332517783687796262e-03 1.013111669220379257e+10 7.508809538779620361e+10 5.405151368241248200e+00
5.011872336272529907e+11 1.186354442235904694e+00 -1.708851111008343748e-01 -2.168083013186024033e+00 2.613849338418250956e-01 1.229551736904487516e-14 6.162356336207441138e-03 1.418934983746865906e-02 5.578981658378246236e-03 9.775190188026935577e+09 7.544402189197306824e+10 5.638302279449693089e+00
5.623413251903260498e+11 1.167484118217410050e+00 -1.548511072284846912e-01 -2.160653874420851661e+00 2.583510653284163405e-01 9.739521281541853005e-15 5.476935304181628286e-03 1.261110958670142758e-02 4.908970172773996846e-03 9.420108461299028397e+09 7.579910361870097351e+10 5.883962130180142580e+00
6.309573444801684570e+11 1.148750105566041846e+00 -1.386744865842010621e-01 -2.153156423124531038e+00 2.551137098430265593e-01 7.707672625582795835e-15 4.863212651960208480e-03 1.119796095646361650e-02 4.313743409194873389e-03 9.066178866654304504e+09 7.615303321334570312e+10 6.143019544738390181e+00
7.079457843841113281e+11 1.130152979282061709e+00 -1.223530034568479918e-01 -2.145617597101035834e+00 2.516672658155110764e-01 6.093478594635054034e-15 4.313852483306705385e-03 9.933012421437365652e-03 3.785469074747350744e-03 8.713742117187444687e+09 7.650546996281256104e+10 6.416429583029503725e+00
7.943282347242496338e+11 1.111693565112329196e+00 -1.058845869095915715e-01 -2.137927307122040155e+00 2.480065582664078561e-01 4.812750170529746059e-15 3.822903347125724757e-03 8.802560259048736527e-03 3.317079757735200227e-03 8.363138206647056580e+09 7.685607387335293579e+10 6.705245684559768549e+00
8.912509381337076416e+11 1.093373219843863486e+00 -8.926761462701583716e-02 -2.130076097392648471e+00 2.441269973204066579e-01 3.797373694206641542e-15 3.384412867405932508e-03 7.792898617026134539e-03 2.902193285833330055e-03 8.014699447776322365e+09 7.720451263222367859e+10 7.010643592512353806e+00
9.999999999999591064e+11 1.075192887963018151e+00 -7.250007614714271131e-02 -2.122143729161189096e+00 2.400244846093947393e-01 2.992714071983163703e-15 2.992714071983041107e-03 6.890978809741660736e-03 2.535096350164136973e-03 7.668789272452653885e+09 7.755042280754734802e+10 7.333903254811683148e+00
1.122018454301919434e+12 1.057153204753782383e+00 -5.557963938751078747e-02 -2.114167429106951879e+00 2.356955068131783571e-01 2.355533104680288156e-15 2.642951613170378342e-03 6.085620985990679646e-03 2.210681355270830047e-03 7.325810325904906273e+09 7.789340175409509277e+10 7.676406252764496507e+00
1.258925411794114746e+12 1.039254810113173555e+00 -3.850392758654135744e-02 -2.106070294898441553e+00 2.311372982271294174e-01 1.851653266418198187e-15 2.331093350925447782e-03 5.367540800218474455e-03 1.924352310615602517e-03 6.986172511794774055e+09 7.823303956820523071e+10 8.039674601798859399e+00
1.412537544622691895e+12 1.021498993853929838e+00 -2.127115030582288346e-02 -2.097778818425379832e+00 2.263481292359808272e-01 1.453704692687412524e-15 2.053412457215162551e-03 4.728156913751907324e-03 1.671959867766344013e-03 6.650271695050308228e+09 7.856894038494969177e+10 8.425416594041555740e+00
1.584893192461046143e+12 1.003886880785683999e+00 -3.879346381805359994e-03 -2.089389579554077336e+00 2.213272338459601196e-01 1.139603399561574970e-15 1.806149670070605721e-03 4.158813306020691346e-03 1.449785612272030044e-03 6.318522343676046371e+09 7.890068973632395935e+10 8.835519129728337973e+00
1.778279410038850098e+12 9.864191735965256447e-01 1.367388936823502217e-02 -2.080937708464377423e+00 2.160748407514045122e-01 8.919395329973057436e-16 1.586117706528776409e-03 3.652170986787065411e-03 1.254511004951836938e-03 5.991375959546714783e+09 7.922783612045327759e+10 9.272037402405583606e+00
1.995262314968793213e+12 9.690964199867257989e-01 3.139116741136410010e-02 -2.072402498683441507e+00 2.105923539875983186e-01 6.969288346387700201e-16 1.390555839969855522e-03 3.201873148090403267e-03 1.083159901579901002e-03 5.669297027110716820e+09 7.954991505288928223e+10 9.737238523667112844e+00
2.238721138568236816e+12 9.519197324313732889e-01 4.927456241838090029e-02 -2.063660272901824744e+00 2.048827159658707930e-01 5.436570656833640502e-16 1.217096565077327571e-03 2.802468407481311947e-03 9.330513626906087286e-04 5.352733974768383980e+09 7.986647810523161316e+10 1.023367175438140997e+01
2.511886431509469238e+12 9.348903852782014523e-01 6.732599156258531337e-02 -2.054781232514899525e+00 1.989504416191340830e-01 4.233148536398799810e-16 1.063318837114431321e-03 2.448382103439453433e-03 8.017800999175901363e-04 5.042133898548929214e+09 8.017707818145106506e+10 1.076419547145653155e+01
2.818382931264333984e+12 9.180091451334272401e-01 8.554792639228329942e-02 -2.045823342253474841e+00 1.928015147921908201e-01 3.289466697162490583e-16 9.270976792245227537e-04 2.134721295931761749e-03 6.872025149333102229e-04 4.737970902342912674e+09 8.048124117765708923e+10 1.133196140219472881e+01
3.162277660168236816e+12 9.012765495132532001e-01 1.039431322723475132e-01 -2.036813197005148623e+00 1.864435862672131627e-01 2.550611043058067868e-16 8.065740321240933222e-04 1.857205342765037934e-03 5.874043489658906103e-04 4.440734376612125397e+09 8.077847770338787842e+10 1.194045695882619107e+01
3.548133892335586426e+12 8.846934731812332586e-01 1.225140519572959358e-01 -2.027604615284055001e+00 1.798863096615653523e-01 1.973455170870615497e-16 7.002083176770947147e-04 1.612289234273717653e-03 5.006669845399221164e-04 4.150893950558493614e+09 8.106831812944151306e+10 1.259361315692020078e+01
3.981071705534790039e+12 8.682612548666943653e-01 1.412626247391822742e-01 -2.018209338461781410e+00 1.731415371526715541e-01 1.523373617088406578e-16 6.064659603948845384e-04 1.396439479813578596e-03 4.254487666877399704e-04 3.868895356109696865e+09 8.135031672389030457e+10 1.329589500711222705e+01
4.466835921509433594e+12 8.519807625975798215e-01 1.601913315185551079e-01 -2.008720913128554830e+00 1.662230527668369373e-01 1.172933693913875633e-16 5.239302357523250306e-04 1.206393950612159784e-03 3.603779309270967982e-04 3.595193117718107224e+09 8.162401896228189087e+10 1.405229540347960793e+01
5.011872336272489258e+12 8.358525659305915401e-01 1.793030379924336892e-01 -1.999188199087267970e+00 1.591467012468612552e-01 9.006090833099701057e-17 4.513737750436964610e-04 1.039326525784063345e-03 3.042349190171914639e-04 3.330249725292673111e+09 8.188896235470732117e+10 1.486837982155669557e+01
5.623413251903214844e+12 8.198773020449809934e-01 1.986005815722330370e-01 -1.989491417212964297e+00 1.519306018328424879e-01 6.895591550748186117e-17 3.877676090618919201e-04 8.928679161718552741e-04 2.559300579682937098e-04 3.074501296919390202e+09 8.214471078308061218e+10 1.575044765317698747e+01
6.309573444801632812e+12 8.040562516890411571e-01 2.180860474632276003e-01 -1.979558570845339371e+00 1.445954631805324853e-01 5.264159180002526086e-17 3.321459897135267897e-04 7.647944046121204565e-04 2.144884999486944602e-04 2.828339003467553139e+09 8.239087307653244019e+10 1.670572505115631046e+01
7.079457843841054688e+12 7.883904247054821512e-01 2.377618490012194941e-01 -1.969516194940995835e+00 1.371641855087564199e-01 4.005605400458039597e-17 2.835751457160475670e-04 6.529559032693854886e-04 1.790447422516569769e-04 2.592136497038647175e+09 8.262707558296134949e+10 1.774241810313518997e+01
7.943282347242431641e+12 7.728804262261801394e-01 2.576309302952116131e-01 -1.959411712572997288e+00 1.296617441027825557e-01 3.037225632772726766e-17 2.412554075339582468e-04 5.555111049918956719e-04 1.488330670451250835e-04 2.366257613412097454e+09 8.285295446658790588e+10 1.886978084098245390e+01
8.912509381337003906e+12 7.575267290710407941e-01 2.776964563187815371e-01 -1.949194155697850928e+00 1.221152283118174808e-01 2.294449848434460684e-17 2.044930579917939657e-04 4.708626669526717531e-04 1.231737227465110171e-04 2.151028876149190426e+09 8.306818320385081482e+10 2.009836107137809691e+01
9.999999999999509766e+12 7.423304313397898202e-01 2.979608096868384681e-01 -1.938713675582305562e+00 1.145540909310841377e-01 1.726749883358802066e-17 1.726749883358717416e-04 3.975988540750990388e-04 1.014621847208168476e-04 1.946714964216995001e+09 8.327249711578300476e+10 2.144035293832888556e+01
1.122018454301910156e+13 7.272926839599560545e-01 3.184262910500771926e-01 -1.928082679461801785e+00 1.070096907036018757e-01 1.294108415497521745e-17 1.452013524055623540e-04 3.343384695316229966e-04 8.316375163064886446e-05 1.753531767498841524e+09 8.346568031250115967e+10 2.290983576026619062e+01
1.258925411794104297e+13 7.124141160875571144e-01 3.390959129292006602e-01 -1.917368336701742004e+00 9.951474965155790442e-02 9.655048139085869944e-18 1.215498545439057957e-04 2.798788831283920901e-04 6.780831781414854557e-05 1.571661624750736475e+09 8.364755045524926758e+10 2.452292913564482646e+01
1.412537544622680273e+13 6.976951240986259961e-01 3.599730565970892804e-01 -1.906591035569184855e+00 9.210318098754383120e-02 7.168751465985542396e-18 1.012613059377345830e-04 2.331627735493371084e-04 5.498227639720536507e-05 1.401237172290317297e+09 8.381797490770968628e+10 2.629818408659158280e+01
1.584893192461033008e+13 6.831365322363871506e-01 3.810605386035066933e-01 -1.895553040075119045e+00 8.481004621557866607e-02 5.296371355275622084e-18 8.394182905721948374e-05 1.932832042658080298e-04 4.432112695182678202e-05 1.242316070714135647e+09 8.397689600928585815e+10 2.825723966472791204e+01
1.778279410038835547e+13 6.687395533651792068e-01 4.023606020301125907e-01 -1.884299753622015627e+00 7.767108352705184848e-02 3.892182151605852088e-18 6.921387380321339616e-05 1.593708340476502673e-04 3.550477599399036254e-05 1.094881293862739563e+09 8.412433078613726807e+10 3.042550119382628537e+01
1.995262314968776953e+13 6.545048667472697090e-01 4.238762578351226162e-01 -1.872946808604439184e+00 7.072172931794520889e-02 2.843698499915331204e-18 5.673924452014301832e-05 1.306469386198254139e-04 2.825433167730350236e-05 9.588610973772828579e+08 8.426035098262271118e+10 3.283257817410968471e+01
2.238721138568218750e+13 6.404328489659272261e-01 4.456110047248628692e-01 -1.861558836631590275e+00 6.399667190661142979e-02 2.064687098239906201e-18 4.622258651358754686e-05 1.064314386658143100e-04 2.232737224516253535e-05 8.341247911913928986e+08 8.438508728880860901e+10 3.551300825527217597e+01
2.511886431509448438e+13 6.265240202635248279e-01 4.675681649763200332e-01 -1.849948359728847525e+00 5.752945320175909677e-02 1.489339994193242798e-18 3.741052923318367401e-05 8.614092693334670064e-05 1.751306310518353042e-05 7.204631569136669636e+08 8.449874892308633423e+10 3.850755660346202802e+01
2.818382931264310938e+13 6.127795353864883277e-01 4.897500563704255683e-01 -1.838051122357082345e+00 5.135201743986602535e-02 1.066917392881899454e-18 3.006981769167364147e-05 6.923831396589636214e-05 1.362858208270247011e-05 6.175840799555368423e+08 8.460162800004446411e+10 4.186487272845567276e+01
3.162277660168211328e+13 5.992001671730577961e-01 5.121595677854116069e-01 -1.826037387333925288e+00 4.549353938716333562e-02 7.585605561025726809e-19 2.398779100447940804e-05 5.523392998077095812e-05 1.051677598403580066e-05 5.251328036724150181e+08 8.469407927632759094e+10 4.564281893575217453e+01
3.548133892335557031e+13 5.857862851408348615e-01 5.348002570496085406e-01 -1.813979761978739891e+00 3.997975779752174080e-02 5.349565663866828833e-19 1.898097524124046028e-05 4.370531064096935071e-05 8.043294968492303268e-06 4.426984744669742584e+08 8.477651360553302002e+10 4.991012621142206740e+01
3.981071705534757812e+13 5.725381553165755921e-01 5.576758989333643335e-01 -1.801770937089204105e+00 3.483246952003649782e-02 3.740333947844258843e-19 1.489053764901389693e-05 3.428673001728600473e-05 6.093493952035928022e-06 3.698059182901235819e+08 8.484940616170986938e+10 5.474921188162427654e+01
4.466835921509397656e+13 5.594567344638512463e-01 5.807890831498599971e-01 -1.789223965040033004e+00 3.006921434182841316e-02 2.591625003513190856e-19 1.157636366077463929e-05 2.665556239637766549e-05 4.569936641694342873e-06 3.059149296982985139e+08 8.491329715030169678e+10 6.026011280701943917e+01
5.011872336272448438e+13 5.465429091771873971e-01 6.041424581125888205e-01 -1.776520700025950861e+00 2.570240998570780255e-02 1.778102271962683981e-19 8.911621587912965146e-06 2.051976702273232059e-05 3.390553406216598134e-06 2.504378106212581098e+08 8.496877426937873840e+10 6.656457091389633263e+01
5.623413251903168750e+13 5.337970222100472117e-01 6.277396205022688358e-01 -1.763746827428858577e+00 2.173879826093187695e-02 1.207060992579092669e-19 6.787802781524661812e-06 1.562949349892220707e-05 2.486821893175238584e-06 2.027544222336679697e+08 8.501645765776632690e+10 7.381054962796983432e+01
6.309573444801581250e+13 5.212191746562584438e-01 6.515846449679115748e-01 -1.750904028663016865e+00 1.817932646604795630e-02 8.101395987919529859e-20 5.111635299119913334e-06 1.176997524057567402e-05 1.801835174687794310e-06 1.622157662120976448e+08 8.505699631378790283e+10 8.217915027915186954e+01
7.079457843840996875e+13 5.088100002545059564e-01 6.756806125611150016e-01 -1.737713851655964037e+00 1.501926477327475418e-02 5.372702015807085456e-20 3.803581742842580878e-06 8.758070621053638463e-06 1.288634028147063573e-06 1.281492874673377872e+08 8.509106279253266907e+10 9.189463030013811817e+01
7.943282347242367188e+13 4.965704384551805073e-01 7.000299355591429462e-01 -1.724282501759127006e+00 1.224816882120641388e-02 3.517320476903872106e-20 2.793906965378463014e-06 6.433208529692681101e-06 9.088520493784072147e-07 9.987349159104578197e+07 8.511933858840895081e+10 1.032370540344248440e+02
8.912509381336929688e+13 4.845008193540627506e-01 7.246361565194897603e-01 -1.710761900874457009e+00 9.849958393803035991e-03 2.270668793179391638e-20 2.023735692112033320e-06 4.659823636817156004e-06 6.315262452156624517e-07 7.671561318390953541e+07 8.514249646681608582e+10 1.165564197295986446e+02
9.999999999999428125e+13 4.726011481475381193e-01 7.495034848045655229e-01 -1.697239123690341023e+00 7.803542849386863912e-03 1.443918867040706558e-20 1.443918867040623906e-06 3.324746058740592362e-06 4.319120028267195790e-07 5.802106756743148714e+07 8.516119101243257141e+10 1.322924041363446008e+02
1.122018454301901094e+14 4.608716736675740333e-01 7.746356398825174905e-01 -1.683410212991329091e+00 6.083627545480608037e-03 9.036481495572833041e-21 1.013909899999036142e-06 2.334613821376864555e-06 2.904280058237837490e-07 4.316050294244773686e+07 8.517605157705755615e+10 1.510035540489851371e+02
1.258925411794094062e+14 4.493132690173831101e-01 8.000349306971369368e-01 -1.669235342046607284e+00 4.661582605185707155e-03 5.559310193429694645e-21 6.998756874554582607e-07 1.611523324883898211e-06 1.917745771672651140e-07 3.153983430082685500e+07 8.518767224569917297e+10 1.734082100428788351e+02
1.412537544622668750e+14 4.379262973244480994e-01 8.257046537135841469e-01 -1.654953806705779851e+00 3.506264444803884953e-03 3.357129787906241052e-21 4.742071867588702299e-07 1.091902399221618121e-06 1.241889340646275021e-07 2.261198230242850631e+07 8.519660009769757080e+10 2.004344491483075785e+02
1.584893192461020000e+14 4.267106989176720488e-01 8.516490154731043427e-01 -1.640686732752005605e+00 2.585153515511672169e-03 1.986973879525730394e-21 3.149141375258192906e-07 7.251165986400283833e-07 7.876345911808653011e-08 1.588301856520559266e+07 8.520332906143479919e+10 2.332876453288463665e+02
1.778279410038820938e+14 4.156663550551988329e-01 8.778723716372142105e-01 -1.626216701292570344e+00 1.865504416407159872e-03 1.151067462847830991e-21 2.046919568747923246e-07 4.713206485556769425e-07 4.885252793819403329e-08 1.091458815076117963e+07 8.520829749184924316e+10 2.735505880671500449e+02
1.995262314968760312e+14 4.047939127278810667e-01 9.043771988495155068e-01 -1.611303941987402899e+00 1.315428934091241201e-03 6.517197123352198906e-22 1.300351781944745261e-07 2.994170628754214685e-07 2.958408515241664977e-08 7.325699683594536036e+06 8.521188638031640625e+10 3.233309552783459822e+02
2.238721138568200312e+14 3.940938058404846456e-01 9.311663121325959303e-01 -1.596250815653814881e+00 9.047567295771006060e-04 3.599213450040814562e-22 8.057635232825352295e-08 1.855339077188726328e-07 1.746031088755934621e-08 4.793764025731141679e+06 8.521441831597427368e+10 3.854629811821183694e+02
2.511886431509428125e+14 3.835658854322486211e-01 9.582438725859688811e-01 -1.581181112892473095e+00 6.058266704884216836e-04 1.934913762733527168e-22 4.860283626751199931e-08 1.119121662668035032e-07 1.002415903791747490e-08 3.052590692986616865e+06 8.521615948930700684e+10 4.637856965203694131e+02
2.818382931264288125e+14 3.732097406301428943e-01 9.856147100544240258e-01 -1.566048468212745348e+00 3.940929814307217059e-04 1.010460722401335410e-22 2.847865252728905883e-08 6.557452077789299197e-08 5.586991861800081882e-09 1.887778787854971830e+06 8.521732430121214294e+10 5.635606401193663260e+02
3.162277660168185625e+14 3.630256313667716839e-01 1.013281837384225392e+00 -1.550435545895939793e+00 2.484834150684172714e-04 5.115890049940977189e-23 1.617786481680505518e-08 3.725091036364816997e-08 3.016356083261563669e-09 1.131249208479621913e+06 8.521808083079151917e+10 6.921057600226297382e+02
3.548133892335528125e+14 3.530140203288219536e-01 1.041247505192177014e+00 -1.534568350628639832e+00 1.514887105144333370e-04 2.504563803910125801e-23 8.886527718170311327e-09 2.046198625233735229e-08 1.573533667861931734e-09 6.552502370038391091e+05 8.521855682976300049e+10 8.597548876690543693e+02
3.981071705534725000e+14 3.431746635696871217e-01 1.069515738191110898e+00 -1.518661426522896818e+00 8.905877387761925411e-05 1.182271736976606755e-23 4.706708560330961549e-09 1.083759696808553869e-08 7.910440873513627269e-10 3.658824430737001821e+05 8.521884619755693054e+10 1.081267386190750130e+03
4.466835921509360625e+14 3.335069540994199389e-01 1.098091561971532348e+00 -1.502831321351033811e+00 5.033887715975476814e-05 5.364886286390443214e-24 2.396406677886178508e-09 5.517930293252099083e-09 3.821559058179235404e-10 1.964000933439073560e+05 8.521901567990666199e+10 1.378012450493088863e+03
5.011872336272406875e+14 3.240106619800721677e-01 1.126978856385340677e+00 -1.486558252633941812e+00 2.726919805605453398e-05 2.333588843663552568e-24 1.169564936979127433e-09 2.693022789176659669e-09 1.768820787572054609e-10 1.010381541831357172e+05 8.521911104184580994e+10 1.781443510689816776e+03
5.623413251903122500e+14 3.146861730667803170e-01 1.156179412747761370e+00 -1.469866629655211199e+00 1.410883770129860176e-05 9.696316622158956714e-25 5.452639538769720130e-10 1.255516651944108728e-09 7.816859272918665935e-11 4.964471569175292825e+04 8.521916243528430176e+10 2.338779268696344388e+03
6.309573444801530000e+14 3.055332123169246517e-01 1.185696791657808502e+00 -1.453118979493738028e+00 6.945723549200537621e-06 3.833192843989211972e-25 2.418581177723758621e-10 5.568988966022710247e-10 3.285820401552736328e-11 2.320950702183178146e+04 8.521918887049298096e+10 3.122137742797221563e+03
7.079457843840938750e+14 2.965510411862156692e-01 1.215535929706378360e+00 -1.436524089988151065e+00 3.239989540543381022e-06 1.435559066373575785e-25 1.016297989273538539e-10 2.340112600141072344e-10 1.308545010011799017e-11 1.028333867259449835e+04 8.521920179666133118e+10 4.243626096250977753e+03
7.943282347242301250e+14 2.877389410624310306e-01 1.245701664568973577e+00 -1.419639123659870883e+00 1.425591973905781623e-06 5.071515713068477291e-26 4.028448123737879010e-11 9.275844597618674259e-11 4.916207450360674025e-12 4.299640230758907819e+03 8.521920778035977173e+10 5.881073400669467446e+03
8.912509381336857500e+14 2.790970649894385369e-01 1.276195654477101149e+00 -1.402153911322771451e+00 5.887820386151867318e-07 1.682192765674540379e-26 1.499255880529133402e-11 3.452164241090044927e-11 1.734205240683507799e-12 1.688437759942470393e+03 8.521921039156224060e+10 8.323382158690301367e+03
9.999999999999345000e+14 2.706251672240578832e-01 1.307020562307576794e+00 -1.384585400650694798e+00 2.270371617880620619e-07 5.209154237286659402e-27 5.209154237286318301e-12 1.199452089388224588e-11 5.713011580639452469e-13 6.193885829796720373e+02 8.521921146061141968e+10 1.205160711668258773e+04
1.122018454301891875e+15 2.623223616952324311e-01 1.338181143378493587e+00 -1.367146843007085222e+00 8.125523275886810996e-08 1.496872235602662884e-27 1.679518272078317207e-12 3.867233736698651019e-12 1.747572922994245005e-13 2.110478701407685094e+02 8.521921186895213318e+10 1.788634339096125404e+04
1.258925411794083750e+15 2.541874931754549705e-01 1.369683122163162459e+00 -1.349659008130709825e+00 2.681548809497284356e-08 3.965935597758755344e-28 4.992817105557256503e-13 1.149638623930181778e-12 4.933548328370421327e-14 6.638744769775814802e+01 8.521921201361254883e+10 2.726550448540585057e+04
1.412537544622657250e+15 2.462202508211449314e-01 1.401528815076057866e+00 -1.331453939423273836e+00 8.103078379978372869e-09 9.624418602259660048e-29 1.359485262085648689e-13 3.130330498623518487e-13 1.276869143889102344e-14 1.915044235565843422e+01 8.521921206084956360e+10 4.278431035506393528e+04
1.584893192461007250e+15 2.384203947005719970e-01 1.433719799209330015e+00 -1.313013510781518622e+00 2.224941492623007290e-09 2.122347351640834824e-29 3.363693869653206776e-14 7.745191361658931263e-14 3.006567351917535031e-15 5.027343698850524234e+00 8.521921207497265625e+10 6.928560617629410990e+04
1.778279410038806500e+15 2.307868638099914438e-01 1.466260661869214221e+00 -1.294658655596879981e+00 5.504179188620157709e-10 4.215898527247990657e-30 7.497045545818030443e-15 1.726258531529800600e-14 6.387048786203621627e-16 1.191075932244462621e+00 8.521921207880892944e+10 1.161181003147510783e+05
1.995262314968744250e+15 2.233181884458879940e-01 1.499157670493495242e+00 -1.276531140176443424e+00 1.215276117625089859e-10 7.472478398632082033e-31 1.490955454820858270e-15 3.433051804588665947e-15 1.213139506231975729e-16 2.523874592128688699e-01 8.521921207974761963e+10 2.020054491006716853e+05
2.238721138568182000e+15 2.160134835471201886e-01 1.532414449416998226e+00 -1.257698235884421090e+00 2.370362961447099916e-11 1.170373535154475083e-31 2.620139973171094639e-16 6.033095243781582270e-16 2.040491739902738327e-17 4.737544230396708439e-02 8.521921207995262146e+10 3.659499731673558126e+05
2.511886431509407500e+15 2.088724635940978624e-01 1.566031435316380671e+00 -1.238348556894109054e+00 4.039201691274086427e-12 1.601776019815301542e-32 4.023479450491199482e-17 9.264403804668911263e-17 3.006078338406275355e-18 7.791615117601797223e-03 8.521921207999220276e+10 6.928936298241373152e+05
2.818382931264265000e+15 2.018939940203677841e-01 1.600012501404627141e+00 -1.219064463592562486e+00 5.939449630994226394e-13 1.891388166774025403e-33 5.330656125631122346e-18 1.227428933075561893e-17 3.831201539701681877e-19 1.108991375778815326e-03 8.521921207999888611e+10 1.376855405069200788e+06
3.162277660168159500e+15 1.950764183146425357e-01 1.634363908393708709e+00 -1.200212542507897995e+00 7.433445418559328888e-14 1.900192685154165522e-34 6.008936878277966621e-19 1.383608848066502395e-18 4.167269949961660016e-20 1.347663034325091030e-04 8.521921207999986267e+10 2.884359940439264290e+06
3.548133892335499000e+15 1.884182140645337955e-01 1.669091243887940834e+00 -1.180853150146676800e+00 7.799219759206214033e-15 1.600682439480922255e-35 5.679435614388526054e-20 1.307738378231050023e-19 3.813132352376581484e-21 1.378234251094346892e-05 8.521921207999998474e+10 6.400875402342972346e+06
3.981071705534692500e+15 1.819188406726421070e-01 1.704194621731955683e+00 -1.160592159376024002e+00 6.749026118799377808e-16 1.112513798750034606e-36 4.428997206220679840e-21 1.019814294395601390e-20 2.888328332000709740e-22 1.167276897590362669e-06 8.521921208000000000e+10 1.512810324881752953e+07
4.466835921509324000e+15 1.755771330781137896e-01 1.739676827911528889e+00 -1.140354580692280129e+00 4.730119437755053534e-17 6.261646065199161387e-38 2.796974557180912951e-22 6.440271920848393163e-22 1.777857979905081546e-23 8.036934460999460220e-08 8.521921208000000000e+10 3.831489545281885564e+07
5.011872336272366000e+15 1.693912523904800294e-01 1.775544136878620449e+00 -1.120562392132197216e+00 2.630974733639957460e-18 2.795959359153075540e-39 1.401299136548111125e-23 3.226610502641108595e-23 8.712473712696255236e-25 4.407409729633082967e-09 8.521921208000000000e+10 1.047014846021117717e+08
5.623413251903077000e+15 1.633591441263786415e-01 1.811804163766708609e+00 -1.100692777246160992e+00 1.135409940103903270e-19 9.685770532824926989e-41 5.446709036918002603e-25 1.254151103428334896e-24 3.324096802364361623e-26 1.882545017321952074e-10 8.521921208000000000e+10 3.110107824111427069e+08
6.309573444801478000e+15 1.574799062580792552e-01 1.848457408169164706e+00 -1.079628647861075930e+00 3.710128881285711975e-21 2.541911810255369328e-42 1.603837925701453059e-26 3.692973299298657908e-26 9.639471131107144160e-28 6.113981794097915267e-12 8.521921208000000000e+10 1.012314826567244172e+09
7.079457843840881000e+15 1.517525692112726143e-01 1.885503918633806064e+00 -1.058434841628525191e+00 8.936196317656289877e-23 4.916895012628006463e-44 3.480895096449144969e-28 8.015057159359872849e-28 2.066614538765433187e-29 1.468545805048540497e-13 8.521921208000000000e+10 3.644015144383892536e+09
7.943282347242237000e+15 1.461752417073891863e-01 1.922949091373699515e+00 -1.037633830875996255e+00 1.539184733613561726e-24 6.799188150694697933e-46 5.400787121299178788e-30 1.243577191593771513e-29 3.176081913562928337e-31 2.529411127341543886e-15 8.521921208000000000e+10 1.465669673204466438e+10
8.912509381336785000e+15 1.407455758742042762e-01 1.960801444966442819e+00 -1.017336633709896798e+00 1.832514374684129561e-26 6.496547771620717306e-48 5.790054296087222335e-32 1.333209270979657234e-31 3.380870280402168416e-33 3.018433864935530112e-17 8.521921208000000000e+10 6.662805937352466583e+10
