# [1] m:            [M_sun/h] 
# [2] sigma 
# [3] ln(1/sigma) 
# [4] n_eff 
# [5] f(sigma) 
# [6] dn/dm:        [h^4/(Mpc^3*M_sun)] 
# [7] dn/dlnm:      [h^3/Mpc^3] 
# [8] dn/dlog10m:   [h^3/Mpc^3] 
# [9] n(>m):        [h^3/Mpc^3] 
# [11] rho(>m):     [M_sun*h^2/Mpc^3] 
# [11] rho(<m):     [M_sun*h^2/Mpc^3] 
# [12] Lbox(N=1):   [Mpc/h]
1.000000000000000000e+07 5.038427157404712808e+00 -1.617093961435185800e+00 -2.516550227174258580e+00 2.287884476404540568e-01 1.570983834528361331e-05 1.570983834528361456e+02 3.617323958719629786e+02 1.649072737484191009e+02 4.284520004991371918e+10 4.237401203008628082e+10 1.823560022421827631e-01
1.122018454301963001e+07 4.991847958375801753e+00 -1.607806173547171591e+00 -2.515342399793555561e+00 2.292917043484736794e-01 1.253746212727097195e-05 1.406726387690997626e+02 3.239107210218654131e+02 1.477661958260734707e+02 4.266390849931253052e+10 4.255530358068746948e+10 1.891508522494259881e-01
1.258925411794166267e+07 4.945584489528603633e+00 -1.598495156174484233e+00 -2.514138023199294913e+00 2.298009483253512508e-01 1.000578100918061879e-05 1.259653197730495862e+02 2.900458675436520934e+02 1.324172811119356084e+02 4.248176351937018585e+10 4.273744856062981415e+10 1.961937242230794021e-01
1.412537544622752629e+07 4.899632930225085836e+00 -1.589160290111560014e+00 -2.512906992283254759e+00 2.303162565607111134e-01 7.985879494744367051e-06 1.128035461315939614e+02 2.597397637594744424e+02 1.186726403293574919e+02 4.229875394902561188e+10 4.292045813097438812e+10 2.034931517655080568e-01
1.584893192461110838e+07 4.853990844118752257e+00 -1.579801221047738347e+00 -2.511612097271144872e+00 2.308376912316524310e-01 6.374672593578393201e-06 1.010317519773080903e+02 2.326342060220213170e+02 1.063632910848201476e+02 4.211485581462570953e+10 4.310435626537429047e+10 2.110584500120427365e-01
1.778279410038919002e+07 4.808655581632292453e+00 -1.570417540190755634e+00 -2.510295397754528146e+00 2.313653169761406003e-01 5.088838940124599921e-06 9.049377508227851763e+01 2.083696175132105566e+02 9.533819549643939695e+01 4.193004587213587952e+10 4.328916620786412048e+10 2.188992922826943632e-01
1.995262314968874678e+07 4.763623578324200025e+00 -1.561008634585447696e+00 -2.508972549403060803e+00 2.318992094698494599e-01 4.062480637161286534e-06 8.105714520618657559e+01 1.866409742324190120e+02 8.546293070279870108e+01 4.174431159643177032e+10 4.347490048356822968e+10 2.270252030604458238e-01
2.238721138568333164e+07 4.718890948781162997e+00 -1.551573803509479044e+00 -2.507638659562521521e+00 2.324394491586044831e-01 3.243247164245957738e-06 7.260725984199228833e+01 1.671843941553166815e+02 7.661729649310534285e+01 4.155764236154445648e+10 4.366156971845554352e+10 2.354458602633531517e-01
2.511886431509571895e+07 4.674454916129432647e+00 -1.542112560462533644e+00 -2.506239823006903400e+00 2.329861038546232888e-01 2.589597952666660600e-06 6.504775960368351662e+01 1.497780015961019444e+02 6.869323659931991699e+01 4.137001621974893188e+10 4.384919586025106812e+10 2.441717074769513829e-01
2.818382931264443323e+07 4.630313175101345102e+00 -1.532624506221291094e+00 -2.504801537836156555e+00 2.335392355020973476e-01 2.067880346449591320e-06 5.828078672330731536e+01 1.341964707170527333e+02 6.159387479149107492e+01 4.118140562663574982e+10 4.403780645336425018e+10 2.532138703166839089e-01
3.162277660168366507e+07 4.586462400220671753e+00 -1.523109008009773335e+00 -2.503349711651649212e+00 2.340989187827191564e-01 1.651339479346197749e-06 5.221993944890542849e+01 1.202408541321013473e+02 5.523294167026224954e+01 4.099179262429415894e+10 4.422741945570584106e+10 2.625834047877622091e-01
3.548133892335738987e+07 4.542898820575516083e+00 -1.513565315029256286e+00 -2.501896268605507956e+00 2.346652347093564628e-01 1.318726743080244402e-06 4.679019051852539945e+01 1.077383951863079261e+02 4.953346043730203974e+01 4.080116631971218109e+10 4.441804576028781891e+10 2.722913072577010096e-01
3.981071705534952879e+07 4.499619257983330733e+00 -1.503992783859664506e+00 -2.500384892548342730e+00 2.352382572460226529e-01 1.053245905697368055e-06 4.193047474142327502e+01 9.654848608176460800e+01 4.442628840560024628e+01 4.060950714530749512e+10 4.460970493469250488e+10 2.823492614821086488e-01
4.466835921509607136e+07 4.456621558731225896e+00 -1.494390980943037350e+00 -2.498815086066697777e+00 2.358180466668124975e-01 8.413201521384825161e-07 3.758039077062101541e+01 8.653204757732297026e+01 3.984927506412307707e+01 4.041678441914936829e+10 4.480242766085063171e+10 2.927699677979073711e-01
5.011872336272694170e+07 4.413902718427507033e+00 -1.484759268268500465e+00 -2.497224789290392710e+00 2.364046741939490603e-01 6.720725847080558695e-07 3.368341995265592459e+01 7.755894066404374598e+01 3.574700035808892551e+01 4.022297442724314117e+10 4.499623765275685883e+10 3.035662355696381320e-01
5.623413251903456450e+07 4.371459159944198980e+00 -1.475096857251396276e+00 -2.495630999701516473e+00 2.369982190416011492e-01 5.368830988286750852e-07 3.019115532676164548e+01 6.951770419566915393e+01 3.207008423659611651e+01 4.002806385520300293e+10 4.519114822479699707e+10 3.147506481573258408e-01
6.309573444801890850e+07 4.329287385513791442e+00 -1.465402952376454460e+00 -2.493993974527421997e+00 2.375987596952249259e-01 4.289297029473606591e-07 2.706363463403430103e+01 6.231632167056475424e+01 2.877423358994028391e+01 3.983203480835146332e+10 4.538717727164853668e+10 3.263363199155833172e-01
7.079457843841329217e+07 4.287385162136666317e+00 -1.455677027792049216e+00 -2.492282848832468201e+00 2.382063563880323087e-01 3.427373581361285265e-07 2.426394678434269991e+01 5.586980216282831435e+01 2.581958049410546963e+01 3.963485547896500397e+10 4.558435660103499603e+10 3.383376065734903237e-01
7.943282347242756188e+07 4.245749871361379491e+00 -1.445918452304532531e+00 -2.490542715304446819e+00 2.388210739160035179e-01 2.738840161409824114e-07 2.175538070604615726e+01 5.009361530615216651e+01 2.317049505738096826e+01 3.943649656913339996e+10 4.578271551086660004e+10 3.507692889128176117e-01
8.912509381337386370e+07 4.204378126147313210e+00 -1.436126393343718277e+00 -2.488788457390606279e+00 2.394429878210517504e-01 2.188714113300015847e-07 1.950693506785193065e+01 4.491637789723865382e+01 2.079524522729620983e+01 3.923694022674446106e+10 4.598227185325553894e+10 3.636458630697106398e-01
9.999999999999918044e+07 4.163266301096652633e+00 -1.426299934722462970e+00 -2.487007148044447113e+00 2.400721771117942660e-01 1.749199758474280841e-07 1.749199758474266631e+01 4.027681288531631765e+01 1.866541545773234390e+01 3.903616878468496704e+10 4.618304329531503296e+10 3.769821436711030538e-01
1.122018454301956147e+08 4.122411893009528150e+00 -1.416438402999947721e+00 -2.485146141448008272e+00 2.407087030812213035e-01 1.398176598285947826e-07 1.568779945649966301e+01 3.612249317041622021e+01 1.675543280633903720e+01 3.883415149259017181e+10 4.638506058740982819e+10 3.907942063171850333e-01
1.258925411794155836e+08 4.081812638066950605e+00 -1.406541163791598548e+00 -2.483238619650345758e+00 2.413526217212278446e-01 1.117707935860311454e-07 1.407110923418538562e+01 3.239992636452613084e+01 1.504237231796548713e+01 3.863085350610726166e+10 4.658835857389273834e+10 4.050990475205727970e-01
1.412537544622738063e+08 4.041465349451253353e+00 -1.396607336469805061e+00 -2.481307318002476947e+00 2.420040021237958583e-01 8.935501519818827590e-08 1.262173137677763179e+01 2.906261051594339051e+01 1.350580889595375567e+01 3.842625070825956726e+10 4.679296137174043274e+10 4.199134639440414429e-01
1.584893192461097836e+08 4.001366465294466934e+00 -1.386635919105936754e+00 -2.479360342419893559e+00 2.426629185210530393e-01 7.143761161758098553e-08 1.132209843383839321e+01 2.607009507516751867e+01 1.212749125617598800e+01 3.822032484648465729e+10 4.699888723351534271e+10 4.352542394798393222e-01
1.778279410038908124e+08 3.961513126161592346e+00 -1.376626054849853009e+00 -2.477336878204255299e+00 2.433294324627548466e-01 5.712191588782556722e-08 1.015787268852945857e+01 2.338936622913928076e+01 1.089100472356832405e+01 3.801304698500819397e+10 4.720616509499180603e+10 4.511393240854120745e-01
1.995262314968858361e+08 3.921903274861235467e+00 -1.366577065272494229e+00 -2.475245501263973580e+00 2.440035898581346396e-01 4.568132060273728972e-08 9.114621749665220207e+00 2.098719216905844576e+01 9.781590763613385420e+00 3.780437752998052216e+10 4.741483455001947784e+10 4.675881578006717554e-01
2.238721138568310440e+08 3.882534002288081876e+00 -1.356488033835731466e+00 -2.473121908664224655e+00 2.446854484193835555e-01 3.653461596322358232e-08 8.179081704634386440e+00 1.883303160747146876e+01 8.786085169200141820e+00 3.759428538099326324e+10 4.762492669900673676e+10 4.846202199614707551e-01
2.511886431509551406e+08 3.843401920716259745e+00 -1.346357891260109074e+00 -2.470983215579895642e+00 2.453750720278720376e-01 2.922039992127430749e-08 7.339832608553169990e+00 1.690058914952613023e+01 7.892744650275206553e+00 3.738274971466280365e+10 4.783646236533719635e+10 5.022546687826916489e-01
2.818382931264426112e+08 3.804503853769604316e+00 -1.336185589584276912e+00 -2.468780066576241161e+00 2.460725187057912766e-01 2.337349958222535178e-08 6.587547226646012888e+00 1.516838804346937941e+01 7.091020220450322320e+00 3.716974299834850311e+10 4.804946908165149689e+10 5.205116154164288744e-01
3.162277660168340802e+08 3.765837756867933983e+00 -1.325970348284093214e+00 -2.466489122950556556e+00 2.467778230537527040e-01 1.869974442717195001e-08 5.913378405290328210e+00 1.361605696525441367e+01 6.371409095232230868e+00 3.695522280155522156e+10 4.826398927844477844e+10 5.394131168689582090e-01
3.548133892335702181e+08 3.727401079651925908e+00 -1.315711229317206854e+00 -2.464156857633553521e+00 2.474910247729024959e-01 1.496178449750397691e-08 5.308641466541675236e+00 1.222359870490891076e+01 5.725417703478150599e+00 3.673915100752521515e+10 4.848006107247478485e+10 5.589817227496182150e-01
3.981071705534920692e+08 3.689190636995899553e+00 -1.305407094426487946e+00 -2.461799081137826750e+00 2.482121715241903670e-01 1.197164342947152052e-08 4.765997092582211714e+00 1.097411385863276401e+01 5.145474889389610951e+00 3.652150175995742035e+10 4.869771032004257965e+10 5.792395119700306516e-01
4.466835921509580016e+08 3.651203100342696573e+00 -1.295056729815051044e+00 -2.459392892679898246e+00 2.489413100243617616e-01 9.579988456622317867e-09 4.279223656568769130e+00 9.853276601202720641e+00 4.624790127893725789e+00 3.630224749985056305e+10 4.891696458014943695e+10 6.002092122895202886e-01
5.011872336272653341e+08 3.613436255946385955e+00 -1.284659191055729233e+00 -2.456887986117341605e+00 2.496784610821517758e-01 7.667552400097118446e-09 3.842879376096773658e+00 8.848556765574690175e+00 4.157244293724292383e+00 3.608134548301020050e+10 4.913786659698979950e+10 6.219156487017722945e-01
5.623413251903399229e+08 3.575887938630663232e+00 -1.274213519748289114e+00 -2.454325158166575704e+00 2.504236386331158970e-01 6.137556694334446665e-09 3.451401764922874982e+00 7.947146253844752373e+00 3.737351718238807852e+00 3.585875067194018555e+10 4.936046140805981445e+10 6.443848823724713792e-01
6.309573444801839590e+08 3.538555175648360418e+00 -1.263718501360659996e+00 -2.451724537077194288e+00 2.511768665317417049e-01 4.913203048026505144e-09 3.100021548074749500e+00 7.138063404557243530e+00 3.360221476778759708e+00 3.563443011478170776e+10 4.958478196521829224e+10 6.676425884686716383e-01
7.079457843841286898e+08 3.501434692892502643e+00 -1.253172796759292273e+00 -2.449088544926806499e+00 2.519381688464790159e-01 3.933344950616531947e-09 2.784594976317572801e+00 6.411766882494950970e+00 3.021475719602456422e+00 3.540835519314704132e+10 4.981085688685295868e+10 6.917146340401428839e-01
7.943282347242691517e+08 3.464524016087088931e+00 -1.242575254111233152e+00 -2.446353218449344613e+00 2.527075466123157033e-01 3.149468399603646679e-09 2.501711674177033551e+00 5.760404007929214920e+00 2.717171447341853785e+00 3.518048432110121155e+10 5.003872775889878845e+10 7.166289015796303286e-01
8.912509381337294579e+08 3.427821279349629879e+00 -1.231924863830812900e+00 -2.443536538233947120e+00 2.534849799008749294e-01 2.522174600634258939e-09 2.247890478952347504e+00 5.175959107518921520e+00 2.443762369455651395e+00 3.495076607217033386e+10 5.026844600782966614e+10 7.424154633933348624e-01
9.999999999999836683e+08 3.391323805396276647e+00 -1.221220348232628483e+00 -2.440672090010719053e+00 2.542704568444311697e-01 2.019987389562880465e-09 2.019987389562847291e+00 4.651192851243369120e+00 2.198083570486595306e+00 3.471915929063130188e+10 5.050005278936869812e+10 7.691043480804923282e-01
1.122018454301946878e+09 3.355028529429981088e+00 -1.210460273943371190e+00 -2.437776290488367081e+00 2.550639648740204990e-01 1.617873370321787358e-09 1.815283778224733080e+00 4.179845367294180214e+00 1.977307615023157439e+00 3.448563287839440918e+10 5.073357920160559082e+10 7.967252607903533290e-01
1.258925411794145584e+09 3.318932740470791121e+00 -1.199643267534244551e+00 -2.434790255507943701e+00 2.558654739332691941e-01 1.296007729302420572e-09 1.631577064300445468e+00 3.756845026329193704e+00 1.778890355182573879e+00 3.425014659564313889e+10 5.096906548435685730e+10 8.253096817070451063e-01
1.412537544622726679e+09 3.283034734840356794e+00 -1.188768218676813815e+00 -2.431699739634265445e+00 2.566749200898847394e-01 1.038359055202259876e-09 1.466721150272174423e+00 3.377250256195788669e+00 1.600537973119450008e+00 3.401264458423610306e+10 5.120656749576390076e+10 8.548921696984749241e-01
1.584893192461085081e+09 3.247332243286215725e+00 -1.177833811041646417e+00 -2.428551684105720199e+00 2.574922390632561897e-01 8.320077371677733571e-10 1.318643398712155745e+00 3.036288632849613922e+00 1.440199500893315721e+00 3.377307743501076508e+10 5.144613464498923492e+10 8.855079161098948770e-01
1.778279410038893700e+09 3.211822494259638283e+00 -1.166838531250978583e+00 -2.425364292075170791e+00 2.583173646126497025e-01 6.667031007866524219e-10 1.185584396737989321e+00 2.729908958415232956e+00 1.296044561111695081e+00 3.353140908309624481e+10 5.168780299690375519e+10 9.171915015950798944e-01
1.995262314968842030e+09 3.176502698034512129e+00 -1.155780811097460781e+00 -2.422103082342701441e+00 2.591502167089047570e-01 5.343037453602808320e-10 1.066076127864076684e+00 2.454731000016637577e+00 1.166428562150898962e+00 3.328759975435250854e+10 5.193161232564749146e+10 9.499788829220299213e-01
2.238721138568292141e+09 3.141371173243196591e+00 -1.144659383980284773e+00 -2.418721628947059887e+00 2.599906731268027404e-01 4.282803964259647625e-10 9.588003767132153854e-01 2.207719454576925422e+00 1.049867300786060387e+00 3.304159224263478851e+10 5.217761983736521149e+10 9.839095974508927922e-01
2.511886431509531021e+09 3.106426153643422339e+00 -1.133472918677313146e+00 -2.415268783975238698e+00 2.608385953066952312e-01 3.433320891830451459e-10 8.624112163207113824e-01 1.985775210730933438e+00 9.450299341533643371e-01 3.279332949216346741e+10 5.242588258783653259e+10 1.019024936225420674e+00
2.818382931264402866e+09 3.071665209568390953e+00 -1.122219828086247206e+00 -2.411763404868371818e+00 2.616938413265874619e-01 2.752528379443331257e-10 7.757679002443952365e-01 1.786271602726036578e+00 8.507287638169405142e-01 3.254276851207375717e+10 5.267644356792623901e+10 1.055365665463935398e+00
3.162277660168314457e+09 3.037085710498862667e+00 -1.110898407759173478e+00 -2.408200845559352654e+00 2.625562537749449588e-01 2.206901610128748580e-10 6.978835659899624844e-01 1.606936295694014083e+00 7.658985663564396029e-01 3.228986910845095444e+10 5.292934297154904175e+10 1.092973371320126841e+00
3.548133892335673332e+09 3.002685931677488096e+00 -1.099507198675834463e+00 -2.404515159027930782e+00 2.634256301547551748e-01 1.769762555174901194e-10 6.279354503402648779e-01 1.445874807315996824e+00 6.895782887811896522e-01 3.203457570452347946e+10 5.318463637547651672e+10 1.131893259157725762e+00
3.981071705534887791e+09 2.968464614456990613e+00 -1.088044854312923526e+00 -2.400735314111417829e+00 2.643017307972082008e-01 1.419400510612933210e-10 5.650735211622920362e-01 1.301129866273949220e+00 6.209031719414412898e-01 3.177682448692943573e+10 5.344238759307056427e+10 1.172173882434354164e+00
4.466835921509543419e+09 2.934419781818763617e+00 -1.076509744407736946e+00 -2.396893609163798011e+00 2.651843069595500868e-01 1.138486838953680012e-10 5.085433908404148884e-01 1.170964430889784191e+00 5.591008145123481654e-01 3.151656455496548462e+10 5.370264752503451538e+10 1.213863795308035343e+00
5.011872336272612572e+09 2.900549181633579554e+00 -1.064900092040725887e+00 -2.393005622236410446e+00 2.660730880659876174e-01 9.132125740627248139e-11 4.576904837081274824e-01 1.053871284991568569e+00 5.034799216153146295e-01 3.125375519691674042e+10 5.396545688308325958e+10 1.257011588093524646e+00
5.623413251903352737e+09 2.866851086645852309e+00 -1.053214245072981337e+00 -2.389003256490064953e+00 2.669677583601637871e-01 7.326287789613584973e-11 4.119874384337075535e-01 9.486361342382573225e-01 4.534172361345691904e-01 3.098834416322296524e+10 5.423086791677703857e+10 1.301669288428191074e+00
6.309573444801788330e+09 2.833324686025731065e+00 -1.041450822832585388e+00 -2.384883949870414632e+00 2.678679429302865955e-01 5.878466746618096536e-11 3.709061768061190367e-01 8.540430336131836775e-01 4.083502569382833625e-01 3.072026365687012863e+10 5.449894842312986755e+10 1.347893944654111831e+00
7.079457843841228485e+09 2.799968615147267581e+00 -1.029608208242362322e+00 -2.380695752303505941e+00 2.687732437213362080e-01 4.717113820088038659e-11 3.339460843391412470e-01 7.689392756630389902e-01 3.677756992063779817e-01 3.044945564606678009e+10 5.476975643393321991e+10 1.395743637275477234e+00
7.943282347242626190e+09 2.766781154046333402e+00 -1.017684606258875801e+00 -2.376460770003620215e+00 2.696832319167346004e-01 3.785332125948835618e-11 3.006796185449978620e-01 6.923404074288481702e-01 3.312437071290809665e-01 3.017587743298821640e+10 5.504333464701177979e+10 1.445275989811302342e+00
8.912509381337221146e+09 2.733760733927057096e+00 -1.005678219449072541e+00 -2.372132164722160041e+00 2.705974311161764012e-01 3.037932841467027056e-11 2.707560494944731833e-01 6.234388434039320748e-01 2.983492258582616241e-01 2.989948093605971909e+10 5.531973114394027710e+10 1.496551597630082941e+00
9.999999999999753952e+09 2.700906905708385874e+00 -9.935876076146350488e-01 -2.367670236376776316e+00 2.715152864783055842e-01 2.438507940942463639e-11 2.438507940942403751e-01 5.614872033961584297e-01 2.687260746882594864e-01 2.962019902169749451e+10 5.559901305830250549e+10 1.549637308921933965e+00
1.122018454301937675e+10 2.668219064463333901e+00 -9.814112328023804066e-01 -2.363132621183107851e+00 2.724361957795126687e-01 1.957492360035209017e-11 2.196342552114557423e-01 5.057265619607478335e-01 2.420457305543369242e-01 2.933796858701080322e+10 5.588124349298919678e+10 1.604602721635416618e+00
1.258925411794135284e+10 2.635696110474985421e+00 -9.691473256526990099e-01 -2.358539932925511007e+00 2.733595153994227145e-01 1.571412072530634087e-11 1.978290590508904045e-01 4.555182423316190832e-01 2.180146104470278567e-01 2.905274408047137833e+10 5.616646799952862549e+10 1.661517042426349233e+00
1.412537544622714996e+10 2.603336871262202479e+00 -9.567940341821270511e-01 -2.353879430416150775e+00 2.742845445383775838e-01 1.261540414018886297e-11 1.781973198860560825e-01 4.103144923811241629e-01 1.963687920792093755e-01 2.876448205137182236e+10 5.645473002862817383e+10 1.720451801855104490e+00
1.584893192461071968e+10 2.571141189948050965e+00 -9.443498431306502905e-01 -2.349084562968152490e+00 2.752104893330709623e-01 1.012921566483347232e-11 1.605372495216462192e-01 3.696506776188080989e-01 1.768696628292111550e-01 2.847312168433736801e+10 5.674609039566262817e+10 1.781485194410411310e+00
1.778279410038879013e+10 2.539109267764218192e+00 -9.318133375445483146e-01 -2.344198131045772016e+00 2.761364763012272294e-01 8.133597794035600803e-12 1.446380948667115585e-01 3.330415211191486424e-01 1.593023578607623003e-01 2.817859725377714920e+10 5.704061482622285461e+10 1.844700782677879181e+00
1.995262314968825912e+10 2.507240700340348294e+00 -9.191828258718528488e-01 -2.339252573105730537e+00 2.770615751796389747e-01 6.531276105200555380e-12 1.303160908136303808e-01 3.000638880847236178e-01 1.434747226306655743e-01 2.788086049185897827e+10 5.733835158814102173e+10 1.910182529618785319e+00
2.238721138568273544e+10 2.475534909433200426e+00 -9.064564976925205686e-01 -2.334262196304972115e+00 2.779847813370490139e-01 5.244577452805853584e-12 1.174114640645501639e-01 2.703498869016393025e-01 1.292143782560065679e-01 2.757987444821030045e+10 5.763933763178970337e+10 1.978015631149265596e+00
2.511886431509510422e+10 2.443991994733925477e+00 -8.936327658268672369e-01 -2.329150235953750148e+00 2.789049851648042755e-01 4.211800699674403340e-12 1.057956502973439600e-01 2.436034872782752991e-01 1.163655439015087445e-01 2.727558887296556473e+10 5.794362320703443909e+10 2.048291984078432826e+00
2.818382931264379883e+10 2.412612861289920918e+00 -8.807103350185983004e-01 -2.323927944852839822e+00 2.798209621171349193e-01 3.382668932409557124e-12 9.533656381221397580e-02 2.195205506512795113e-01 1.047874429532699159e-01 2.696793955612055969e+10 5.825127252387944031e+10 2.121111925772039886e+00
3.162277660168288803e+10 2.381397861750675471e+00 -8.676876521386226448e-01 -2.318645717949016305e+00 2.807314060634922281e-01 2.716753621162888249e-12 8.591129284384703413e-02 1.978180622220882257e-01 9.435397763143577032e-02 2.665687740313055801e+10 5.856233467686944580e+10 2.196577828132379118e+00
3.548133892335644531e+10 2.350347071146515976e+00 -8.545630071005767547e-01 -2.313329578074905246e+00 2.816349146207718368e-01 2.181830952848921855e-12 7.741428351150232701e-02 1.782529751984000266e-01 8.495220169592360149e-02 2.634237213771710968e+10 5.887683994228289032e+10 2.274792496431349065e+00
3.981071705534854889e+10 2.319460825272031013e+00 -8.413347557684931477e-01 -2.307917959249551121e+00 2.825299663117493143e-01 1.752299598333768942e-12 6.976030350546658099e-02 1.606290349344276225e-01 7.648015144260295051e-02 2.602438685552312851e+10 5.919482522447686768e+10 2.355865109285907977e+00
4.466835921509506989e+10 2.288740497619110137e+00 -8.280016652204050809e-01 -2.302379321482272978e+00 2.834148908624212204e-01 1.407434764187940511e-12 6.286780161855955174e-02 1.447584628362021675e-01 6.884546399833724184e-02 2.570286485357211304e+10 5.951634722642788696e+10 2.439916082067296266e+00
5.011872336272570801e+10 2.258187162236643175e+00 -8.145623507940216168e-01 -2.296778839495748237e+00 2.842879006087993266e-01 1.130411510242627028e-12 5.665478176789120329e-02 1.304524559455771393e-01 6.196519102879278346e-02 2.537775901434918976e+10 5.984145306565081024e+10 2.527070758171578113e+00
5.623413251903306580e+10 2.227801437572086485e+00 -8.010151967165107800e-01 -2.291140540696054995e+00 2.851470866322529107e-01 9.078526005630417091e-13 5.105230344781087892e-02 1.175522728819378693e-01 5.576507280810493600e-02 2.504904499828216553e+10 6.017016708171783447e+10 2.617455109932868229e+00
6.309573444801736450e+10 2.197583870332512124e+00 -7.873585160980345332e-01 -2.285437710880715123e+00 2.859903988595049462e-01 7.290844072780878375e-13 4.600211615180836711e-02 1.059237868973345736e-01 5.017817131362314886e-02 2.471670026775819016e+10 6.050251181224180603e+10 2.711201045900011319e+00
7.079457843841171265e+10 2.167535970718040161e+00 -7.735910250218414053e-01 -2.279601117877980254e+00 2.868156085997280447e-01 5.855474262835384303e-13 4.145358319944006387e-02 9.545040272621911626e-02 4.514381657303433160e-02 2.438068251394364548e+10 6.083852956605635071e+10 2.808453531416388316e+00
7.943282347242561340e+10 2.137659353442332932e+00 -7.597114703680173387e-01 -2.273687113431928086e+00 2.876203245333814329e-01 4.702508462347827286e-13 3.735335245672626037e-02 8.600927254021041579e-02 4.060732469137361134e-02 2.404094925430720901e+10 6.117826282569279480e+10 2.909367215569433007e+00
8.912509381337149048e+10 2.107954972492913193e+00 -7.457182701535020053e-01 -2.267726202384666045e+00 2.884020037005916581e-01 3.776226467295425043e-13 3.365565381582411725e-02 7.749500677128479120e-02 3.651971770858624539e-02 2.369748152652628708e+10 6.152173055347370911e+10 3.014099114455905060e+00
9.999999999999673462e+10 2.078423522434414306e+00 -7.316096844386760223e-01 -2.261725081120246728e+00 2.891579293678857576e-01 3.032071824787266319e-13 3.032071824787167455e-02 6.981603384642186272e-02 3.283694169314359257e-02 2.335027269819627380e+10 6.186893938180372620e+10 3.122811471559344465e+00
1.122018454301928558e+11 2.049066338759684136e+00 -7.173842448964943275e-01 -2.255593631012833722e+00 2.898851774636488354e-01 2.434570490928726823e-13 2.731633019120937450e-02 6.289817469358190138e-02 2.951908647964351234e-02 2.299930033170996094e+10 6.221991174829003906e+10 3.235680976276987586e+00
1.258925411794125061e+11 2.019885276710489119e+00 -7.030407160926109844e-01 -2.249355331468927410e+00 2.905806113682549707e-01 1.954732355453082959e-13 2.460862235536072362e-02 5.666344699457363104e-02 2.653004593743963843e-02 2.264453041648640442e+10 6.257468166351359558e+10 3.352900503273017030e+00
1.412537544622703552e+11 1.990881483245677153e+00 -6.885774970650369031e-01 -2.243059948819849936e+00 2.912409012477673032e-01 1.569278828517057896e-13 2.216665263261877530e-02 5.104060391344521219e-02 2.383744466473917967e-02 2.228595085981321716e+10 6.293326122018678284e+10 3.474668955254715197e+00
1.584893192461058960e+11 1.962055731004932912e+00 -6.739927659410421823e-01 -2.236733014820138532e+00 2.918625021454325785e-01 1.259624337100288716e-13 1.996370036928521788e-02 4.596811887131586893e-02 2.141222659512016097e-02 2.192357253981985092e+10 6.329563954018014526e+10 3.601190173692186303e+00
1.778279410038864746e+11 1.933409029235991783e+00 -6.592847811709023897e-01 -2.230290746707652261e+00 2.924416277817038501e-01 1.011002348167677008e-13 1.797844659247523763e-02 4.139690311902308184e-02 1.922810104536169448e-02 2.155739799200654984e+10 6.366181408799345398e+10 3.732683796004020227e+00
1.995262314968809509e+11 1.904943222879022180e+00 -6.444522038715279066e-01 -2.223709109537081563e+00 2.929742292331607989e-01 8.114096610983211767e-14 1.618975118791093556e-02 3.727827974456636440e-02 1.726122147377196631e-02 2.118740997401372528e+10 6.403180210598627472e+10 3.869392851929733368e+00
2.238721138568255310e+11 1.876659652094070596e+00 -6.294934156935928504e-01 -2.217058612600819600e+00 2.934560116084542480e-01 6.511162375087744610e-14 1.457667684575922155e-02 3.356403881043665272e-02 1.549016350989690025e-02 2.081360879920910645e+10 6.440560328079089355e+10 4.011572689223799060e+00
2.511886431509489746e+11 1.848559174175549602e+00 -6.144065108786870288e-01 -2.210367488129703073e+00 2.938824179157403238e-01 5.223780139056859189e-14 1.312154245248568080e-02 3.021346804818206278e-02 1.389572583843143826e-02 2.043602549015979767e+10 6.478318658984020233e+10 4.159485241487887563e+00
2.818382931264356689e+11 1.820642572557275907e+00 -5.991895006216941821e-01 -2.203587700070419597e+00 2.942486071940767500e-01 4.190237494618355408e-14 1.180969383277629542e-02 2.719282497217441821e-02 1.246056851292253256e-02 2.005469400467602539e+10 6.516451807532397461e+10 4.313409735234224662e+00
3.162277660168262939e+11 1.792911554242384353e+00 -5.838408650417745704e-01 -2.196646877119079022e+00 2.945494313800890440e-01 3.360864002163738194e-14 1.062798515290609008e-02 2.447184018164360805e-02 1.116895188407708746e-02 1.966962763651588821e+10 6.554958444348411560e+10 4.473655387342167167e+00
3.548133892335615234e+11 1.765367745563838131e+00 -5.683590231095946299e-01 -2.189618851929832744e+00 2.947794417620775431e-01 2.695086977909668415e-14 9.562529449113661359e-03 2.201853776084568282e-02 1.000669243551485961e-02 1.928084895251951981e+10 6.593836312748048401e+10 4.640553844219922119e+00
3.981071705534822998e+11 1.738012142612261224e+00 -5.527420133620978282e-01 -2.182534719285749603e+00 2.949328800149911278e-01 2.160621892378630956e-14 8.601590682107673400e-03 1.980589448065761538e-02 8.961081629477282012e-03 1.888841543699781418e+10 6.633079664300218201e+10 4.814448242173910764e+00
4.466835921509470215e+11 1.710845504581087528e+00 -5.369876954393114632e-01 -2.175390861059331549e+00 2.950036583513394595e-01 1.731656747502606962e-14 7.735026563468899025e-03 1.781055685895644933e-02 8.020670345986934124e-03 1.849240163379924774e+10 6.672681044620075226e+10 4.995701080808493622e+00
5.011872336272529907e+11 1.683869318431706619e+00 -5.210943109275438800e-01 -2.168083013186024033e+00 2.949853473607310095e-01 1.387607697497381791e-14 6.954512632685949138e-03 1.601335711706144277e-02 7.175072496586490031e-03 1.809286729203543091e+10 6.712634478796456909e+10 5.184711183303947202e+00
5.623413251903260498e+11 1.657085451391328679e+00 -5.050603070551941132e-01 -2.160653874420851661e+00 2.948711772714027735e-01 1.111628513200577580e-14 6.251146512325646276e-03 1.439379677340275367e-02 6.414893649324888633e-03 1.768986936936891174e+10 6.752934271063108826e+10 5.381915149088588812e+00
6.309573444801684570e+11 1.630495059859353946e+00 -4.888836864109105673e-01 -2.153156423124531038e+00 2.946540278553261283e-01 8.902292181457560296e-15 5.616966634599027987e-03 1.293354364067265602e-02 5.731710138973005950e-03 1.728350084181109619e+10 6.793571123818890381e+10 5.587770924685421470e+00
7.079457843841113281e+11 1.604098959970711391e+00 -4.725622032835574693e-01 -2.145617597101035834e+00 2.943264145636648732e-01 7.126360677729575458e-15 5.045076999799351716e-03 1.161671909274511298e-02 5.117953570637564717e-03 1.687388780030308533e+10 6.834532427969691467e+10 5.802759252913132215e+00
7.943282347242496338e+11 1.577898323761136146e+00 -4.560937867363009102e-01 -2.137927307122040155e+00 2.938804899735656950e-01 5.702967647800378990e-15 4.530028224366781410e-03 1.043077546026923742e-02 4.566766206812208732e-03 1.646115113109698677e+10 6.875806094890301514e+10 6.027405458845379371e+00
8.912509381337076416e+11 1.551895077005888357e+00 -4.394768144537253840e-01 -2.130076097392648471e+00 2.933080599609784178e-01 4.562380742072481624e-15 4.066226116495260529e-03 9.362831640585057499e-03 4.071926029290853614e-03 1.604539883256148720e+10 6.917381324743850708e+10 6.262292853204060705e+00
9.999999999999591064e+11 1.526090560275319197e+00 -4.227092759738520500e-01 -2.122143729161189096e+00 2.926005656820160894e-01 3.648252101496353653e-15 3.648252101496204502e-03 8.400410904389360792e-03 3.627844965666494979e-03 1.562677274787027931e+10 6.959243933212971497e+10 6.508043196557163235e+00
1.122018454301919434e+12 1.500485675268938168e+00 -4.057888392142202094e-01 -2.114167429106951879e+00 2.917490792582359549e-01 2.915730654965304744e-15 3.271503602644894315e-03 7.532915427126449931e-03 3.229511807378601489e-03 1.520546072216226768e+10 7.001375135783773804e+10 6.765310095604895935e+00
1.258925411794114746e+12 1.475081330233822152e+00 -3.887131274132509806e-01 -2.106070294898441553e+00 2.907443182607986065e-01 2.329168294037586393e-15 2.932249153709064193e-03 6.751753190274898363e-03 2.872395091943569321e-03 1.478166012742900467e+10 7.043755195257099915e+10 7.034803019769853449e+00
1.412537544622691895e+12 1.449879355884316157e+00 -3.714803501325322221e-01 -2.097778818425379832e+00 2.895767039369856466e-01 1.859785697487589422e-15 2.627017122653519873e-03 6.048930465662106203e-03 2.552378000545145638e-03 1.435555275110503578e+10 7.086365932889495850e+10 7.317313616820380950e+00
1.584893192461046143e+12 1.424881348735224984e+00 -3.540885462085145985e-01 -2.089389579554077336e+00 2.882363471792758758e-01 1.484115241558235382e-15 2.352164143173328132e-03 5.416058092346017622e-03 2.265753286594943648e-03 1.392734737640272522e+10 7.129186470359727478e+10 7.613700584308260133e+00
1.778279410038850098e+12 1.400088306157041051e+00 -3.365353104584746236e-01 -2.080937708464377423e+00 2.867130437952897792e-01 1.183528343687299785e-15 2.104644084776508862e-03 4.846122095664486332e-03 2.009198781894682047e-03 1.349730655785804558e+10 7.172190552214195251e+10 7.924873975175167118e+00
1.995262314968793213e+12 1.375501005536057031e+00 -3.188180324153452871e-01 -2.072402498683441507e+00 2.849963113833819950e-01 9.431593474683568616e-16 1.881850303014170195e-03 4.333120454966756310e-03 1.779717718128901935e-03 1.306571978057629585e+10 7.215349229942370605e+10 8.251817706938354036e+00
2.238721138568236816e+12 1.351121025879863824e+00 -3.009346374083286535e-01 -2.063660272901824744e+00 2.830755037490285120e-01 7.511419253182530762e-16 1.681597306274817093e-03 3.872020889847336764e-03 1.574589184508550519e-03 1.263286760644893265e+10 7.258634447355107117e+10 8.595627341735452731e+00
2.511886431509469238e+12 1.326950175952328781e+00 -2.828832082641239976e-01 -2.054781232514899525e+00 2.809398439918998625e-01 5.977670015365479021e-16 1.501522820363754718e-03 3.457384062959958405e-03 1.391354060688368855e-03 1.219904432816530418e+10 7.302016775183470154e+10 8.957512991487361020e+00
2.818382931264333984e+12 1.302989543847062670e+00 -2.646612734344263029e-01 -2.045823342253474841e+00 2.785783997263414080e-01 4.752941746522714106e-16 1.339560989169330920e-03 3.084453164817659975e-03 1.227808129993928970e-03 1.176460117145849228e+10 7.345461090854150391e+10 9.338773273671124642e+00
3.162277660168236816e+12 1.279239892495453113e+00 -2.462660675543619226e-01 -2.036813197005148623e+00 2.759801630062411748e-01 3.775501563351289514e-16 1.193918424971603673e-03 2.749098767590544678e-03 1.081969331683724439e-03 1.132993657719964600e+10 7.388927550280035400e+10 9.740808746087253667e+00
3.548133892335586426e+12 1.255702463505789623e+00 -2.276951478694133335e-01 -2.027604615284055001e+00 2.731342154264895239e-01 2.996437754430522243e-16 1.063176235276887260e-03 2.448053750574091109e-03 9.520405187296090976e-04 1.089545067467417717e+10 7.432376140532582092e+10 1.016517491115771499e+01
3.981071705534790039e+12 1.232379157022884808e+00 -2.089465750875271755e-01 -2.018209338461781410e+00 2.700298767531337796e-01 2.375838847431711445e-16 9.458384812420772818e-04 2.177873587288135532e-03 8.363923352830538544e-04 1.046154333969279099e+10 7.475766874030720520e+10 1.061361472293829777e+01
4.466835921509433594e+12 1.209271205094741619e+00 -1.900178683081544251e-01 -2.008720913128554830e+00 2.666566573507797577e-01 1.881631776742205270e-16 8.404940411405701240e-04 1.935309049880601026e-03 7.335627693538358416e-04 1.002866886719746017e+10 7.519054321280253601e+10 1.108802609961345631e+01
5.011872336272489258e+12 1.186379416129893727e+00 -1.709061618342758437e-01 -1.999188199087267970e+00 2.630043841313217112e-01 1.488338340934882752e-16 7.459361757945231390e-04 1.717581518709455088e-03 6.422405051390848345e-04 9.597343685143917084e+09 7.562186839485607910e+10 1.159046258071377089e+01
5.623413251903214844e+12 1.163704694517918137e+00 -1.516086182544763850e-01 -1.989491417212964297e+00 2.590634075780475221e-01 1.175796990765989013e-16 6.611992379421384415e-04 1.522467508784591068e-03 5.612392794517340492e-04 9.168099603558815002e+09 7.605111247644119263e+10 1.212320122729183858e+01
6.309573444801632812e+12 1.141248858107409170e+00 -1.321231523634818772e-01 -1.979558570845339371e+00 2.548249281859107374e-01 9.277185850074099421e-17 5.853508548211700099e-04 1.347820152482548080e-03 4.894820879200558524e-04 8.741458748384723663e+09 7.647775333161528015e+10 1.268881499582802164e+01
7.079457843841054688e+12 1.119013340233207865e+00 -1.124473508254899279e-01 -1.969516194940995835e+00 2.502809710858997505e-01 7.308954634878520870e-17 5.174343622016918092e-04 1.191436649008497262e-03 4.260006678827800062e-04 8.317986354066344261e+09 7.690122572593365479e+10 1.329015073479758691e+01
7.943282347242431641e+12 1.096998999797985874e+00 -9.257826953149787819e-02 -1.959411712572997288e+00 2.454245127814966287e-01 5.748878563131427204e-17 4.566496560696229972e-04 1.051474690786771910e-03 3.699278843878985100e-04 7.898314207062304497e+09 7.732089787293769836e+10 1.393031628427516821e+01
8.912509381337003906e+12 1.075206507905507758e+00 -7.251274350792788481e-02 -1.949194155697850928e+00 2.402497450599440920e-01 4.514105232900433484e-17 4.023200523656757168e-04 9.263761551897888849e-04 3.204816132384846880e-04 7.483101793970439911e+09 7.773611028602955627e+10 1.461276142895189700e+01
9.999999999999509766e+12 1.053637423159484943e+00 -5.224839013987083586e-02 -1.938713675582305562e+00 2.347525748367189635e-01 3.538581450236878131e-17 3.538581450236704534e-04 8.147884897660288318e-04 2.769524971145894158e-04 7.072996267184547424e+09 7.814621581281546021e+10 1.534139686890921794e+01
1.122018454301910156e+13 1.032293379145534429e+00 -3.178290877663225711e-02 -1.928082679461801785e+00 2.289307249335115479e-01 2.768545313554799658e-17 3.106358933379553371e-04 7.152655773488644396e-04 2.387011454367172656e-04 6.668663850364967346e+09 7.855054822963504028e+10 1.612062339797662958e+01
1.258925411794104297e+13 1.011175268865340149e+00 -1.111328689750877910e-02 -1.917368336701742004e+00 2.227837648076546606e-01 2.161476546297090671e-17 2.721137751130362978e-04 6.265651221736115483e-04 2.051553779486554960e-04 6.270828867374825478e+09 7.894838321262516785e+10 1.695530857234908595e+01
1.412537544622680273e+13 9.902836549209513839e-01 9.763856770379698846e-03 -1.906591035569184855e+00 2.163134527971568299e-01 1.683652361650496409e-17 2.378222172923969129e-04 5.476058923202639563e-04 1.758011025863087304e-04 5.880250708123023033e+09 7.933896137187698364e+10 1.785087333995587144e+01
1.584893192461033008e+13 9.696197072138977857e-01 3.085133877679719153e-02 -1.895553040075119045e+00 2.095243092397460483e-01 1.308475350750910712e-17 2.073793675908180761e-04 4.775086404091502664e-04 1.501732392680734805e-04 5.497672189101834297e+09 7.972153989089816284e+10 1.881348062275337796e+01
1.778279410038835547e+13 9.491851472407020207e-01 5.215140220340327287e-02 -1.884299753622015627e+00 2.024239458253988266e-01 1.014368325021295574e-17 1.803830306580951192e-04 4.153472774224177674e-04 1.278518413222843610e-04 5.123821262856395721e+09 8.009539081714360046e+10 1.985017489728938145e+01
1.995262314968776953e+13 9.289809391220782420e-01 7.366705800841311103e-02 -1.872946808604439184e+00 1.950229157894648457e-01 7.841810125800928019e-18 1.564646822515115636e-04 3.602732449323806227e-04 1.084613282634144880e-04 4.759460477816130638e+09 8.045975160218386841e+10 2.096886999427030318e+01
2.238721138568218750e+13 9.090076173669292547e-01 9.540180489815332232e-02 -1.861558836631590275e+00 1.873350514831548796e-01 6.043880913210736439e-18 1.353056395939386633e-04 3.115527487270281187e-04 9.166567842192933587e-05 4.405380639551301003e+09 8.081383144044869995e+10 2.217844437973396055e+01
2.511886431509448438e+13 8.892659203887840480e-01 1.173589651496105279e-01 -1.849948359728847525e+00 1.793779472603522773e-01 4.643790894278132263e-18 1.166467533810436742e-04 2.685890754813440072e-04 7.716213281672009642e-05 4.062344394874430656e+09 8.115686768512556458e+10 2.348903953557549329e+01
2.818382931264310938e+13 8.697574871936661900e-01 1.395408565437161741e-01 -1.838051122357082345e+00 1.711735092867168184e-01 3.556393757508935241e-18 1.002327946301813019e-04 2.307945387445891282e-04 6.467754246107182089e-05 3.731061234129426003e+09 8.148815084587057495e+10 2.491239588843595953e+01
3.162277660168211328e+13 8.504834147206982164e-01 1.619503679587021572e-01 -1.826037387333925288e+00 1.627475764538507397e-01 2.713657670126525517e-18 8.581339027585228483e-05 1.975926332284576943e-04 5.396786316174569234e-05 3.412233694504693985e+09 8.180697838549530029e+10 2.646193464186764999e+01
3.548133892335557031e+13 8.314442274500265517e-01 1.845910572228991742e-01 -1.813979761978739891e+00 1.541299896356323196e-01 2.062364921025208120e-18 7.317546874653484970e-05 1.684927435086228456e-04 4.481572874331871814e-05 3.106564298572767735e+09 8.211264778142723083e+10 2.815290268096875792e+01
3.981071705534757812e+13 8.126403029705713266e-01 2.074666991066548283e-01 -1.801770937089204105e+00 1.453548104731647306e-01 1.560829707415693402e-18 6.213774985350711865e-05 1.430774565248784465e-04 3.702647374248121904e-05 2.814705191641114235e+09 8.240450688835888672e+10 3.000285263194470176e+01
4.466835921509397656e+13 7.940729992785309221e-01 2.305798833231506306e-01 -1.789223965040033004e+00 1.364608347154765700e-01 1.176137518022711859e-18 5.253613314138755639e-05 1.209689170149094397e-04 3.042531440398654662e-05 2.537217712196275711e+09 8.268199436780372620e+10 3.203231365895852889e+01
5.011872336272448438e+13 7.757435747746549426e-01 2.539332582858794263e-01 -1.776520700025950861e+00 1.274909785474577228e-01 8.819873262314145618e-19 4.420407881282129904e-05 1.017836529239362692e-04 2.485650015551542694e-05 2.274598967625647068e+09 8.294461311237435913e+10 3.426520546313378190e+01
5.623413251903168750e+13 7.576525159510238971e-01 2.775304206755592751e-01 -1.763746827428858577e+00 1.184916685199055575e-01 6.579327398839337304e-19 3.699827688324273381e-05 8.519168081782093390e-05 2.018211681197151753e-05 2.027300292316380024e+09 8.319191178768362427e+10 3.672916835058050111e+01
6.309573444801581250e+13 7.397999662966223688e-01 3.013754451412021806e-01 -1.750904028663016865e+00 1.095126326798564059e-01 4.880297433879381843e-19 3.079259509153864756e-05 7.090257043237851759e-05 1.627976053071654683e-05 1.795692041708593845e+09 8.342352003829141235e+10 3.945638832743824764e+01
7.079457843840996875e+13 7.221868253176095820e-01 3.254714127344054964e-01 -1.737713851655964037e+00 1.006069133664705267e-01 3.598917619522791434e-19 2.547838557086819420e-05 5.866615080903570049e-05 1.304054249968120679e-05 1.580019662438270807e+09 8.363919241756172180e+10 4.248491761073680095e+01
7.943282347242367188e+13 7.048144264364708533e-01 3.498207357324337186e-01 -1.724282501759127006e+00 9.183000667106452908e-02 2.637092675430155939e-19 2.094717169678650290e-05 4.823264528940739311e-05 1.036807259722014080e-05 1.380407147087986946e+09 8.383880493291201782e+10 4.585999364140287327e+01
8.912509381336929688e+13 6.876832381794220073e-01 3.744269566927803106e-01 -1.710761900874457009e+00 8.323832375729466049e-02 1.918857487470837131e-19 1.710183535853244664e-05 3.937843115939529740e-05 8.177795686000082685e-06 1.196885607833339214e+09 8.402232647216665649e+10 4.963498725338394024e+01
9.999999999999428125e+13 6.707932679220277583e-01 3.992942849778561287e-01 -1.697239123690341023e+00 7.488836924333763800e-02 1.385687646744482606e-19 1.385687646744403301e-05 3.190663718939662627e-05 6.395668977280291709e-06 1.029378855577242613e+09 8.418983322442276001e+10 5.387302235161590858e+01
1.122018454301901094e+14 6.541448688475361983e-01 4.244264400558080408e-01 -1.683410212991329091e+00 6.683597711533798003e-02 9.927663485742992457e-20 1.113902163910277626e-05 2.564854517673615519e-05 4.956789418126977932e-06 8.776669100680212975e+08 8.434154516993197632e+10 5.864979660698408281e+01
1.258925411794094062e+14 6.377392802076069511e-01 4.498257308704276536e-01 -1.669235342046607284e+00 5.913524432328565172e-02 7.052350980366261225e-20 8.878383862074078640e-06 2.044323433069067915e-05 3.804494930441311987e-06 7.413802895368671417e+08 8.447783179046313477e+10 6.405715753517813482e+01
1.412537544622668750e+14 6.215770174124795044e-01 4.754954538868745861e-01 -1.654953806705779851e+00 5.183634148695937666e-02 4.963154629133652840e-20 7.010642253419082378e-06 1.614260034503696379e-05 2.889849063548124809e-06 6.200339489034389257e+08 8.459917813109655762e+10 7.020611588575047790e+01
1.584893192461020000e+14 6.056579957671199832e-01 5.014398156463950595e-01 -1.640686732752005605e+00 4.498418156631385501e-02 3.457527501859683133e-20 5.479811800444168047e-06 1.261773296411560481e-05 2.170840730819313559e-06 5.130344785676358938e+08 8.470617760143235779e+10 7.723082595723299448e+01
1.778279410038820938e+14 5.899820467335594731e-01 5.276631718105048163e-01 -1.626216701292570344e+00 3.861727647715979678e-02 2.382792024811576676e-20 4.237269996127138027e-06 9.756674728073286905e-06 1.611480538514593553e-06 4.196648464213946462e+08 8.479954723357859802e+10 8.529527590116926206e+01
1.995262314968760312e+14 5.745500886276124763e-01 5.541679990228061126e-01 -1.611303941987402899e+00 3.276685716727890940e-02 1.623410142026496524e-20 3.239129078123551467e-06 7.458370329570835697e-06 1.181104412073492309e-06 3.390860988487633467e+08 8.488012598115122986e+10 9.460278085829591532e+01
2.238721138568200312e+14 5.593627373182776807e-01 5.809571123058865361e-01 -1.596250815653814881e+00 2.745509092345163257e-02 1.092191185689984360e-20 2.445111494762034543e-06 5.630077278547449728e-06 8.538932218705365922e-07 2.703721531864373684e+08 8.494883992681356812e+10 1.054060352219077714e+02
2.511886431509428125e+14 5.444197813759468207e-01 6.080346727592594869e-01 -1.581181112892473095e+00 2.269404678353843796e-02 7.248116597142492650e-21 1.820644573436051497e-06 4.192189054434355706e-06 6.083365635459924940e-07 2.125359636379058659e+08 8.500667611636209106e+10 1.180190261339126607e+02
2.818382931264288125e+14 5.297206376220481294e-01 6.354055102277146316e-01 -1.566048468212745348e+00 1.848537189333008743e-02 4.739678988796006158e-21 1.335823036169464513e-06 3.075846209961855109e-06 4.266356819360879966e-07 1.645379254841399789e+08 8.505467415451585388e+10 1.328355367516964520e+02
3.162277660168185625e+14 5.152656749956791016e-01 6.630726375575158871e-01 -1.550435545895939793e+00 1.482049397928998646e-02 3.051310996469665887e-21 9.649092598361550205e-07 2.221785677790649015e-06 2.941948847422759864e-07 1.253008863043665290e+08 8.509391119369563293e+10 1.503562991772369344e+02
3.548133892335528125e+14 5.010555502178738463e-01 6.910383053654677310e-01 -1.534568350628639832e+00 1.168060656827486776e-02 1.931155418728631997e-21 6.851997992558467583e-07 1.577730843489025493e-06 1.992069717102845261e-07 9.374112757105283439e+07 8.512547095242893982e+10 1.712242038404644120e+02
3.981071705534725000e+14 4.870899170394917266e-01 7.193065383644012822e-01 -1.518661426522896818e+00 9.037155915359083511e-03 1.199699204938752852e-21 4.776088559934174216e-07 1.099735032092382976e-06 1.322703248207496108e-07 6.880081682451583445e+07 8.515041126317549133e+10 1.962663563648403340e+02
4.466835921509360625e+14 4.733679139205811404e-01 7.478823621448227321e-01 -1.502831321351033811e+00 6.853291839266868746e-03 7.303923623173138867e-22 3.262542840795057704e-07 7.512282510469147123e-07 8.599624274226736181e-08 4.946647343232261389e+07 8.516974560656767273e+10 2.265549250505087571e+02
5.011872336272406875e+14 4.598892144953928840e-01 7.767696565586313939e-01 -1.486558252633941812e+00 5.085696253697255705e-03 4.352135334340873286e-22 2.181234668589668442e-07 5.022478432216378684e-07 5.465934038555367699e-08 3.478443491126263142e+07 8.518442764508872986e+10 2.634987369741535872e+02
5.623413251903122500e+14 4.466543664329901686e-01 8.059702129210519761e-01 -1.469866629655211199e+00 3.686495937365887304e-03 2.533549013163022337e-22 1.424719309496701705e-07 3.280537443747875732e-07 3.390180069564312963e-08 2.387947529914110899e+07 8.519533260470085144e+10 3.089767100451746842e+02
6.309573444801530000e+14 4.336629793476566297e-01 8.354875918310991079e-01 -1.453118979493738028e+00 2.605194683270487411e-03 1.437749940142751621e-22 9.071588842589694775e-08 2.088810523871814133e-07 2.047843077659396320e-08 1.597264501234620064e+07 8.520323943498765564e+10 3.655115529526185583e+02
7.079457843840938750e+14 4.209140049758842705e-01 8.653267298796688545e-01 -1.436524089988151065e+00 1.791000383316388453e-03 7.935478821691478209e-23 5.617888778885738444e-08 1.293566695636082605e-07 1.202248772782425643e-08 1.038833143669726327e+07 8.520882374856330872e+10 4.365177277461547192e+02
7.943282347242301250e+14 4.084064233450324100e-01 8.954924647422642936e-01 -1.419639123659870883e+00 1.194977906088891045e-03 4.251110653278699393e-23 3.376777220836237764e-08 7.775316891059384510e-08 6.844741765969226121e-09 6.554855279085040092e+06 8.521265722472091675e+10 5.266809909298725643e+02
8.912509381336857500e+14 3.961404516801262932e-01 9.259864546503917548e-01 -1.402153911322771451e+00 7.718576333416776389e-04 2.205252948938295079e-23 1.965433759563332372e-08 4.525578476037772700e-08 3.769517924194949557e-09 4.002460328369308263e+06 8.521520961967163086e+10 6.425467467710813025e+02
9.999999999999345000e+14 3.841157411820321776e-01 9.568113624808675111e-01 -1.384585400650694798e+00 4.813105391518609989e-04 1.104321783591586534e-23 1.104321783591514157e-08 2.542794876766417116e-08 2.002424585993909465e-09 2.358405093586182222e+06 8.521685367490641785e+10 7.933800524246906889e+02
1.122018454301891875e+15 3.723310341929937373e-01 9.879719435517841930e-01 -1.367146843007085222e+00 2.888651379038578953e-04 5.321432110655400488e-24 5.970745031470026788e-09 1.374814850353114911e-08 1.023022154214030594e-09 1.337064466058501974e+06 8.521787501553393555e+10 9.924416613750059923e+02
1.258925411794083750e+15 3.607846910241573335e-01 1.019473922336453064e+00 -1.349659008130709825e+00 1.662962652066630217e-04 2.459475194416011315e-24 3.096295821927511298e-09 7.129484603070033995e-09 5.010813265490031261e-10 7.270353242273943033e+05 8.521848504467576599e+10 1.259014099806013064e+03
1.412537544622657250e+15 3.494762704751959159e-01 1.051319615249348471e+00 -1.331453939423273836e+00 9.149758923130861055e-05 1.086761177129413441e-24 1.535090964733610390e-09 3.534677571785460015e-09 2.344772721776169028e-10 3.778264712753425119e+05 8.521883425352871704e+10 1.621684686313051088e+03
1.584893192461007250e+15 3.384054319955411838e-01 1.083510599382620621e+00 -1.313013510781518622e+00 4.792430964857643031e-05 4.571447473972094913e-25 7.245255981191441322e-10 1.668281841721736202e-09 1.044032868399375402e-10 1.869036384670007683e+05 8.521902517636152649e+10 2.123710313766780473e+03
1.778279410038806500e+15 3.275706696341985080e-01 1.116051462042504827e+00 -1.294658655596879981e+00 2.379075591094721712e-05 1.822241053024708363e-25 3.240453744721272029e-10 7.461420487131934837e-10 4.404268957906456174e-11 8.763119906095281476e+04 8.521912444880093384e+10 2.831666193162481250e+03
1.995262314968744250e+15 3.169698973462486968e-01 1.148948470666785848e+00 -1.276531140176443424e+00 1.113905490297333646e-05 6.849171635686110718e-26 1.366589405343733114e-10 3.146688392988077447e-10 1.752241737876463959e-11 3.876380108748524799e+04 8.521917331619891357e+10 3.850070301453125012e+03
2.238721138568182000e+15 3.066018589073729039e-01 1.182205249590288609e+00 -1.257698235884421090e+00 4.892983896558268002e-06 2.415924883070537756e-26 5.408582104922876440e-11 1.245372052902977429e-10 6.542266264037046996e-12 1.609752731824880175e+04 8.521919598247268677e+10 5.346758823809850583e+03
2.511886431509407500e+15 2.964661490612156003e-01 1.215822235489671277e+00 -1.238348556894109054e+00 2.004896427196336648e-06 7.950568614174589176e-27 1.997092542472970277e-11 4.598475517627839641e-11 2.279217252372662255e-12 6.239713403119581017e+03 8.521920584028659058e+10 7.598678888901886239e+03
2.818382931264265000e+15 2.865611574444887899e-01 1.249803301577917747e+00 -1.219064463592562486e+00 7.614203439937857712e-07 2.424705179846408975e-27 6.833747692227168690e-12 1.573528556540474242e-11 7.362162338305899635e-13 2.243299832127562695e+03 8.521920983670016479e+10 1.107468893946238859e+04
3.162277660168159500e+15 2.768845328639628067e-01 1.284154708566999537e+00 -1.200212542507897995e+00 2.661216905961414634e-07 6.802800873052675306e-28 2.151234522742692872e-12 4.953400543601485525e-12 2.189990811054363551e-13 7.429976287025314150e+02 8.521921133700236511e+10 1.659023619580688683e+04
3.548133892335499000e+15 2.674341144616180221e-01 1.318882044061231218e+00 -1.180853150146676800e+00 8.492934578864883213e-08 1.743057851909141981e-28 6.184602640660337668e-13 1.424057384647610636e-12 5.956263289920962759e-14 2.250782749026677436e+02 8.521921185492172241e+10 2.560601748228032739e+04
3.981071705534692500e+15 2.582091349327247376e-01 1.353985421905246289e+00 -1.160592159376024002e+00 2.454081021001854050e-08 4.045322911864544054e-29 1.610472058417514894e-13 3.708248954395606045e-13 1.469057589703053716e-14 6.185260565164011837e+01 8.521921201814739990e+10 4.083072200619681826e+04
4.466835921509324000e+15 2.492079406313270906e-01 1.389467628084819273e+00 -1.140354580692280129e+00 6.360517969192376137e-09 8.419937982226575977e-30 3.761048143589040571e-14 8.660133389461054757e-14 3.254920163676304432e-15 1.527474445080618892e+01 8.521921206472525024e+10 6.747660442119768413e+04
5.011872336272366000e+15 2.404279215016693338e-01 1.425334937051911055e+00 -1.120562392132197216e+00 1.463195285475798486e-09 1.554950148470168679e-30 7.793211633400246072e-15 1.794453293361518544e-14 6.412734929706723087e-16 3.355503018596646569e+00 8.521921207664450073e+10 1.159628562366813712e+05
5.623413251903077000e+15 2.318661614831074302e-01 1.461594963939998992e+00 -1.100692777246160992e+00 2.952825778738244694e-10 2.518948611076228465e-31 1.416508900038891254e-15 3.261632277322944207e-15 1.111193626972212271e-16 6.485726593854833633e-01 8.521921207935142517e+10 2.080032333628751512e+05
6.309573444801478000e+15 2.235213802695495411e-01 1.498248208342455090e+00 -1.079628647861075930e+00 5.162005316913665399e-11 3.536632472755708035e-32 2.231464233412200100e-16 5.138136279404317903e-16 1.673321506563723947e-17 1.089863845464178471e-01 8.521921207989100647e+10 3.909670904948803945e+05
7.079457843840881000e+15 2.153922016816909868e-01 1.535294718807096670e+00 -1.058434841628525191e+00 7.709099495676983323e-12 4.241718905308091582e-33 3.002907017555152114e-17 6.914448934269702665e-17 2.159262133559077980e-18 1.570012654977863409e-02 8.521921207998429871e+10 7.736862472896002000e+05
7.943282347242237000e+15 2.074759413059683588e-01 1.572739891546990343e+00 -1.037633830875996255e+00 9.682526146670669262e-13 4.277155016388264691e-34 3.397464993809548447e-18 7.822952248714974571e-18 2.350760937737862214e-19 1.908991151377061133e-03 8.521921207999809265e+10 1.620306514755351935e+06
8.912509381336785000e+15 1.997692666560167141e-01 1.610592245139733425e+00 -1.017336633709896798e+00 1.004940769403617503e-13 3.562670943416323283e-35 3.175233820581395334e-19 7.311246062041251573e-19 2.122417240080963401e-20 1.925893160706423240e-04 8.521921207999980164e+10 3.611794883471717127e+06
