# [1] m:            [M_sun/h] 
# [2] sigma 
# [3] ln(1/sigma) 
# [4] n_eff 
# [5] f(sigma) 
# [6] dn/dm:        [h^4/(Mpc^3*M_sun)] 
# [7] dn/dlnm:      [h^3/Mpc^3] 
# [8] dn/dlog10m:   [h^3/Mpc^3] 
# [9] n(>m):        [h^3/Mpc^3] 
# [11] rho(>m):     [M_sun*h^2/Mpc^3] 
# [11] rho(<m):     [M_sun*h^2/Mpc^3] 
# [12] Lbox(N=1):   [Mpc/h]
1.000000000000000000e+07 3.200551280875073790e+00 -1.163323070241460533e+00 -2.516550227174258580e+00 2.451812085070006753e-01 1.683545297269281290e-05 1.683545297269281207e+02 3.876506304872476676e+02 1.778135816383093584e+02 3.271558233274422836e+10 5.250362974725576782e+10 1.778327277167693066e-01
1.122018454301963001e+07 3.170962857651563827e+00 -1.154035282353446323e+00 -2.515342399793555561e+00 2.459364862097081217e-01 1.344758368092631173e-05 1.508843705576924208e+02 3.474241024119322674e+02 1.594367133158299339e+02 3.252121561152854538e+10 5.269799646847145081e+10 1.844182467794097391e-01
1.258925411794166267e+07 3.141574995159790884e+00 -1.144724264980758965e+00 -2.514138023199294913e+00 2.466957063632386760e-01 1.074139698623421229e-05 1.352261762413952226e+02 3.113697775960222316e+02 1.429668663156311368e+02 3.232576371656459427e+10 5.289344836343540955e+10 1.912441682070797899e-01
1.412537544622752629e+07 3.112385266422532215e+00 -1.135389398917834747e+00 -2.512906992283254759e+00 2.474587674469509169e-01 8.580270998927089283e-06 1.211995492902228335e+02 2.790722754732641988e+02 1.282058149888990499e+02 3.212921586850218964e+10 5.308999621149781036e+10 1.983188941429951668e-01
1.584893192461110838e+07 3.083392123803659235e+00 -1.126030329854012857e+00 -2.511612097271144872e+00 2.482255375506327300e-01 6.854844730110999693e-06 1.086419674813084413e+02 2.501573747960047172e+02 1.149750737321673739e+02 3.193154767172033691e+10 5.328766440827966309e+10 2.056516039530457696e-01
1.778279410038919002e+07 3.054593884216806554e+00 -1.116646648997030145e+00 -2.510295397754528146e+00 2.489958799482420437e-01 5.476620032646781691e-06 9.738960640662443780e+01 2.242478559244508460e+02 1.031149429641560289e+02 3.173273565539685059e+10 5.348647642460314941e+10 2.132518453813375126e-01
1.995262314968874678e+07 3.025988283428022729e+00 -1.107237743391722429e+00 -2.508972549403060803e+00 2.497696650247483441e-01 4.375540693877293189e-06 8.730351454106124720e+01 2.010237711482365626e+02 9.248315228733888205e+01 3.153276803041664505e+10 5.368644404958335876e+10 2.211290458145599158e-01
2.238721138568333164e+07 2.997572853312997498e+00 -1.097802912315753554e+00 -2.507638659562521521e+00 2.505467603411699051e-01 3.495899998597249763e-06 7.826345225180669729e+01 1.802082584812613959e+02 8.295235154660147714e+01 3.133163523226874924e+10 5.388757684773124695e+10 2.292928079008987041e-01
2.511886431509571895e+07 2.969345829923071722e+00 -1.088341669268808376e+00 -2.506239823006903400e+00 2.513270052350337624e-01 2.793453718650060151e-06 7.016838492927043092e+01 1.615686771376061586e+02 7.440792815612982736e+01 3.112931568090237808e+10 5.408989639909762573e+10 2.377535056709778882e-01
2.818382931264443323e+07 2.941305748887093507e+00 -1.078853615027565604e+00 -2.504801537836156555e+00 2.521102206644174060e-01 2.232317705974234380e-06 6.291526119677180162e+01 1.448677425535134944e+02 6.674701766385186374e+01 3.092578194571174622e+10 5.429343013428825378e+10 2.465222056715816457e-01
3.162277660168366507e+07 2.913450497768608649e+00 -1.069338116816048290e+00 -2.503349711651649212e+00 2.528962351575601564e-01 1.783936207246279836e-06 5.641301615340395870e+01 1.298957700456602709e+02 5.987792984887254732e+01 3.072101712954439926e+10 5.449819495045559692e+10 2.556099415120492435e-01
3.548133892335738987e+07 2.885777681177839948e+00 -1.059794423835531019e+00 -2.501896268605507956e+00 2.536848747473438026e-01 1.425609673536127595e-06 5.058253999915222465e+01 1.164706025678229651e+02 5.371877053353549059e+01 3.051501218349504471e+10 5.470419989650495911e+10 2.650277270015219955e-01
3.981071705534952879e+07 2.858285280243441751e+00 -1.050221892665939460e+00 -2.500384892548342730e+00 2.544759437181345896e-01 1.139379916164256883e-06 4.535953146096309752e+01 1.044441809672080694e+02 4.819590094515973533e+01 3.030774891697304916e+10 5.491146316302694702e+10 2.747872844823266436e-01
4.466835921509607136e+07 2.830971926866136634e+00 -1.040620089749312083e+00 -2.498815086066697777e+00 2.552692154781350253e-01 9.107154360657336802e-07 4.068016424091705119e+01 9.366953976168504425e+01 4.324305792693742490e+01 3.009919735731927872e+10 5.512001472268072510e+10 2.849013677416997736e-01
5.011872336272694170e+07 2.803835712571437710e+00 -1.030988377074775197e+00 -2.497224789290392710e+00 2.560644661399282263e-01 7.279632189901721335e-07 3.648458719080864654e+01 8.400886658959750264e+01 3.880109776815537970e+01 2.988933531246408081e+10 5.532987676753591919e+10 2.953828857515767292e-01
5.623413251903456450e+07 2.776874365066590133e+00 -1.021325966057670787e+00 -2.495630999701516473e+00 2.568614693330914522e-01 5.818802444293049958e-07 3.272153077544576405e+01 7.534410898348731678e+01 3.481727337882827555e+01 2.967815211862092590e+10 5.554105996137907410e+10 3.062445821051839046e-01
6.309573444801890850e+07 2.750085662470850512e+00 -1.011632061182729192e+00 -2.493993974527421997e+00 2.576599835477414446e-01 4.651456108033532743e-07 2.934870393890993512e+01 6.757788818842965384e+01 3.124422344953036657e+01 2.946563244120090103e+10 5.575357963879910278e+10 3.174997748362327066e-01
7.079457843841329217e+07 2.723468186319771167e+00 -1.001906136598323949e+00 -2.492282848832468201e+00 2.584597285898017627e-01 3.718784246762442310e-07 2.632697630529593980e+01 6.062010318418189314e+01 2.803927366521509157e+01 2.925174616276309204e+10 5.596746591723690796e+10 3.291630518129666783e-01
7.943282347242756188e+07 2.697020273299016058e+00 -9.921475611108073744e-01 -2.490542715304446819e+00 2.592604157193197922e-01 2.973241963921583005e-07 2.361730040609969450e+01 5.438084385184738068e+01 2.516424998931437074e+01 2.903646619726852417e+10 5.618274588273147583e+10 3.412494837332269992e-01
8.912509381337386370e+07 2.670739771864690582e+00 -9.823555021499930096e-01 -2.488788457390606279e+00 2.600617545781518380e-01 2.377187311913095012e-07 2.118670421862166364e+01 4.878418930347230997e+01 2.258512416043138771e+01 2.881977821181235504e+10 5.639943386818764496e+10 3.537739406655664443e-01
9.999999999999918044e+07 2.644624379061675690e+00 -9.725290435287379243e-01 -2.487007148044447113e+00 2.608634424588177070e-01 1.900687851600760124e-07 1.900687851600744693e+01 4.376495513530753811e+01 2.027139554946190003e+01 2.860166843776705551e+10 5.661754364223294067e+10 3.667516845793314384e-01
1.122018454301956147e+08 2.618672504786689892e+00 -9.626675118062223424e-01 -2.485146141448008272e+00 2.616651367124303018e-01 1.519903792656656617e-07 1.705360104124302723e+01 3.926736753943393410e+01 1.819558748259337122e+01 2.838210927235103226e+10 5.683710280764897156e+10 3.801992938560593283e-01
1.258925411794155836e+08 2.592882710997952866e+00 -9.527702725978732801e-01 -2.483238619650345758e+00 2.624664705697277167e-01 1.215486514962639810e-07 1.530206861379584637e+01 3.523431508209837659e+01 1.633304541705507162e+01 2.816106905821323776e+10 5.705814302178675842e+10 3.941343410821887550e-01
1.412537544622738063e+08 2.567252973338845390e+00 -9.428364452760797931e-01 -2.481307318002476947e+00 2.632670751511343443e-01 9.720596888839256693e-08 1.373070806162843027e+01 3.161612369895879482e+01 1.466178444752864962e+01 2.793852821730265808e+10 5.728068386269734192e+10 4.085743105647064444e-01
1.584893192461097836e+08 2.541781029210199883e+00 -9.328650279122115974e-01 -2.479360342419893559e+00 2.640665679124233889e-01 7.773863858016133637e-08 1.232074390768913652e+01 2.836956125644221416e+01 1.316214232364363035e+01 2.771447400168101120e+10 5.750473807831898499e+10 4.235367884271519778e-01
1.778279410038908124e+08 2.516465062218117055e+00 -9.228551636561277416e-01 -2.477336878204255299e+00 2.648645300018959703e-01 6.217730938386402652e-08 1.105686290489443913e+01 2.545936770008878014e+01 1.181641909973036064e+01 2.748888251697571182e+10 5.773032956302429199e+10 4.390406217134185107e-01
1.995262314968858361e+08 2.491303765576502016e+00 -9.128061740787690725e-01 -2.475245501263973580e+00 2.656605027264878904e-01 4.973583627842873293e-08 9.923603982980983673e+00 2.284994259998835275e+01 1.060868634222843809e+01 2.726171877011912155e+10 5.795749330988087463e+10 4.551062470627991741e-01
2.238721138568310440e+08 2.466295291339468232e+00 -9.027171426420060873e-01 -2.473121908664224655e+00 2.664540194381027627e-01 3.978493749797187242e-08 8.906738057332866276e+00 2.050852227801740568e+01 9.524724720278298307e+00 2.703295754083523560e+10 5.818625453916476440e+10 4.717542873406401771e-01
2.511886431509551406e+08 2.441437487527828853e+00 -8.925870000663838066e-01 -2.470983215579895642e+00 2.672445969122090870e-01 3.182472422336152953e-08 7.994009296319517510e+00 1.840688663896114363e+01 8.551839497353839192e+00 2.680258536298689270e+10 5.841662671701310730e+10 4.890052099681226339e-01
2.818382931264426112e+08 2.416728336417701239e+00 -8.824146983905514219e-01 -2.468780066576241161e+00 2.680317200070553296e-01 2.545932121375327365e-08 7.175411635042054037e+00 1.652199586694386824e+01 7.678617434706217715e+00 2.657058206314550018e+10 5.864863001685449982e+10 5.068805845947155220e-01
3.162277660168340802e+08 2.392166539233989475e+00 -8.721994570903679467e-01 -2.466489122950556556e+00 2.688148214189915453e-01 2.036961180938892191e-08 6.441436837113180047e+00 1.483195643859952462e+01 6.894768627067636046e+00 2.633691187403502655e+10 5.888230020596497345e+10 5.254040720646083740e-01
3.548133892335702181e+08 2.367750475916396091e+00 -8.619403381234816974e-01 -2.464156857633553521e+00 2.695933132320227910e-01 1.629795285807570852e-08 5.782731891142794289e+00 1.331523224932666594e+01 6.191088909869484347e+00 2.610154439570870209e+10 5.911766768429129791e+10 5.446000200857743501e-01
3.981071705534920692e+08 2.343478123183099449e+00 -8.516362032327627896e-01 -2.461799081137826750e+00 2.703665879149346751e-01 1.304018399212552054e-08 5.191390752602031533e+00 1.195361895884857795e+01 5.559367629665105781e+00 2.586446329309876633e+10 5.935474878690122986e+10 5.644925336063758570e-01
4.466835921509580016e+08 2.319347366640550856e+00 -8.412858386213256656e-01 -2.459392892679898246e+00 2.711340065421201095e-01 1.043402821579544067e-08 4.660709204035958564e+00 1.073167953599334368e+01 4.992235167294060361e+00 2.562565112843546295e+10 5.959356095156453705e+10 5.851065882188880574e-01
5.011872336272653341e+08 2.295356800054790369e+00 -8.308882998620038540e-01 -2.456887986117341605e+00 2.718948714933172583e-01 8.349811855844187269e-09 4.184819105338690726e+00 9.635902088829549683e+00 4.483045626673489714e+00 2.538507472152661133e+10 5.983413735847338867e+10 6.064694754134524191e-01
5.623413251903399229e+08 2.271505048044657027e+00 -8.204426285545640685e-01 -2.454325158166575704e+00 2.726484461978487817e-01 6.682257734514855658e-09 3.757709669690482368e+00 8.652446269228885711e+00 4.025836917722030783e+00 2.514269924121211243e+10 6.007651283878788757e+10 6.286099832385924069e-01
6.309573444801839590e+08 2.247790222237159519e+00 -8.099476101669346173e-01 -2.451724537077194288e+00 2.733939702468322075e-01 5.347785831061220646e-09 3.374224746815141618e+00 7.769439602428153790e+00 3.615289770930606661e+00 2.489850391419152451e+10 6.032070816580847168e+10 6.515568212954462313e-01
7.079457843841286898e+08 2.224210242827045825e+00 -7.994019055655668948e-01 -2.449088544926806499e+00 2.741306467783964362e-01 4.279821514349784794e-09 3.029881599000427972e+00 6.976560203395348658e+00 3.246639775785020721e+00 2.465247363006295013e+10 6.056673844993704987e+10 6.753392092508170297e-01
7.943282347242691517e+08 2.200763538084293813e+00 -7.888043629175077731e-01 -2.446353218449344613e+00 2.748576182617241681e-01 3.425522485221399628e-09 2.720989228694205675e+00 6.265309236188644881e+00 2.915593039795422392e+00 2.440458016978597260e+10 6.081463191021402740e+10 6.999887040796146653e-01
8.912509381337294579e+08 2.177448922747629023e+00 -7.781539726370876320e-01 -2.443536538233947120e+00 2.755739683852886368e-01 2.741959953324100043e-09 2.443774380725221018e+00 5.626998459698650201e+00 2.618285347398241036e+00 2.415478567774430084e+10 6.106442640225569916e+10 7.255394111984555527e-01
9.999999999999836683e+08 2.154264696130710366e+00 -7.674494570389032155e-01 -2.440672090010719053e+00 2.762787474765424633e-01 2.194826692934641494e-09 2.194826692934605639e+00 5.053775224856643433e+00 2.351266005284359917e+00 2.390306460572080231e+10 6.131614747427919769e+10 7.520258081675339490e-01
1.122018454301946878e+09 2.131208911387862504e+00 -7.566893827496460334e-01 -2.437776290488367081e+00 2.769709609870633082e-01 1.756829673508482225e-09 1.971195314741781113e+00 4.538844947104131222e+00 2.111450500985341705e+00 2.364940353030273819e+10 6.156980854969726562e+10 7.794824923457733812e-01
1.258925411794145584e+09 2.108279846428026794e+00 -7.458723763405191720e-01 -2.434790255507943701e+00 2.776495522565463614e-01 1.406348266650807278e-09 1.770487570719350368e+00 4.076698287669617393e+00 1.896061920115998944e+00 2.339378035874196625e+10 6.182543172125803375e+10 8.079462966627576348e-01
1.412537544622726679e+09 2.085476419026582207e+00 -7.349973274830886583e-01 -2.431699739634265445e+00 2.783133879665010135e-01 1.125895847080950270e-09 1.590370155336650493e+00 3.661962612020796648e+00 1.702595397623739348e+00 2.313615739006574249e+10 6.208305468993425751e+10 8.374576387944634437e-01
1.584893192461085081e+09 2.062797187690250222e+00 -7.240629198479212603e-01 -2.428551684105720199e+00 2.789612850354546980e-01 9.013784196530489526e-10 1.428588521139448453e+00 3.289446632798103565e+00 1.528810166503267620e+00 2.287650535877149963e+10 6.234270672122850037e+10 8.680581374199936029e-01
1.778279410038893700e+09 2.040240391852974344e+00 -7.130676400572533158e-01 -2.425364292075170791e+00 2.795920054065184623e-01 7.216117942330392593e-10 1.283227395725836661e+00 2.954740272319882788e+00 1.372705493875318705e+00 2.261481097468237686e+10 6.260440110531762695e+10 8.997894070820874335e-01
1.995262314968842030e+09 2.017804259401909217e+00 -7.020099199037355131e-01 -2.422103082342701441e+00 2.802042433018999690e-01 5.777119485499707545e-10 1.152686879848975110e+00 2.654159626430069086e+00 1.232482996406570441e+00 2.235105851296220779e+10 6.286815356703779602e+10 9.326950843504902000e-01
2.238721138568292141e+09 1.995487722284826848e+00 -6.908884927865593939e-01 -2.418721628947059887e+00 2.807966027311936119e-01 4.625538250525111825e-10 1.035529025870676412e+00 2.384393698332465394e+00 1.106519163287507546e+00 2.208521508157086945e+10 6.313399699842913055e+10 9.668231039818706574e-01
2.511886431509531021e+09 1.973289658534735480e+00 -6.797020274835877673e-01 -2.415268783975238698e+00 2.813676157346225448e-01 3.703536711085047695e-10 9.302863613171965529e-01 2.142063507784649712e+00 9.933577331345800898e-01 2.181724976067682266e+10 6.340196231932318115e+10 1.002223944268394229e+00
2.818382931264402866e+09 1.951208524758639484e+00 -6.684489368925220498e-01 -2.411763404868371818e+00 2.819157474946601960e-01 2.965224904252244500e-10 8.357139257504648810e-01 1.924302427440553354e+00 8.916985847539504739e-01 2.154714872625869751e+10 6.367206335374130249e+10 1.038948389519244841e+00
3.162277660168314457e+09 1.929242649976397717e+00 -6.571275165654480999e-01 -2.408200845559352654e+00 2.824393835344481407e-01 2.374028122827467964e-10 7.507336097428620736e-01 1.728628018603523886e+00 8.003753236028489093e-01 2.127490315420719910e+10 6.394430892579280090e+10 1.077048937229801551e+00
3.548133892335673332e+09 1.907390938573412908e+00 -6.457363074821090843e-01 -2.404515159027930782e+00 2.829368090663282875e-01 1.900843778458811671e-10 6.744448234385111984e-01 1.552966596496517138e+00 7.183354582253482778e-01 2.100048977469056320e+10 6.421872230530943298e+10 1.116582709712422128e+00
3.981071705534887791e+09 1.885652591021373947e+00 -6.342739631191982586e-01 -2.400735314111417829e+00 2.834062136882193883e-01 1.521998827652723717e-10 6.059186468625528121e-01 1.395179243832837646e+00 6.446318122171147413e-01 2.072387872402889252e+10 6.449533335597110748e+10 1.157611294349469633e+00
4.466835921509543419e+09 1.864026351462205522e+00 -6.227388532140116784e-01 -2.396893609163798011e+00 2.838457038236748553e-01 1.218603777131089787e-10 5.443303125776361995e-01 1.253366863406054632e+00 5.784181595361427286e-01 2.044505640552728271e+10 6.477415567447271729e+10 1.200197433077174525e+00
5.011872336272612572e+09 1.842510789279792727e+00 -6.111292008470007309e-01 -2.393005622236410446e+00 2.842532901717245153e-01 9.756104260312900247e-11 4.889634905205360593e-01 1.125880044290921811e+00 5.189369868437185840e-01 2.016402262612141037e+10 6.505518945387858582e+10 1.244405125982796401e+00
5.623413251903352737e+09 1.821104807272587278e+00 -5.994433538792560690e-01 -2.389003256490064953e+00 2.846268730698221505e-01 7.810899704053889233e-11 4.392391690506461943e-01 1.011385562915109615e+00 4.655053466635679649e-01 1.988076747549082184e+10 6.533844460450917816e+10 1.290303203411633293e+00
6.309573444801788330e+09 1.799807890378559483e+00 -5.876799316388600092e-01 -2.384883949870414632e+00 2.849642363367697606e-01 6.253651590243049559e-11 3.945787400684002133e-01 9.085511248938707984e-01 4.175069294683436683e-01 1.959526724978693008e+10 6.562394483021307373e+10 1.337967108877398115e+00
7.079457843841228485e+09 1.778619171748752725e+00 -5.758373170486370540e-01 -2.380695752303505941e+00 2.852630598431633580e-01 5.006518890481236194e-11 3.544343942955667237e-01 8.161153527493458792e-01 3.743902675272634539e-01 1.930751164262753677e+10 6.591170043737246704e+10 1.387474946440988122e+00
7.943282347242626190e+09 1.757537558813357936e+00 -5.639137150651504227e-01 -2.376460770003620215e+00 2.855209103177854812e-01 4.007633202756065744e-11 3.183376207367568655e-01 7.329994600476485989e-01 3.356623972073387585e-01 1.901750974495165253e+10 6.620170233504834747e+10 1.438906041471011532e+00
8.912509381337221146e+09 1.736562055028915363e+00 -5.519073282553472737e-01 -2.372132164722160041e+00 2.857352311041858051e-01 3.207881312675494737e-11 2.859027229343670817e-01 6.583153478750806142e-01 3.008795270092706753e-01 1.872526816031790924e+10 6.649394391968209076e+10 1.492344607990882643e+00
9.999999999999753952e+09 1.715692375126451008e+00 -5.398167164209097812e-01 -2.367670236376776316e+00 2.859033335813084831e-01 2.567728536844824133e-11 2.567728536844761100e-01 5.912413451794159558e-01 2.696406096829083721e-01 1.843077678117768860e+10 6.678843529882231140e+10 1.547883365895077912e+00
1.122018454301937675e+10 1.694928134839253975e+00 -5.276403416086553610e-01 -2.363132621183107851e+00 2.860224039925064465e-01 2.055111175709417868e-11 2.305872664788118920e-01 5.309468024283579002e-01 2.415859059927141506e-01 1.813403341723853302e+10 6.708517866276146698e+10 1.605620121101731357e+00
1.258925411794135284e+10 1.674268635596068089e+00 -5.153764344589737423e-01 -2.358539932925511007e+00 2.860894983279383963e-01 1.644590607500412773e-11 2.070416907780224247e-01 4.767311108137572417e-01 2.163939581616613761e-01 1.783505816209515762e+10 6.738415391790484619e+10 1.665654630096577771e+00
1.412537544622714996e+10 1.653713132603748859e+00 -5.030231429884020056e-01 -2.353879430416150775e+00 2.861015338223306115e-01 1.315891305640667122e-11 1.858745873860046527e-01 4.279920540814334262e-01 1.937758790392817010e-01 1.753387722329853439e+10 6.768533485670146179e+10 1.728091609057912148e+00
1.584893192461071968e+10 1.633261526209635273e+00 -4.905789519369250784e-01 -2.349084562968152490e+00 2.860552859427704098e-01 1.052836209259901087e-11 1.668632940832537881e-01 3.842169335239817296e-01 1.734706543491464081e-01 1.723050281140837479e+10 6.798870926859162903e+10 1.793045572202200511e+00
1.778279410038879013e+10 1.612913944241780806e+00 -4.780424463508231026e-01 -2.344198131045772016e+00 2.859473906667208687e-01 8.422578201512093040e-12 1.497769739519124732e-01 3.448742274954311737e-01 1.552433753236611702e-01 1.692494642636372375e+10 6.829426565363627625e+10 1.860639805509984868e+00
1.995262314968825912e+10 1.592670129832710391e+00 -4.654119346781274702e-01 -2.339252573105730537e+00 2.857743384664139241e-01 6.736665331867176643e-12 1.344141446523153538e-01 3.095000057639666902e-01 1.388840194921762972e-01 1.661724231741580772e+10 6.860196976258419037e+10 1.931001336222732734e+00
2.238721138568273544e+10 1.572529715665980765e+00 -4.526856064987952455e-01 -2.334262196304972115e+00 2.855324684228803811e-01 5.386975282358940256e-12 1.205993543756175290e-01 2.776902756100032010e-01 1.242042624578271193e-01 1.630744112042419815e+10 6.891177095957580566e+10 2.004262034182933583e+00
2.511886431509510422e+10 1.552492765068227198e+00 -4.398618746331419138e-01 -2.329150235953750148e+00 2.852179723272680878e-01 4.307134398110052406e-12 1.081903245330052277e-01 2.491174284758858604e-01 1.110340698556799427e-01 1.599558467581817818e+10 6.922362740418182373e+10 2.080564802207856889e+00
2.818382931264379883e+10 1.532559852951127066e+00 -4.269394438248729218e-01 -2.323927944852839822e+00 2.848269018936111507e-01 3.443184187704515025e-12 9.704211543825813635e-02 2.234477284007405362e-01 9.921994093376433621e-02 1.568170568776928902e+10 6.953750639223071289e+10 2.160065954682319322e+00
3.162277660168288803e+10 1.512731203327599250e+00 -4.139167609448974328e-01 -2.318645717949016305e+00 2.843551556039305983e-01 2.751822140300881117e-12 8.702025679029963545e-02 2.003715460738578480e-01 8.862445907189941963e-02 1.536585775585999298e+10 6.985335432414001465e+10 2.242928696982301240e+00
3.548133892335644531e+10 1.493006863859026367e+00 -4.007921159068514871e-01 -2.313329578074905246e+00 2.837984762126775640e-01 2.198592104980827089e-12 7.800899163104040024e-02 1.796223412491309013e-01 7.912461188882474739e-02 1.504811911068762970e+10 7.017109296931237793e+10 2.329321681072237915e+00
3.981071705534854889e+10 1.473387047851618892e+00 -3.875638645747678801e-01 -2.307917959249551121e+00 2.831524585936995853e-01 1.756160402870246740e-12 6.991400490247430544e-02 1.609829454799499848e-01 7.060947972059776478e-02 1.472856691915497971e+10 7.049064516084501648e+10 2.419425922560773934e+00
4.466835921509506989e+10 1.453872627786230165e+00 -3.742307740266797578e-01 -2.302379321482272978e+00 2.824125743320241577e-01 1.402457272972470768e-12 6.264546525295697221e-02 1.442465144351351980e-01 6.297874322272066505e-02 1.440726437876615906e+10 7.081194770123384094e+10 2.513440854888591591e+00
5.011872336272570801e+10 1.434464285929060168e+00 -3.607914596002963492e-01 -2.296778839495748237e+00 2.815741523859097706e-01 1.119620856751973544e-12 5.611396799069010705e-02 1.292071862041080932e-01 5.614240070673960636e-02 1.408429052016231346e+10 7.113492155983769226e+10 2.611578032284371353e+00
5.623413251903306580e+10 1.415162415135405860e+00 -3.472443055227854569e-01 -2.291140540696054995e+00 2.806323734324887020e-01 8.934786359975601744e-13 5.024399601961170719e-02 1.156910762472100895e-01 5.001994414545667816e-02 1.375975335679243851e+10 7.145945872320756531e+10 2.714056800940949810e+00
6.309573444801736450e+10 1.395967362689045865e+00 -3.335876249043092656e-01 -2.285437710880715123e+00 2.795822808954849803e-01 7.127479886213876293e-13 4.497135781841357649e-02 1.035503781243803378e-01 4.453890778616693968e-02 1.343376899496536827e+10 7.178544308503463745e+10 2.821110814331400540e+00
7.079457843841171265e+10 1.376880087911763750e+00 -3.198201338281160266e-01 -2.279601117877980254e+00 2.784188279846048220e-01 5.684050074930934702e-13 4.023999288775580163e-02 9.265600776553294116e-02 3.963374813891912957e-02 1.310644074072349930e+10 7.211277133927650452e+10 2.932996996554434244e+00
7.943282347242561340e+10 1.357901616515298615e+00 -3.059405791742921266e-01 -2.273687113431928086e+00 2.771368674605957372e-01 4.531106995224758370e-13 3.599186220863610786e-02 8.287432539070126170e-02 3.524548981001329045e-02 1.277787862400592422e+10 7.244133345599407959e+10 3.049992816957658004e+00
8.912509381337149048e+10 1.339032554499477667e+00 -2.919473789597767932e-01 -2.267726202384666045e+00 2.757311278580138469e-01 3.610318824121659940e-13 3.217700038960239622e-02 7.409028143436208191e-02 3.132137463938672317e-02 1.244822250043961143e+10 7.277098957956039429e+10 3.172388707328436031e+00
9.999999999999673462e+10 1.320273343071379335e+00 -2.778387932449506992e-01 -2.261725081120246728e+00 2.741962337950143436e-01 2.875185462733430223e-13 2.875185462733336264e-02 6.620359186082967751e-02 2.781402780700694202e-02 1.211763093870012856e+10 7.310158114129986572e+10 3.300492157732604959e+00
1.122018454301928558e+11 1.301624830573792524e+00 -2.636133537027690599e-01 -2.255593631012833722e+00 2.725267679788155872e-01 2.288787695578551372e-13 2.568062032418319193e-02 5.913181353730413703e-02 2.468064267205360984e-02 1.178625449398507118e+10 7.343295758601492310e+10 3.434639645111889461e+00
1.258925411794125061e+11 1.283088195508703233e+00 -2.492698248988857168e-01 -2.249355331468927410e+00 2.707172971748792456e-01 1.821112074466353332e-13 2.292644268270807237e-02 5.279008515658602935e-02 2.188259520470636765e-02 1.145424007968607712e+10 7.376497200031391907e+10 3.575200407253867230e+00
1.412537544622703552e+11 1.264664166456776595e+00 -2.348066058713115245e-01 -2.243059948819849936e+00 2.687623217059366132e-01 1.448158619030678347e-13 2.045578419949799567e-02 4.710118376326722506e-02 1.938531348171004809e-02 1.112176265429560280e+10 7.409744942570439148e+10 3.722565863900932026e+00
1.584893192461058960e+11 1.246353234220570094e+00 -2.202218747473170257e-01 -2.236733014820138532e+00 2.666563061243706345e-01 1.150839077875624376e-13 1.823957020143239516e-02 4.199816244843664059e-02 1.715782982641746168e-02 1.078902567374013138e+10 7.443018640625987244e+10 3.877149504972276173e+00
1.778279410038864746e+11 1.228156039902758678e+00 -2.055138899771770111e-01 -2.230290746707652261e+00 2.643937452945070432e-01 9.140377837491872474e-14 1.625414570838736028e-02 3.742655360748588234e-02 1.517221192501940624e-02 1.045623199516686058e+10 7.476298008483314514e+10 4.039401600693712346e+00
1.995262314968809509e+11 1.210073755461463119e+00 -1.906813126778026668e-01 -2.223709109537081563e+00 2.619692546883111706e-01 7.255395285830925238e-14 1.447641679402079939e-02 3.333318150988095335e-02 1.340321854708524316e-02 1.012357371873289108e+10 7.509563836126710510e+10 4.209821033479775210e+00
2.238721138568255310e+11 1.192107232204207889e+00 -1.757225244998676383e-01 -2.217058612600819600e+00 2.593775050325821119e-01 5.755033071074514260e-14 1.288391418937390002e-02 2.966630875186681074e-02 1.182823129054155591e-02 9.791266135205949783e+09 7.542794594479405212e+10 4.388944246260874316e+00
2.511886431509489746e+11 1.174257014708625313e+00 -1.606356196849616225e-01 -2.210367488129703073e+00 2.566132479780285358e-01 4.561318086714644164e-14 1.145751301181734128e-02 2.638189866379592532e-02 1.042702610514999358e-02 9.459558820713090897e+09 7.575965325928691101e+10 4.577340075422240417e+00
2.818382931264356689e+11 1.156523600634010052e+00 -1.454186094279688868e-01 -2.203587700070419597e+00 2.536713872136702186e-01 3.612398944384771286e-14 1.018112352577141971e-02 2.344290326037225258e-02 9.181406057045794766e-03 9.128710291464687347e+09 7.609050178853530884e+10 4.775625564421158487e+00
3.162277660168262939e+11 1.138908074316981045e+00 -1.300699738480493028e-01 -2.196646877119079022e+00 2.505471389330232723e-01 2.858789630452621687e-14 9.040286583501009471e-03 2.081602912356349602e-02 8.074932747447405995e-03 8.798967435766759872e+09 7.642024464423324585e+10 4.984485787475689378e+00
3.548133892335615234e+11 1.121411468850185500e+00 -1.145881319158695844e-01 -2.189618851929832744e+00 2.472359944948581412e-01 2.260410377503329934e-14 8.020238671006707509e-03 1.846728200611442300e-02 7.092849969205461576e-03 8.470591303126584053e+09 7.674862077687341309e+10 5.204668526203809265e+00
3.981071705534822998e+11 1.104034416978529887e+00 -9.897112216837257448e-02 -2.182534719285749603e+00 2.437337039476354938e-01 1.785546517000836813e-14 7.108388717748284624e-03 1.636766989669426187e-02 6.221976171635248271e-03 8.143878161385391235e+09 7.707533391861460876e+10 5.436973532237471929e+00
4.466835921509470215e+11 1.086777400963133244e+00 -8.321680424558618172e-02 -2.175390861059331549e+00 2.400363695655582108e-01 1.409001506378576738e-14 6.293778542152781742e-03 1.449196064976679410e-02 5.450485407973725688e-03 7.819142966598533630e+09 7.740006911340145874e+10 5.682266602462931360e+00
5.011872336272529907e+11 1.069641365363881214e+00 -6.732341973381862632e-02 -2.168083013186024033e+00 2.361406471497007331e-01 1.110802901258132106e-14 5.567202331866898807e-03 1.281895709903841177e-02 4.767712464253598577e-03 7.496692499428497314e+09 7.772251958057150269e+10 5.941507478589838520e+00
5.623413251903260498e+11 1.052627496296252296e+00 -5.128941586146878312e-02 -2.160653874420851661e+00 2.320437955839993183e-01 8.747769173961788743e-15 4.919232109744755763e-03 1.132695052487592453e-02 4.164064773655743075e-03 7.176834749054061890e+09 7.804237733094593811e+10 6.215759100524417491e+00
6.309573444801684570e+11 1.035736528337817264e+00 -3.511279521718518176e-02 -2.153156423124531038e+00 2.277435920010665860e-01 6.880747611716408363e-15 4.341458241126846217e-03 9.996577027874826993e-03 3.630976584836976759e-03 6.859909097455979347e+09 7.835930298254402161e+10 6.506171654614221644e+00
7.079457843841113281e+11 1.018968979920541473e+00 -1.879131208983226414e-02 -2.145617597101035834e+00 2.232384498752368052e-01 5.405147592025161665e-15 3.826551451748143751e-03 8.810960330370000079e-03 3.160788150880858034e-03 6.546281699514470100e+09 7.867293038048553467e+10 6.813990710093975167e+00
7.943282347242496338e+11 1.002325595554637072e+00 -2.322895542575597466e-03 -2.137927307122040155e+00 2.185276204170927827e-01 4.240689640545997408e-15 3.368499516188314807e-03 7.756256771732869884e-03 2.746607723328288193e-03 6.236314300218979836e+09 7.898289777978102112e+10 7.140595869424704922e+00
8.912509381337076416e+11 9.858075985469582081e-01 1.429407673999989227e-02 -2.130076097392648471e+00 2.136113788490189014e-01 3.322705967500417154e-15 2.961364810677215645e-03 6.818794467982491718e-03 2.382231442335405562e-03 5.930357532316758156e+09 7.928885454768324280e+10 7.487531845441513845e+00
9.999999999999591064e+11 9.694158404656670891e-01 3.106161521987308230e-02 -2.122143729161189096e+00 2.084908848064121190e-01 2.599541483677238194e-15 2.599541483677131684e-03 5.985665468934588465e-03 2.062119943912480140e-03 5.628784471430142403e+09 7.959042760856985474e+10 7.856492359319709351e+00
1.122018454301919434e+12 9.531508940957678089e-01 4.798205197950499573e-02 -2.114167429106951879e+00 2.031682860548471303e-01 2.030457135539203376e-15 2.278210376743999843e-03 5.245773252195082975e-03 1.781333975884239482e-03 5.331996474805627823e+09 7.988721560519436646e+10 8.249321244495826377e+00
1.258925411794114746e+12 9.370133363814642236e-01 6.505776378047430086e-02 -2.106070294898441553e+00 1.976468981921686296e-01 1.583359879353294175e-15 1.993331988133125766e-03 4.589816521263519362e-03 1.535444231547775486e-03 5.040394198552194595e+09 8.017881788144779968e+10 8.668061505830854330e+00
1.412537544622691895e+12 9.210043302442315616e-01 8.229054106119290668e-02 -2.097778818425379832e+00 1.919315192118291324e-01 1.232666473076853368e-15 1.741187673218692108e-03 4.009232780458348716e-03 1.320467999004729717e-03 4.754358486511682510e+09 8.046485359348831177e+10 9.115014693779370347e+00
1.584893192461046143e+12 9.051248898353798644e-01 9.968234498521053033e-02 -2.089389579554077336e+00 1.860282955067104060e-01 9.578508450597619525e-16 1.518091283728277043e-03 3.495534359716925311e-03 1.132848820500348755e-03 4.474277475555221558e+09 8.074493460444477844e+10 9.592740165132141783e+00
1.778279410038850098e+12 8.893756487128247068e-01 1.172355807352506718e-01 -2.080937708464377423e+00 1.799447175569827972e-01 7.427972955341125290e-16 1.320901136480855022e-03 3.041487266179710488e-03 9.694232798529336514e-04 4.200560905753428459e+09 8.101865117424656677e+10 1.010405073902697382e+01
1.995262314968793213e+12 8.737571006943025687e-01 1.349528587783801192e-01 -2.072402498683441507e+00 1.736897837379399179e-01 5.748044327206248538e-16 1.146885623084477942e-03 2.640801739083506981e-03 8.273660547213538110e-04 3.933618246437427044e+09 8.128559383356257629e+10 1.065207217594596933e+01
2.238721138568236816e+12 8.582702488100470983e-01 1.528362537853966974e-01 -2.063660272901824744e+00 1.672743501278489975e-01 4.438631239628175223e-16 9.936857582464933818e-04 2.288046014058861023e-03 7.041448608927951746e-04 3.673833517212734699e+09 8.154537856278726196e+10 1.124033691004926894e+01
2.511886431509469238e+12 8.429162420379696652e-01 1.708876829296011590e-01 -2.054781232514899525e+00 1.607110825067407378e-01 3.419514318037316962e-16 8.589431617830292805e-04 1.977789720050776145e-03 5.974989675400547116e-04 3.421576513716114998e+09 8.179763556628388977e+10 1.187283084291543744e+01
2.818382931264333984e+12 8.276957715658733727e-01 1.891096177592991590e-01 -2.045823342253474841e+00 1.540142559240649522e-01 2.627701168720239796e-16 7.405868122384465322e-04 1.705264153928227324e-03 5.054226206905800423e-04 3.177224750043548584e+09 8.204198732995645142e+10 1.255398989960365697e+01
3.162277660168236816e+12 8.126093220293311159e-01 2.075048236393635392e-01 -2.036813197005148623e+00 1.471998846097539448e-01 2.013743989479009468e-16 6.368017631227532388e-04 1.466290246958777081e-03 4.261337606684052520e-04 2.941152143143336296e+09 8.227805993685665894e+10 1.328876696947323843e+01
3.548133892335586426e+12 7.976576821330073619e-01 2.260757433243119341e-01 -2.027604615284055001e+00 1.402859734024117788e-01 1.539016949830500283e-16 5.460638200572535007e-04 1.257358411887214960e-03 3.580425441972557112e-04 2.713699820960572720e+09 8.250551225903942871e+10 1.408278195664923516e+01
3.981071705534790039e+12 7.828420589025717469e-01 2.448243161061981477e-01 -2.018209338461781410e+00 1.332925865529047127e-01 1.172765432532345030e-16 4.668863280683788479e-04 1.075045499132976654e-03 2.997324464217511648e-04 2.495172090590796471e+09 8.272403998940921021e+10 1.494245926356638776e+01
4.466835921509433594e+12 7.681632349697247175e-01 2.637530228855710090e-01 -2.008720913128554830e+00 1.262414236679092472e-01 8.908079650988654179e-17 3.979093017670334007e-04 9.162200266124404750e-04 2.499508082781159643e-04 2.285861146949807167e+09 8.293335093305018616e+10 1.587505181616098149e+01
5.011872336272489258e+12 7.536217238584069777e-01 2.828647293594495626e-01 -1.999188199087267970e+00 1.191558104096063497e-01 6.743011595169247987e-17 3.379511327699338450e-04 7.781612404765013207e-04 2.075912766008926064e-04 2.086044913920247078e+09 8.313316716607975769e+10 1.688872899269498973e+01
5.623413251903214844e+12 7.392181000624294951e-01 3.021622729392488549e-01 -1.989491417212964297e+00 1.120607508633744698e-01 5.086040320396759317e-17 2.860090653743320790e-04 6.585602103920966312e-04 1.716732403291778176e-04 1.895959888705279350e+09 8.332325219129472351e+10 1.799281571310507033e+01
6.309573444801632812e+12 7.249535183305787500e-01 3.216477388302434459e-01 -1.979558570845339371e+00 1.049830443596458246e-01 3.822024872387886167e-17 2.411534664018995505e-04 5.552763768608544271e-04 1.413273256478541793e-04 1.715787056298730135e+09 8.350342502370126343e+10 1.919808689475011931e+01
7.079457843841054688e+12 7.108288891576419744e-01 3.413235403682354230e-01 -1.969516194940995835e+00 9.795068844389318019e-02 2.860453733998909489e-17 2.025046162410301263e-04 4.662841106190759345e-04 1.157883134608560368e-04 1.545672161640041351e+09 8.367353991835995483e+10 2.051690073621127652e+01
7.943282347242431641e+12 6.968447581428627302e-01 3.611926216622273755e-01 -1.959411712572997288e+00 9.099257205253627467e-02 2.131430316183381089e-17 1.693055280491680505e-04 3.898403850474996572e-04 9.438520106919173107e-05 1.385730887810775518e+09 8.383348119218922424e+10 2.196335585794560075e+01
8.912509381337003906e+12 6.830015515903127277e-01 3.812581476857974105e-01 -1.949194155697850928e+00 8.413830862408205880e-02 1.580893162457239200e-17 1.408972514129166792e-04 3.244279107472162115e-04 7.652849367432391025e-05 1.236028911638473034e+09 8.398318316836152649e+10 2.355368946525562279e+01
9.999999999999509766e+12 6.693002595691048828e-01 4.015225010538544526e-01 -1.938713675582305562e+00 7.741823527284977247e-02 1.166976470597290480e-17 1.166976470597233317e-04 2.687062625071994209e-04 6.170013934296358178e-05 1.096565676059123993e+09 8.412264640394087219e+10 2.530684188860808348e+01
1.122018454301910156e+13 6.557419197789765564e-01 4.219879824170930105e-01 -1.928082679461801785e+00 7.086275888316678762e-02 8.569699810653802910e-18 9.615361335381151944e-05 2.214018767459996430e-04 4.944743586163365329e-05 9.672848625508058071e+08 8.425192721744918823e+10 2.724491191058024953e+01
1.258925411794104297e+13 6.423270994798273570e-01 4.426576042962166446e-01 -1.917368336701742004e+00 6.450166774047770557e-02 6.258034203635107800e-18 7.878398286832917225e-05 1.814068245193130454e-04 3.937721833000088081e-05 8.480861993542249203e+08 8.437112588064578247e+10 2.939352390151937300e+01
1.412537544622680273e+13 6.290561560523744156e-01 4.635347479641049873e-01 -1.906591035569184855e+00 5.836379551267230348e-02 4.542682892771471750e-18 6.416710139354869227e-05 1.477502111294226876e-04 3.114829243878252068e-05 7.388161039276068211e+08 8.448039597607238770e+10 3.178253877553681406e+01
1.584893192461033008e+13 6.159298326511222221e-01 4.846222299705226222e-01 -1.895553040075119045e+00 5.247679314067667938e-02 3.277165812414690173e-18 5.193957786662073016e-05 1.195952977320843846e-04 2.446465471724487098e-05 6.392539805095651150e+08 8.457995809949043274e+10 3.444717698731388111e+01
1.778279410038835547e+13 6.029492228192995240e-01 5.059222933971285752e-01 -1.884299753622015627e+00 4.686655668826254090e-02 2.348533935228895798e-18 4.176349540795025830e-05 9.616400195767155624e-05 1.907067222500099754e-05 5.491159210360172987e+08 8.467009615896398926e+10 3.742926791167936784e+01
1.995262314968776953e+13 5.901149389936231060e-01 5.274379492021384896e-01 -1.872946808604439184e+00 4.155631705044919577e-02 1.670966442676938711e-18 3.334016372650730969e-05 7.676856399463655048e-05 1.474735807619331113e-05 4.680709491907604337e+08 8.475114113080923462e+10 4.077825070140342234e+01
2.238721138568218750e+13 5.774273207092496252e-01 5.491726960918787981e-01 -1.861558836631590275e+00 3.656623274550259428e-02 1.179714924723721346e-18 2.641052739463409804e-05 6.081248667699535481e-05 1.130783180940252790e-05 3.957420436593970060e+08 8.482347003634060669e+10 4.455265125067590049e+01
2.511886431509448438e+13 5.648868370273150141e-01 5.711298563433357955e-01 -1.849948359728847525e+00 3.191306545503144743e-02 8.261751515836029271e-19 2.075258153313113931e-05 4.778458487933128195e-05 8.592905020494372821e-06 3.316991312077993751e+08 8.488751294879220581e+10 4.882249798680692265e+01
2.818382931264310938e+13 5.524945290907521400e-01 5.933117477374414417e-01 -1.838051122357082345e+00 2.760986451763266375e-02 5.736375343669840493e-19 1.616730235592452413e-05 3.722658939867932993e-05 6.467625663544116333e-06 2.754620725717679858e+08 8.494375000742823792e+10 5.367248559586447954e+01
3.162277660168211328e+13 5.402510937062835472e-01 6.157212591524272582e-01 -1.826037387333925288e+00 2.366523049133186299e-02 3.945947192419488378e-19 1.247818065479162232e-05 2.873207276340987261e-05 4.818659109491893130e-06 2.265176785766478777e+08 8.499269440142335510e+10 5.920493819607768415e+01
3.548133892335557031e+13 5.281568640385161384e-01 6.383619484166245250e-01 -1.813979761978739891e+00 2.008306342384021809e-02 2.687251560190669981e-19 9.534728337944120013e-06 2.195452333669802670e-05 3.551494206989200814e-06 1.843285835338808596e+08 8.503488349646612549e+10 6.554350014448856143e+01
3.981071705534757812e+13 5.162120799426002105e-01 6.612375903003803179e-01 -1.801770937089204105e+00 1.686250837883350104e-02 1.810707463588792388e-19 7.208556250293949456e-06 1.659831416393590343e-05 2.587673269473356457e-06 1.483344167292229533e+08 8.507087766327078247e+10 7.283892374812124615e+01
4.466835921509397656e+13 5.044176040560883756e-01 6.843507745168759815e-01 -1.789223965040033004e+00 1.399809405125594132e-02 1.206476834823687070e-19 5.389134064259405218e-06 1.240893976051012318e-05 1.862491921362208842e-06 1.179574725422943681e+08 8.510125460745770264e+10 8.127716263883174008e+01
5.011872336272448438e+13 4.927742357506902926e-01 7.077041494796048049e-01 -1.776520700025950861e+00 1.147961821673120289e-02 7.941642532270055236e-20 3.980249851204896547e-06 9.164863973776164014e-06 1.323146828005053949e-06 9.261701602080407739e+07 8.512659506397920227e+10 9.108859150479820244e+01
5.623413251903168750e+13 4.812822840599202956e-01 7.313013118692845982e-01 -1.763746827428858577e+00 9.292344141956225545e-03 5.159634865159002234e-20 2.901475907571675282e-06 6.680895172455909255e-06 9.270028493492537475e-07 7.174137535499586165e+07 8.514747070464500427e+10 1.025588109309206715e+02
6.309573444801581250e+13 4.699418401320353822e-01 7.551463363349274482e-01 -1.750904028663016865e+00 7.417522919746449318e-03 3.305528977355926541e-20 2.085647785654708191e-06 4.802381500484572496e-06 6.399209325257429955e-07 5.477377204633885622e+07 8.516443830795365906e+10 1.160444998629138098e+02
7.079457843840996875e+13 4.587534753587615977e-01 7.792423039281308750e-01 -1.737713851655964037e+00 5.833070512208649722e-03 2.086610108575583984e-20 1.477206830019333123e-06 3.401394426071505735e-06 4.348265343618419502e-07 4.117852023711071908e+07 8.517803355976289368e+10 1.319961671809360837e+02
7.943282347242367188e+13 4.477180367677349171e-01 8.035916269261587086e-01 -1.724282501759127006e+00 4.514177431853198461e-03 1.296341432683703320e-20 1.029720601823534078e-06 2.371019307707727036e-06 2.905161910173617768e-07 3.045009417172711715e+07 8.518876198582827759e+10 1.509882736324323957e+02
8.912509381336929688e+13 4.368358219800446141e-01 8.281978478865055227e-01 -1.710761900874457009e+00 3.433997007159227035e-03 7.916246473623234582e-21 7.055362096114246078e-07 1.624557158818788737e-06 1.906267793541992901e-07 2.212195498913311958e+07 8.519709012501086426e+10 1.737555544115840291e+02
9.999999999999428125e+13 4.261068356808579982e-01 8.530651761715813963e-01 -1.697239123690341023e+00 2.564567702612255504e-03 4.745316022575602714e-21 4.745316022575331572e-07 1.092649393512775590e-06 1.226966155459104679e-07 1.577061127572873235e+07 8.520344146872427368e+10 2.012437828044417643e+02
1.122018454301901094e+14 4.155313022221525654e-01 8.781973312495333639e-01 -1.683410212991329091e+00 1.877727718688797969e-03 2.789133893684977674e-21 3.129459700233461328e-07 7.205847254883183042e-07 7.736576257088330843e-08 1.101771439223206230e+07 8.520819436560777283e+10 2.346841340095787416e+02
1.258925411794094062e+14 4.051100088115952569e-01 9.035966220641528102e-01 -1.669235342046607284e+00 1.345943377582503294e-03 1.605145156164301098e-21 2.020758026713438206e-07 4.652967308858426873e-07 4.771872616152939879e-08 7.532006296174907126e+06 8.521168007370382690e+10 2.757001819620876972e+02
1.412537544622668750e+14 3.948432828523317784e-01 9.292663450805999092e-01 -1.654953806705779851e+00 9.430001655122510849e-04 9.028908102847799421e-22 1.275367168222034879e-07 2.936641429642087197e-07 2.874470431527818839e-08 5.030542531216694973e+06 8.521418153746878052e+10 3.264480294994544920e+02
1.584893192461020000e+14 3.847310705436839950e-01 9.552107068401203271e-01 -1.640686732752005605e+00 6.446745544587824091e-04 4.955030688964533328e-22 7.853194407375326312e-08 1.808264837480663712e-07 1.688243864747136207e-08 3.277036804828308988e+06 8.521593504319517517e+10 3.898117626985991819e+02
1.778279410038820938e+14 3.747732648255721610e-01 9.814340630042301949e-01 -1.626216701292570344e+00 4.292422168831767091e-04 2.648542373791188979e-22 4.709848369928213919e-08 1.084482664685901191e-07 9.650569892054981574e-09 2.078431848767136689e+06 8.521713364815122986e+10 4.696947218649789875e+02
1.995262314968760312e+14 3.649704490381469046e-01 1.007938890216531380e+00 -1.611303941987402899e+00 2.777998610829829807e-04 1.376339237032532970e-22 2.746157812263869013e-08 6.323262041527926926e-08 5.358547719958265063e-09 1.280889389000069350e+06 8.521793119061099243e+10 5.714579766052249852e+02
2.238721138568200312e+14 3.553230143987963219e-01 1.034728003499611582e+00 -1.596250815653814881e+00 1.743771309895698863e-04 6.936898004953771275e-23 1.552978019978158479e-08 3.575864038549117328e-08 2.883766199939014753e-09 7.653411672280998901e+05 8.521844673883277893e+10 7.025544423864383816e+02
2.511886431509428125e+14 3.458308266014595844e-01 1.061805563952984865e+00 -1.581181112892473095e+00 1.059120212901445859e-04 3.382661041779665238e-23 8.496860373241888484e-09 1.956474403267859855e-08 1.500681589484776165e-09 4.423460692553560948e+05 8.521876973393074036e+10 8.734481885247824948e+02
2.818382931264288125e+14 3.364935151946314984e-01 1.089176401421440010e+00 -1.566048468212745348e+00 6.208332865841250530e-05 1.591826499865918850e-23 4.486376636756280602e-09 1.033026396535177514e-08 7.533063895340201105e-10 2.466984324877508916e+05 8.521896538156750488e+10 1.099029752481040077e+03
3.162277660168185625e+14 3.273113145388504286e-01 1.116843528751241266e+00 -1.550435545895939793e+00 3.502457211155351422e-05 7.211018889111815874e-24 2.280324394008910318e-09 5.250640956835597935e-09 3.637837664793374380e-10 1.324018719008331536e+05 8.521907967812809753e+10 1.400830411710758199e+03
3.548133892335528125e+14 3.182846418018715484e-01 1.144809196559192888e+00 -1.534568350628639832e+00 1.895991892119090923e-05 3.134644587958330626e-24 1.112213870296108844e-09 2.560967077965033451e-09 1.684935656093224495e-10 6.817527518621209310e+04 8.521914390472480774e+10 1.810529309542426972e+03
3.981071705534725000e+14 3.094132770364581009e-01 1.173077429558126772e+00 -1.518661426522896818e+00 9.815971283526348635e-06 1.303088389183808106e-24 5.187688315990480895e-10 1.194509378349906585e-09 7.460665420144935187e-11 3.357007124964247487e+04 8.521917850992875671e+10 2.375422205553215917e+03
4.466835921509360625e+14 3.006966729680918271e-01 1.201653253338548000e+00 -1.502831321351033811e+00 4.842757141124047016e-06 5.161188099663675488e-25 2.305418040124434012e-10 5.308421212310071195e-10 3.147286671192669021e-11 1.575354088986861279e+04 8.521919632645910645e+10 3.167290507349960535e+03
5.011872336272406875e+14 2.921346222800280112e-01 1.230540547752356773e+00 -1.486558252633941812e+00 2.267857093768850982e-06 1.940741345661688304e-25 9.726747862181901058e-11 2.239666463077174878e-10 1.260264752345865516e-11 7.019348653263035885e+03 8.521920506065135193e+10 4.297139012789679327e+03
5.623413251903122500e+14 2.837274728671289048e-01 1.259741104114777244e+00 -1.469866629655211199e+00 1.003868192967090823e-06 6.899096900822354391e-26 3.879647293824819240e-11 8.933218024835719999e-11 4.770176859556821893e-12 2.957238640494638275e+03 8.521920912276135254e+10 5.940484124124860500e+03
6.309573444801530000e+14 2.754749767453578690e-01 1.289258483024824598e+00 -1.453118979493738028e+00 4.180859977301049108e-07 2.307325138006089615e-26 1.455823741928624881e-11 3.352158046191662612e-11 1.698832841799988922e-12 1.172592040143902750e+03 8.521921090740795898e+10 8.380754468259783607e+03
7.079457843840938750e+14 2.673764680281181527e-01 1.319097621073394233e+00 -1.436524089988151065e+00 1.629935714284409536e-07 7.221841191051045161e-27 5.112672026695991090e-12 1.177236239403784563e-11 5.664842704011319349e-13 4.354699971406652708e+02 8.521921164452999878e+10 1.208566953438448218e+04
7.943282347242301250e+14 2.594312987999710662e-01 1.349263355935989672e+00 -1.419639123659870883e+00 5.915278394377430798e-08 2.104348780953665414e-27 1.671543652419010589e-12 3.848871496348834868e-12 1.759534231414665583e-13 1.506834563787637649e+02 8.521921192931654358e+10 1.784572076438055228e+04
8.912509381336857500e+14 2.516396070483899461e-01 1.379757345844117022e+00 -1.402153911322771451e+00 1.986499938416199532e-08 5.675573652478020178e-28 5.058360342217865275e-13 1.164730511898311649e-12 5.061337293528841795e-14 4.830009480932733368e+01 8.521921203169990540e+10 2.703407867036116295e+04
9.999999999999345000e+14 2.440011712063104299e-01 1.410582253674592890e+00 -1.384585400650694798e+00 6.132905836698449359e-09 1.407137588160144326e-28 1.407137588160052234e-13 3.240054034288931230e-13 1.339497505210845706e-14 1.424828068854822405e+01 8.521921206575172424e+10 4.210684454819275561e+04
1.122018454301891875e+15 2.365151923739931272e-01 1.441742834745509461e+00 -1.367146843007085222e+00 1.728073787186155244e-09 3.183432728311753339e-29 3.571870269194407817e-14 8.224535235955673626e-14 3.238706157397254048e-15 3.841125524626863186e+00 8.521921207615887451e+10 6.758902023857028689e+04
1.258925411794083750e+15 2.291806289747521097e-01 1.473244813530178332e+00 -1.349659008130709825e+00 4.408704921680332611e-10 6.520351122075656996e-30 8.208635721401113195e-15 1.890108224591662822e-14 7.100452922604307629e-16 9.392291276824075164e-01 8.521921207906077576e+10 1.120911476927908661e+05
1.412537544622657250e+15 2.219972007456744445e-01 1.505090506443073739e+00 -1.331453939423273836e+00 1.009673170830421709e-10 1.199237720759742018e-30 1.693968305500837831e-15 3.900506168250613230e-15 1.400055819062521180e-16 2.066125237953934102e-01 8.521921207979338074e+10 1.925831191110602231e+05
1.584893192461007250e+15 2.149646913594176201e-01 1.537281490576345888e+00 -1.313013510781518622e+00 2.056376680168256726e-11 1.961555220935673939e-31 3.108855516297296563e-16 7.158404368098463335e-16 2.459691677974110342e-17 4.050897277353188164e-02 8.521921207995948792e+10 3.438532309125787579e+05
1.778279410038806500e+15 2.080821441933622395e-01 1.569822353236229873e+00 -1.294658655596879981e+00 3.685961605064686226e-12 2.823243860667349200e-32 5.020516426943216409e-17 1.156016628381118152e-16 3.810864288542236598e-18 7.006405474044475820e-03 8.521921207999299622e+10 6.402144993156405399e+05
1.995262314968744250e+15 2.013482341328386438e-01 1.602719361860511338e+00 -1.276531140176443424e+00 5.747937970447285236e-13 3.534286710478652179e-33 7.051829083712903338e-18 1.623743652649919161e-17 5.148868044269751018e-19 1.057155424437417014e-03 8.521921207999894714e+10 1.247659504641368287e+06
2.238721138568182000e+15 1.947621631886675420e-01 1.635976140784013877e+00 -1.257698235884421090e+00 7.700884749142657198e-14 3.802334011399215220e-34 8.512365527216173612e-19 1.960044596908436239e-18 5.994977634178629301e-20 1.375069628210184099e-04 8.521921207999986267e+10 2.555077892316376325e+06
2.511886431509407500e+15 1.883236739305621243e-01 1.669593126683396322e+00 -1.238348556894109054e+00 8.744673090419797454e-15 3.467766337991496165e-35 8.710635212045905307e-20 2.005697878976593100e-19 5.934416721634126521e-21 1.521191781036597076e-05 8.521921207999998474e+10 5.523410485956311226e+06
2.818382931264265000e+15 1.820317434102643184e-01 1.703574192771643014e+00 -1.219064463592562486e+00 8.289906825299847629e-16 2.639879559077382486e-36 7.440191489897129049e-21 1.713167401365829128e-20 4.918801738512091705e-22 1.409614149992821714e-06 8.521921208000000000e+10 1.266816060671842285e+07
3.162277660168159500e+15 1.758848780834065539e-01 1.737925599760724804e+00 -1.200212542507897995e+00 6.451281352684154041e-17 1.649124591086019781e-37 5.214989853225271325e-22 1.200795789615171756e-21 3.356842876937462809e-23 1.075924668927739286e-07 8.521921208000000000e+10 3.099961704095473886e+07
3.548133892335499000e+15 1.698817053119240361e-01 1.772652935254956708e+00 -1.180853150146676800e+00 4.045631273293869251e-18 8.303100996907193190e-39 2.946051405861108139e-23 6.783534050329939738e-23 1.852650516412982829e-24 6.644002626226396401e-09 8.521921208000000000e+10 8.142082515318846703e+07
3.981071705534692500e+15 1.640217376821738737e-01 1.807756313098971557e+00 -1.160592159376024002e+00 2.004005169572265270e-19 3.303414988579365061e-40 1.315113194267251901e-24 3.028160036719556895e-24 8.106300291251677547e-26 3.253978017291559352e-10 8.521921208000000000e+10 2.310605329570572972e+08
4.466835921509324000e+15 1.583039247515245218e-01 1.843238519278544540e+00 -1.140354580692280129e+00 7.668898107103251424e-21 1.015194780780143419e-41 4.534708514117528043e-26 1.044155222568020025e-25 2.748613938108127692e-27 1.235457053928319000e-11 8.521921208000000000e+10 7.138858138320918083e+08
5.011872336272366000e+15 1.527266085388180594e-01 1.879105828245636323e+00 -1.120562392132197216e+00 2.211505714204911710e-22 2.350186043366958552e-43 1.177883241584426622e-27 2.712176393359805090e-27 7.042147185409393544e-29 3.545683538629802414e-13 8.521921208000000000e+10 2.421577098405025959e+09
5.623413251903077000e+15 1.472879366799460799e-01 1.915365855133724482e+00 -1.100692777246160992e+00 4.674621196429853459e-24 3.987749854678538911e-45 2.242476537807386505e-29 5.163493047344186606e-29 1.326188758263048704e-30 7.482194131571358316e-15 8.521921208000000000e+10 9.101889371732751846e+09
6.309573444801478000e+15 1.419870958883066303e-01 1.952019099536180580e+00 -1.079628647861075930e+00 7.029921131898354546e-26 4.816393209538243169e-47 3.038938669462466080e-31 6.997414878827434688e-31 1.782195922993875489e-32 1.127035666809427672e-16 8.521921208000000000e+10 3.828378348418503571e+10
7.079457843840881000e+15 1.368232119759242027e-01 1.989065610000821938e+00 -1.058434841628525191e+00 7.278119629418578378e-28 4.004584146891682461e-49 2.835028465003316522e-33 6.527894281730428696e-33 1.652246758269830868e-34 1.171460117258393812e-18 8.521921208000000000e+10 1.822391567473820496e+11
7.943282347242237000e+15 1.317945797274606978e-01 2.026510782740715388e+00 -1.037633830875996255e+00 4.998734078197335971e-30 2.208138683467880854e-51 1.753986902465313269e-35 4.038704094923431822e-35 1.017642759992225852e-36 8.091166108650669286e-21 8.521921208000000000e+10 9.941873150205531006e+11
8.912509381336785000e+15 1.268990822534244722e-01 2.064363136333458915e+00 -1.017336633709896798e+00 2.184837583477271786e-32 7.745588209499893210e-54 6.903262758113938584e-38 1.589534991985411716e-37 3.992898781408696584e-39 3.560750909556198186e-23 8.521921208000000000e+10 6.303337573847968750e+12
