# [1] m:            [M_sun/h] 
# [2] sigma 
# [3] ln(1/sigma) 
# [4] n_eff 
# [5] f(sigma) 
# [6] dn/dm:        [h^4/(Mpc^3*M_sun)] 
# [7] dn/dlnm:      [h^3/Mpc^3] 
# [8] dn/dlog10m:   [h^3/Mpc^3] 
# [9] n(>m):        [h^3/Mpc^3] 
# [11] rho(>m):     [M_sun*h^2/Mpc^3] 
# [11] rho(<m):     [M_sun*h^2/Mpc^3] 
# [12] Lbox(N=1):   [Mpc/h]
1.000000000000000000e+07 2.839760550856484933e+00 -1.043719735539864857e+00 -2.516550227174258580e+00 2.513921141333331222e-01 1.726192696809677717e-05 1.726192696809677614e+02 3.974705571309154379e+02 1.819793259432606192e+02 2.971932781151279449e+10 5.549988426848720551e+10 1.764652988591610128e-01
1.122018454301963001e+07 2.813507562024762265e+00 -1.034431947651850647e+00 -2.515342399793555561e+00 2.521490263489775674e-01 1.378727973286836787e-05 1.546958229490174688e+02 3.562002958708538358e+02 1.631375546182164840e+02 2.952004434588133621e+10 5.569916773411866760e+10 1.830130325119628532e-01
1.258925411794166267e+07 2.787432525178199061e+00 -1.025120930279163067e+00 -2.514138023199294913e+00 2.529070789921221696e-01 1.101184684618446521e-05 1.386309382544706921e+02 3.192095318525222183e+02 1.462523089251321551e+02 2.931966327169859314e+10 5.589954880830140686e+10 1.898012593214403465e-01
1.412537544622752629e+07 2.761533286927092323e+00 -1.015786064216238849e+00 -2.512906992283254759e+00 2.536660546096325963e-01 8.795499606801682332e-06 1.242397341832203495e+02 2.860725598878259461e+02 1.311202566316235050e+02 2.911817596603260422e+10 5.610103611396739197e+10 1.968385104053066714e-01
1.584893192461110838e+07 2.735808474096747656e+00 -1.006426995152417181e+00 -2.511612097271144872e+00 2.544257013547625013e-01 7.026064664199749098e-06 1.113556205608174281e+02 2.564057919244394839e+02 1.175582978363169246e+02 2.891555995966846848e+10 5.630365212033152771e+10 2.041341055888928335e-01
1.778279410038919002e+07 2.710256593331225705e+00 -9.970433142954344685e-01 -2.510295397754528146e+00 2.551857584708478455e-01 5.612765308318008156e-06 9.981064981162658967e+01 2.298225143783003546e+02 1.054025901787484827e+02 2.871179384981573105e+10 5.650741823018426514e+10 2.116977483684956696e-01
1.995262314968874678e+07 2.684875635638422686e+00 -9.876344086901267527e-01 -2.508972549403060803e+00 2.559459677719870263e-01 4.483739037361362884e-06 8.946235531401946162e+01 2.059946857301978866e+02 9.450716017603608066e+01 2.850686833011482620e+10 5.671234374988517761e+10 2.195390407206717354e-01
2.238721138568333164e+07 2.659663411119962628e+00 -9.781995776141578780e-01 -2.507638659562521521e+00 2.567060634514555240e-01 3.581841272414906760e-06 8.018743771551747557e+01 1.846383987291390838e+02 8.474133306455270542e+01 2.830077650017791367e+10 5.691843557982208252e+10 2.276677782846831533e-01
2.511886431509571895e+07 2.634618354673031071e+00 -9.687383345672125889e-01 -2.506239823006903400e+00 2.574657470883022770e-01 2.861684712139236208e-06 7.188226999680922802e+01 1.655150433452261041e+02 7.598749701269360912e+01 2.809349928072393417e+10 5.712571279927606201e+10 2.360945454376492114e-01
2.818382931264443323e+07 2.609739167001643878e+00 -9.592502803259700395e-01 -2.504801537836156555e+00 2.582246974051660704e-01 2.286458528409631018e-06 6.444115689513721179e+01 1.483812472420334245e+02 6.814008974801215857e+01 2.788501173918986893e+10 5.733420034081013489e+10 2.448306391013665706e-01
3.162277660168366507e+07 2.585023973799413177e+00 -9.497347821144525026e-01 -2.503349711651649212e+00 2.589825952520029007e-01 1.826869539709891717e-06 5.777068733466656880e+01 1.330219234688231609e+02 6.110501048024077164e+01 2.767529988132867813e+10 5.754391219867132568e+10 2.538873479207263695e-01
3.548133892335738987e+07 2.560470649703301405e+00 -9.401910891339351206e-01 -2.501896268605507956e+00 2.597391133479460823e-01 1.459632124119791453e-06 5.178970209931438262e+01 1.192501960244837420e+02 5.479820749290812643e+01 2.746435790155862045e+10 5.775485417844137573e+10 2.632759665466840038e-01
3.981071705534952879e+07 2.536077403424651155e+00 -9.306185579643434513e-01 -2.500384892548342730e+00 2.604938975261393286e-01 1.166324450115330656e-06 4.643221267827755838e+01 1.069141207477310473e+02 4.914409957360278014e+01 2.725217079075534821e+10 5.796704128924465179e+10 2.730085233179063708e-01
4.466835921509607136e+07 2.511843021086847649e+00 -9.210167550477161846e-01 -2.498815086066697777e+00 2.612465581334574849e-01 9.320406013923085337e-07 4.163272438604580827e+01 9.586289055203876330e+01 4.407467429110855761e+01 2.703871164473321533e+10 5.818050043526678467e+10 2.830981053326619423e-01
5.011872336272694170e+07 2.487765809353310154e+00 -9.113850423731795214e-01 -2.497224789290392710e+00 2.619967019040889133e-01 7.448279152433693875e-07 3.732982423691905893e+01 8.595509681201765773e+01 3.952922460700716556e+01 2.682396170100037003e+10 5.839525037899963379e+10 2.935579873697418685e-01
5.623413251903456450e+07 2.463843752081581240e+00 -9.017226313560751105e-01 -2.495630999701516473e+00 2.627439264526459373e-01 5.952060483946033795e-07 3.347089580155302713e+01 7.706958572181299871e+01 3.545360754366141265e+01 2.660791417561523438e+10 5.861129790438476562e+10 3.044013136821426269e-01
6.309573444801890850e+07 2.440074877858385616e+00 -8.920287264811336270e-01 -2.493993974527421997e+00 2.634878079390668426e-01 4.756664021921933589e-07 3.001252099856318978e+01 6.910638345446237452e+01 3.179920831425454608e+01 2.639055769272090530e+10 5.882865438727909851e+10 3.156418383232084679e-01
7.079457843841329217e+07 2.416457928119485121e+00 -8.823028018967280506e-01 -2.492282848832468201e+00 2.642278790969263547e-01 3.801777861883401806e-07 2.691452610485276509e+01 6.197298659403308108e+01 2.852222406304217373e+01 2.617186595573091125e+10 5.904734612426908875e+10 3.272946233064243926e-01
7.943282347242756188e+07 2.392991427052116205e+00 -8.725442264092114764e-01 -2.490542715304446819e+00 2.649636573070870971e-01 3.038647695730216111e-07 2.413683660098370254e+01 5.557712014945814616e+01 2.558347139445490370e+01 2.595181597987011719e+10 5.926739610012988281e+10 3.393752568584700313e-01
8.912509381337386370e+07 2.369673465650941946e+00 -8.627521674483972225e-01 -2.488788457390606279e+00 2.656946503917625435e-01 2.428676807087672117e-07 2.164560482740540692e+01 4.984084700442365090e+01 2.294802221560787103e+01 2.573039803639649200e+10 5.948881404360350800e+10 3.518991729350856024e-01
9.999999999999918044e+07 2.346502000567637136e+00 -8.529257088271422482e-01 -2.487007148044447113e+00 2.664203461175539411e-01 1.941176235780322508e-07 1.941176235780306669e+01 4.469723463382029394e+01 2.058457017465178041e+01 2.550760319568675995e+10 5.971160888431324005e+10 3.648822458730655027e-01
1.122018454301956147e+08 2.323475620947579312e+00 -8.430641771046266664e-01 -2.485146141448008272e+00 2.671401869860736134e-01 1.551706079275533392e-07 1.741042856599682764e+01 4.008899327870199869e+01 1.846491447683873233e+01 2.528340863341948318e+10 5.993580344658052063e+10 3.783417193796462241e-01
1.258925411794155836e+08 2.300593050856105659e+00 -8.331669378962774930e-01 -2.483238619650345758e+00 2.678535847123707514e-01 1.240434328604259144e-07 1.561614297941724239e+01 3.595749803446976500e+01 1.656375219400944587e+01 2.505778763768642807e+10 6.016142444231356812e+10 3.922958903187240276e-01
1.412537544622738063e+08 2.277852494137628359e+00 -8.232331105744840061e-01 -2.481307318002476947e+00 2.685599394145236074e-01 9.916025048103812653e-08 1.400675767386612769e+01 3.225175142102410319e+01 1.485852095762210467e+01 2.483072609323100662e+10 6.038848598676899719e+10 4.067630292384407098e-01
1.584893192461097836e+08 2.255251943250541569e+00 -8.132616932106156993e-01 -2.479360342419893559e+00 2.692586284526092277e-01 7.926713088803153832e-08 1.256299361303640083e+01 2.892736181675702412e+01 1.332904312667758262e+01 2.460221712177782440e+10 6.061699495822217560e+10 4.217615736113045632e-01
1.778279410038908124e+08 2.232789786558821543e+00 -8.032518289545319545e-01 -2.477336878204255299e+00 2.699489861690730352e-01 6.337089239836959815e-08 1.126911531478118178e+01 2.594809693504605264e+01 1.195715665788251236e+01 2.437224275845651627e+10 6.084696932154348755e+10 4.373112940111176794e-01
1.995262314968858361e+08 2.210464864587341705e+00 -7.932028393771732855e-01 -2.475245501263973580e+00 2.706303010417761556e-01 5.066626090990083972e-08 1.010924810339049174e+01 2.327740398424527868e+01 1.072651913490023468e+01 2.414077402478312683e+10 6.107843805521687317e+10 4.534336319902241286e-01
2.238721138568310440e+08 2.188275537704873486e+00 -7.831138079404103003e-01 -2.473121908664224655e+00 2.713018428508813806e-01 4.050877852647400104e-08 9.068785878479939555e+00 2.088165117534282089e+01 9.622542755910536982e+00 2.390779222264682770e+10 6.131141985735317230e+10 4.701502992168176687e-01
2.511886431509551406e+08 2.166219896519857802e+00 -7.729836653647881306e-01 -2.470983215579895642e+00 2.719628542247967684e-01 3.238659615462937940e-08 8.135145144359295699e+00 1.873186393874460975e+01 8.632204878058354680e+00 2.367329095074916458e+10 6.154592112925083923e+10 4.874829383256751303e-01
2.818382931264426112e+08 2.144296150761749953e+00 -7.628113636889558569e-01 -2.468780066576241161e+00 2.726125370099542478e-01 2.589443572742037065e-08 7.298043566888530620e+00 1.680436632513862705e+01 7.743799121461277579e+00 2.343725731553391266e+10 6.178195476446608734e+10 5.054543910994925282e-01
3.162277660168340802e+08 2.122503148063360712e+00 -7.525961223887721596e-01 -2.466489122950556556e+00 2.732500355407378456e-01 2.070569294313963613e-08 6.547715023239573107e+00 1.507667100568460405e+01 6.946773188190700665e+00 2.319966291770273972e+10 6.201954916229725647e+10 5.240897027992461599e-01
3.548133892335702181e+08 2.100839450990036994e+00 -7.423370034218859104e-01 -2.464156857633553521e+00 2.738744625291255619e-01 1.655676480183677284e-08 5.874561834082785872e+00 1.352667850703078400e+01 6.231689450372819294e+00 2.296048520177146912e+10 6.225872687822853088e+10 5.434147209231071640e-01
3.981071705534920692e+08 2.079303264339828594e+00 -7.320328685311668915e-01 -2.461799081137826750e+00 2.744848986683436909e-01 1.323881626534893890e-08 5.270467684875614900e+00 1.213570032430143186e+01 5.590129979589516296e+00 2.271971630264783859e+10 6.249949577735215759e+10 5.634551654876041038e-01
4.466835921509580016e+08 2.057892712069872232e+00 -7.216825039197298786e-01 -2.459392892679898246e+00 2.750803820662621191e-01 1.058589626840220650e-08 4.728546171307319135e+00 1.088787992558630258e+01 5.014540473342325555e+00 2.247734763677629089e+10 6.274186444322370911e+10 5.842377561790761398e-01
5.011872336272653341e+08 2.036606546467703893e+00 -7.112849651604080670e-01 -2.456887986117341605e+00 2.756598866752969501e-01 8.465434369175410142e-09 4.242767632940197764e+00 9.769333504645732802e+00 4.498110137586526669e+00 2.223335507303517151e+10 6.298585700696482849e+10 6.057916808132695063e-01
5.623413251903399229e+08 2.015443547195694407e+00 -7.008392938529682814e-01 -2.454325158166575704e+00 2.762223377876164010e-01 6.769849155082542911e-09 3.806965945207820390e+00 8.765863034971514978e+00 4.034730224096097828e+00 2.198771326630771255e+10 6.323149881369229126e+10 6.281477851613377350e-01
6.309573444801839590e+08 1.994402038752764117e+00 -6.903442754653388302e-01 -2.451724537077194288e+00 2.767666223158368188e-01 5.413757369977891733e-09 3.415849973821275309e+00 7.865285229624970675e+00 3.618951517481187263e+00 2.174041160336805725e+10 6.347880047663194275e+10 6.513369932534459616e-01
7.079457843841286898e+08 1.973480175785287782e+00 -6.797985708639712188e-01 -2.449088544926806499e+00 2.772915777194663867e-01 4.329171050441243136e-09 3.064818395037688159e+00 7.057005149147717482e+00 3.245894258011871703e+00 2.149144569017356873e+10 6.372776638982643127e+10 6.753909093168113387e-01
7.943282347242691517e+08 1.952676563740726845e+00 -6.692010282159119861e-01 -2.446353218449344613e+00 2.777959738856807803e-01 3.462142911910303455e-09 2.750077867580852153e+00 6.332288302464523788e+00 2.911161921721566959e+00 2.124079837930411911e+10 6.397841370069587708e+10 7.003436780592513511e-01
8.912509381337294579e+08 1.931990150969564501e+00 -6.585506379354918449e-01 -2.443536538233947120e+00 2.782785148999087910e-01 2.768870181015209260e-09 2.467758146400314434e+00 5.682223121015982592e+00 2.610799136134555720e+00 2.098844332739530945e+10 6.423076875260469055e+10 7.262322205405301601e-01
9.999999999999836683e+08 1.911419428499889994e+00 -6.478461223373074285e-01 -2.440672090010719053e+00 2.787378556371009064e-01 2.214362456292861449e-09 2.214362456292825243e+00 5.098757982345539119e+00 2.341274608550518721e+00 2.073436721065440750e+10 6.448484486934559631e+10 7.530940475321107330e-01
1.122018454301946878e+09 1.890962668949429881e+00 -6.370860480480500243e-01 -2.437776290488367081e+00 2.791725918019996033e-01 1.770794640564979489e-09 1.986864265492889858e+00 4.574924039526492514e+00 2.099432558003718974e+00 2.047856953111131287e+10 6.474064254888868713e+10 7.809670137781633548e-01
1.258925411794145584e+09 1.870618344354460838e+00 -6.262690416389234960e-01 -2.434790255507943701e+00 2.795812475319247037e-01 1.416132673937427747e-09 1.782805409691820664e+00 4.105061160065528902e+00 1.882432928013919593e+00 2.022104165584246445e+10 6.499817042415753174e+10 8.098914789069868725e-01
1.412537544622726679e+09 1.850385494487035043e+00 -6.153939927814929822e-01 -2.431699739634265445e+00 2.799622667362481887e-01 1.132566261942278224e-09 1.599792366766485507e+00 3.683658055602172965e+00 1.687714947622227957e+00 1.996175987793082428e+10 6.525745220206917572e+10 8.399117064762171569e-01
1.584893192461085081e+09 1.830262840350072029e+00 -6.044595851463255842e-01 -2.428551684105720199e+00 2.803140287226978389e-01 9.057493988261908149e-10 1.435516056275350172e+00 3.305397871933223097e+00 1.512988549433843755e+00 1.970070968066351700e+10 6.551850239933648682e+10 8.710734689671594255e-01
1.778279410038893700e+09 1.810248819842046775e+00 -5.934643053556577508e-01 -2.425364292075170791e+00 2.806348424958434173e-01 7.243033001722966431e-10 1.288013645319615375e+00 2.965761019285866773e+00 1.356209577153367096e+00 1.943789332213116074e+10 6.578131875786883545e+10 9.034228365200505095e-01
1.995262314968842030e+09 1.790341860616289527e+00 -5.824065852021398371e-01 -2.422103082342701441e+00 2.809229375720783128e-01 5.791937186414718244e-10 1.155643399871995269e+00 2.660967265362213396e+00 1.215541370037165780e+00 1.917331133559029007e+10 6.604590074440971375e+10 9.370082583262866471e-01
2.238721138568292141e+09 1.770541015019624576e+00 -5.712851580849634958e-01 -2.418721628947059887e+00 2.811764527143290060e-01 4.631795486579124929e-10 1.036929846532989474e+00 2.387619207107465336e+00 1.089326708225424323e+00 1.890694780319664001e+10 6.631226427680335999e+10 9.718829189775975985e-01
2.511886431509531021e+09 1.750845287561799912e+00 -5.600986927819920913e-01 -2.415268783975238698e+00 2.813934447331697952e-01 3.703876688534409325e-10 9.303717597914036297e-01 2.142260145038323405e+00 9.760797244217800372e-01 1.863878960867442703e+10 6.658042247132557678e+10 1.008102989966334739e+00
2.818382931264402866e+09 1.731253308832936266e+00 -5.488456021909263738e-01 -2.411763404868371818e+00 2.815718875667969634e-01 2.961608142752627596e-10 8.346945838627675140e-01 1.921955306005276976e+00 8.744743381456904219e-01 1.836884160316983414e+10 6.685037047683016968e+10 1.045725367835475206e+00
3.162277660168314457e+09 1.711763596218611738e+00 -5.375241818638523128e-01 -2.408200845559352654e+00 2.817096635706917152e-01 2.367894503308591100e-10 7.487939889448104180e-01 1.724161876667868798e+00 7.833214085788621217e-01 1.809711448781486130e+10 6.712209759218513489e+10 1.084809137347481522e+00
3.548133892335673332e+09 1.692375177610324188e+00 -5.261329727805135192e-01 -2.404515159027930782e+00 2.818045561234183150e-01 1.893237005874946535e-10 6.717458386769009637e-01 1.546751954418215336e+00 7.015485628017104069e-01 1.782360544737465286e+10 6.739560663262535095e+10 1.125418595774556829e+00
3.981071705534887791e+09 1.673087343608736122e+00 -5.146706284176024715e-01 -2.400735314111417829e+00 2.818542520340907021e-01 1.513664205107205336e-10 6.026005738633252173e-01 1.387539098407350124e+00 6.281912864810715869e-01 1.754830605543713760e+10 6.767090602456286621e+10 1.167623150854733893e+00
4.466835921509543419e+09 1.653898979925743751e+00 -5.031355185124161133e-01 -2.396893609163798011e+00 2.818563407484121486e-01 1.210063061788411313e-10 5.405153151688297797e-01 1.244582507242725899e+00 5.623882463398199860e-01 1.727122509304645920e+10 6.794798698695353699e+10 1.211493964318810068e+00
5.011872336272612572e+09 1.634808817215271493e+00 -4.915258661454049438e-01 -2.393005622236410446e+00 2.818083069001349750e-01 9.672187864137020588e-11 4.847577078750002211e-01 1.116195871866938027e+00 5.033687868620786432e-01 1.699238566647881317e+10 6.822682641352118683e+10 1.257104089785229917e+00
5.623413251903352737e+09 1.615815881960759315e+00 -4.798400191776602819e-01 -2.389003256490064953e+00 2.817075275511299881e-01 7.730785290393483403e-11 4.347340044961822136e-01 1.001012038170515650e+00 4.504385891111424844e-01 1.671180227715795326e+10 6.850740980284204865e+10 1.304532200510270190e+00
6.309573444801788330e+09 1.596919717161927155e+00 -4.680765969372642776e-01 -2.384883949870414632e+00 2.815512750211645598e-01 6.178752819670490213e-11 3.898529471298709526e-01 8.976695845210367342e-01 4.029715485438538636e-01 1.642947686382137871e+10 6.878973521617861938e+10 1.353864514347851822e+00
7.079457843841228485e+09 1.578119553687692411e+00 -4.562339823470415445e-01 -2.380695752303505941e+00 2.813367111331475656e-01 4.937609375880508926e-11 3.495559742590126362e-01 8.048823754958128740e-01 3.604077495434327982e-01 1.614542578833954048e+10 6.907378629166046143e+10 1.405190785025013378e+00
7.943282347242626190e+09 1.559414422131109035e+00 -4.443103803635546911e-01 -2.376460770003620215e+00 2.810608814749620543e-01 3.945031274036187055e-11 3.133649727837173327e-01 7.215495149982724676e-01 3.222469522810808007e-01 1.585968572904652596e+10 6.935952635095347595e+10 1.458602858920203804e+00
8.912509381337221146e+09 1.540803438286752147e+00 -4.323039935537514311e-01 -2.372132164722160041e+00 2.807207148410877373e-01 3.151584534184660893e-11 2.808852672699808650e-01 6.467622292575063714e-01 2.880391586746864907e-01 1.557229208002404404e+10 6.964691999997595215e+10 1.514198536479620216e+00
9.999999999999753952e+09 1.522286349043358911e+00 -4.202133817193141052e-01 -2.367670236376776316e+00 2.803130350459014930e-01 2.517521465458004652e-11 2.517521465457942531e-01 5.796807397655983074e-01 2.573780844491089792e-01 1.528326503418884659e+10 6.993594704581115723e+10 1.572085439172035581e+00
1.122018454301937675e+10 1.503862813451713798e+00 -4.080370069070595185e-01 -2.363132621183107851e+00 2.798345510793785462e-01 2.010650582770172751e-11 2.255987059021079544e-01 5.194602172089416436e-01 2.298995605247455831e-01 1.499263386175142097e+10 7.022657821824858093e+10 1.632377573785445568e+00
1.258925411794135284e+10 1.485532211688880055e+00 -3.957730997573780662e-01 -2.358539932925511007e+00 2.792818482245322254e-01 1.605456708896496014e-11 2.021150248365178315e-01 4.653870432586872941e-01 2.052783790130549568e-01 1.470045098048586655e+10 7.051876109951412964e+10 1.695192140335361142e+00
1.412537544622714996e+10 1.467293882920518211e+00 -3.834198082868061630e-01 -2.353879430416150775e+00 2.786513898963401958e-01 1.281625220146450924e-11 1.810343741592214395e-01 4.168470512585297771e-01 1.832225266501246175e-01 1.440677605914935684e+10 7.081243602085064697e+10 1.760652755469412689e+00
1.584893192461071968e+10 1.449147738727581514e+00 -3.709756172353292358e-01 -2.349084562968152490e+00 2.779395413853727459e-01 1.022965935382698047e-11 1.621291747107611037e-01 3.733162208284257488e-01 1.634684448479508112e-01 1.411165644732580566e+10 7.110755563267419434e+10 1.828894650754532725e+00
1.778279410038879013e+10 1.431093892528362277e+00 -3.584391116492272600e-01 -2.344198131045772016e+00 2.771425665664685734e-01 8.163232175090862020e-12 1.451650769633097415e-01 3.342549422390503899e-01 1.457791657712639855e-01 1.381514019269738007e+10 7.140407188730261230e+10 1.900063782199480356e+00
1.995262314968825912e+10 1.413132116411461636e+00 -3.458085999765317387e-01 -2.339252573105730537e+00 2.762566066947052534e-01 6.512300282127009348e-12 1.299374733668887394e-01 2.991920891959088946e-01 1.299429899853900561e-01 1.351729884719817543e+10 7.170191323280181885e+10 1.974311679889698912e+00
2.238721138568273544e+10 1.395262084467167263e+00 -3.330822717971995695e-01 -2.334262196304972115e+00 2.752776878878758215e-01 5.193504292621023559e-12 1.162680784313575438e-01 2.677171441871064594e-01 1.157702591508147361e-01 1.321822116460862732e+10 7.200099091539137268e+10 2.051796721400918067e+00
2.511886431509510422e+10 1.377483852883449655e+00 -3.202585399315461823e-01 -2.329150235953750148e+00 2.742017516616384598e-01 4.140776217456344139e-12 1.040115959654586419e-01 2.394955503685847198e-01 1.030899417869225176e-01 1.291798875130199051e+10 7.230122332869801331e+10 2.132690831323359681e+00
2.818382931264379883e+10 1.359797931763525147e+00 -3.073361091232773012e-01 -2.323927944852839822e+00 2.730246753458578368e-01 3.300510726880545901e-12 9.302103097095122675e-02 2.141888392486497594e-01 9.174783204649170076e-02 1.261667580330612373e+10 7.260253627669387817e+10 2.217182266578027861e+00
3.162277660168288803e+10 1.342204519867854939e+00 -2.943134262433017567e-01 -2.318645717949016305e+00 2.717422343628743131e-01 2.629761698487213146e-12 8.316036670692329713e-02 1.914838207072799281e-01 8.160601554759350229e-02 1.231437800902811813e+10 7.290483407097187805e+10 2.305468938814385638e+00
3.548133892335644531e+10 1.324703659485064966e+00 -2.811887812052558111e-01 -2.313329578074905246e+00 2.703501130007305853e-01 2.094407383564129107e-12 7.431237821981906411e-02 1.711105743138907898e-01 7.254115567206427528e-02 1.201121594988651085e+10 7.320799613011349487e+10 2.397757050084303732e+00
3.981071705534854889e+10 1.307295539875850343e+00 -2.679605298731722041e-01 -2.307917959249551121e+00 2.688439351551679124e-01 1.667416471734734786e-12 6.638104536965910851e-02 1.528480055255385106e-01 6.444219117607857816e-02 1.170731042536018944e+10 7.351190165463981628e+10 2.494268681556697675e+00
4.466835921509506989e+10 1.289980935168319576e+00 -2.546274393250840817e-01 -2.302379321482272978e+00 2.672193225785282622e-01 1.327007776886148850e-12 5.927526005917523044e-02 1.364863301956022457e-01 5.720883278305009811e-02 1.140277019722072029e+10 7.381644188277928162e+10 2.595248633134149774e+00
5.011872336272570801e+10 1.272760450718384728e+00 -2.411881248987007287e-01 -2.296778839495748237e+00 2.654718505147307672e-01 1.055593413664869726e-12 5.290499428298488932e-02 1.218182511809362267e-01 5.075121824863666753e-02 1.109772030580583191e+10 7.412149177419416809e+10 2.700958073618650257e+00
5.623413251903306580e+10 1.255634435095675405e+00 -2.276409708211896143e-01 -2.291140540696054995e+00 2.635970469553772788e-01 8.392414855278043351e-13 4.719401691264071830e-02 1.086682398215554068e-01 4.498905597357440167e-02 1.079231432005073929e+10 7.442689775994926453e+10 2.811670169431602861e+00
6.309573444801736450e+10 1.238603196435474896e+00 -2.139842902027135341e-01 -2.285437710880715123e+00 2.615904257865329097e-01 6.668807809449940405e-13 4.207733266299178154e-02 9.688663894275634236e-02 3.985018400446663223e-02 1.048671437402502823e+10 7.473249770597497559e+10 2.927677418570489465e+00
7.079457843841171265e+10 1.221667585917444399e+00 -2.002167991265202396e-01 -2.279601117877980254e+00 2.594475804517542006e-01 5.296743218777530358e-13 3.749807032698711934e-02 8.634249775096290713e-02 3.526945558712367423e-02 1.018107151472772980e+10 7.503814056527227783e+10 3.049301831804263063e+00
7.943282347242561340e+10 1.204828513627215436e+00 -1.863372444726962562e-01 -2.273687113431928086e+00 2.571641624758589928e-01 4.204559090937831982e-13 3.339800000498471116e-02 7.690173694729286746e-02 3.118834971966729860e-02 9.875543944096326828e+09 7.534366813590367126e+10 3.176892613347046090e+00
8.912509381337149048e+10 1.188086517251659036e+00 -1.723440442581809506e-01 -2.267726202384666045e+00 2.547358455603955241e-01 3.335414559646043043e-13 2.972691355349387290e-02 6.844874800899765355e-02 2.755458759576005084e-02 9.570318364512153625e+09 7.564889371548785400e+10 3.310818410589213112e+00
9.999999999999673462e+10 1.171441988261602063e+00 -1.582354585433550231e-01 -2.261725081120246728e+00 2.521583720725170674e-01 2.644099357803108385e-13 2.644099357803022035e-02 6.088263765672368572e-02 2.432130295411703141e-02 9.265599243177606583e+09 7.595361283682238770e+10 3.451472262038639993e+00
1.122018454301928558e+11 1.154895679368115990e+00 -1.440100190011732451e-01 -2.255593631012833722e+00 2.494276623912479729e-01 2.094792261516073353e-13 2.350395575349905827e-02 5.411985814439856934e-02 2.144624055908898874e-02 8.961583950080259323e+09 7.625762812991973877e+10 3.599285324420300025e+00
1.258925411794125061e+11 1.138448636223388988e+00 -1.296664901972899298e-01 -2.249355331468927410e+00 2.465398550503652975e-01 1.658470705620899563e-13 2.087890916022284299e-02 4.807546499030595361e-02 1.889135748072138729e-02 8.658466689724428177e+09 7.656074539027557373e+10 3.754732005204507672e+00
1.412537544622703552e+11 1.122101505276875910e+00 -1.152032711697157236e-01 -2.243059948819849936e+00 2.434912277669828429e-01 1.311991643437754451e-13 1.853237454587071398e-02 4.267236936710420980e-02 1.662266162178614379e-02 8.356467318701536179e+09 7.686274476129846191e+10 3.918319196913188307e+00
1.584893192461058960e+11 1.105854722004099067e+00 -1.006185400457213358e-01 -2.236733014820138532e+00 2.402782550672006301e-01 1.036996310022120033e-13 1.643528392361295887e-02 3.784363976163589161e-02 1.460976139356765131e-02 8.055831191488517761e+09 7.716338088851147461e+10 4.090586922900828704e+00
1.778279410038864746e+11 1.089708855237714547e+00 -8.591055527558132121e-02 -2.230290746707652261e+00 2.368977142229630739e-01 8.189810293825589873e-14 1.456377101763439187e-02 3.353432204298367747e-02 1.282531234845217007e-02 7.756802387851479530e+09 7.746240969214851379e+10 4.272125639363994587e+00
1.995262314968809509e+11 1.073664944823719214e+00 -7.107797797620687974e-02 -2.223709109537081563e+00 2.333468172452784206e-01 6.462679751558589463e-14 1.289474136199684172e-02 2.969123923814766947e-02 1.124467331642389246e-02 7.459614374963356972e+09 7.775959770503663635e+10 4.463590923213887507e+00
2.238721138568255310e+11 1.057723746103713447e+00 -5.611918979827191373e-02 -2.217058612600819600e+00 2.296231101849516010e-01 5.094846574422029395e-14 1.140594072392066109e-02 2.626314908247343038e-02 9.845813608408370693e-03 7.164520180581103325e+09 7.805469189941889954e+10 4.665692688260117293e+00
2.511886431509489746e+11 1.041885742266354553e+00 -4.103228498336606439e-02 -2.210367488129703073e+00 2.257245144504257950e-01 4.012268729265933617e-14 1.007836338061292129e-02 2.320628928197639163e-02 8.609077649297129653e-03 6.871801605107645988e+09 7.834741047489234924e+10 4.879190690166246291e+00
2.818382931264356689e+11 1.026151374870957866e+00 -2.581527472637322462e-02 -2.203587700070419597e+00 2.216494292829401247e-01 3.156391318547696580e-14 8.895919416585825260e-03 2.048361143710681134e-02 7.516830131320053308e-03 6.581746045062462807e+09 7.863746603493753052e+10 5.104913896609929225e+00
3.162277660168262939e+11 1.010521606019388008e+00 -1.046663914645364936e-02 -2.196646877119079022e+00 2.173969473474000325e-01 2.480539755574459947e-14 7.844155454212358922e-03 1.806183541599731823e-02 6.553193959992454146e-03 6.294628046355870247e+09 7.892458403364413452e+10 5.343785196899951018e+00
3.548133892335615234e+11 9.949973523461516089e-01 5.015202785726307656e-03 -2.189618851929832744e+00 2.129667891772396016e-01 1.947096503093557586e-14 6.908559094274409340e-03 1.590754518454470107e-02 5.703959444978906786e-03 6.010731449228902817e+09 7.920848063077110291e+10 5.596818074513342900e+00
3.981071705534822998e+11 9.795791752682881937e-01 2.063221253322312931e-02 -2.182534719285749603e+00 2.083592742498987516e-01 1.526400208079790909e-14 6.076708679708922069e-03 1.399213882036529424e-02 4.956467344856160112e-03 5.730366928801866531e+09 7.948884515119813538e+10 5.865106694204174964e+00
4.466835921509470215e+11 9.642675026827381979e-01 3.638653045600957064e-02 -2.175390861059331549e+00 2.035754385651763199e-01 1.194977661590037636e-14 5.337769144191767921e-03 1.229066766125955050e-02 4.299397182815542159e-03 5.453856669386066437e+09 7.976535541061393738e+10 6.149844633892972645e+00
5.011872336272529907e+11 9.490631726713397720e-01 5.227991496777716768e-02 -2.168083013186024033e+00 1.986172790948831091e-01 9.342934074315799439e-15 4.682559282668135626e-03 1.078199120133254210e-02 3.722580711250741969e-03 5.181510771284713745e+09 8.003770130871528625e+10 6.452360528155485220e+00
5.623413251903260498e+11 9.339672376415221189e-01 6.831391884012703863e-02 -2.160653874420851661e+00 1.934877879315365368e-01 7.294254528744074002e-15 4.101860757969479424e-03 9.444883434837781505e-03 3.216908845346486048e-03 4.913634656029612541e+09 8.030557742397038269e+10 6.774133456425819766e+00
6.309573444801684570e+11 9.189803493636283793e-01 8.449053948441054285e-02 -2.153156423124531038e+00 1.881908197812603711e-01 5.685751780672695831e-15 3.587466844906633465e-03 8.260447678692396309e-03 2.774275567508233641e-03 4.650553696065114975e+09 8.056865838393489075e+10 7.116778801543757638e+00
7.079457843841113281e+11 9.041029678279894899e-01 1.008120226117635299e-01 -2.145617597101035834e+00 1.827312164319925825e-01 4.424368629316372347e-15 3.132213119685834605e-03 7.212187237468977753e-03 2.387459694604200742e-03 4.392608004002111435e+09 8.082660407599789429e+10 7.482062250038060469e+00
7.943282347242496338e+11 8.893357536179068434e-01 1.172804391590200196e-01 -2.137927307122040155e+00 1.771150178550582877e-01 3.437047545612299001e-15 2.730143909569532519e-03 6.286388667903290359e-03 2.049995296969895492e-03 4.140125664894082546e+09 8.107908641510591125e+10 7.871950933309428855e+00
8.912509381337076416e+11 8.746797921396870512e-01 1.338974114415956429e-01 -2.130076097392648471e+00 1.713496342611780521e-01 2.665328295507349358e-15 2.375476343805240850e-03 5.469736418005946912e-03 1.756092169822165991e-03 3.893416571712632179e+09 8.132579550828736877e+10 8.288658204079279557e+00
9.999999999999591064e+11 8.601358389661867276e-01 1.506649499214688659e-01 -2.122143729161189096e+00 1.654436257790877496e-01 2.062812332644887776e-15 2.062812332644803435e-03 4.749800926792199611e-03 1.500603736202213434e-03 3.652798855695535660e+09 8.156641322430445862e+10 8.734632934746612065e+00
1.122018454301919434e+12 8.457044023136837119e-01 1.675853866811006232e-01 -2.114167429106951879e+00 1.594067733107495943e-01 1.593106023617851690e-15 1.787494358158779042e-03 4.115857862907365029e-03 1.278962266459725402e-03 3.418602120589093685e+09 8.180060995941090393e+10 9.212569053017288567e+00
1.258925411794114746e+12 8.313859940887982081e-01 1.846610984820702961e-01 -2.106070294898441553e+00 1.532502220606255794e-01 1.227695730781735115e-15 1.545577353432272616e-03 3.558823374082340646e-03 1.087095235534983606e-03 3.191143079109473228e+09 8.202806900089053345e+10 9.725474568821319110e+00
1.412537544622691895e+12 8.171816461195625658e-01 2.018938757627886105e-01 -2.097778818425379832e+00 1.469867510534563770e-01 9.440119098422824293e-16 1.333452265223195564e-03 3.070387308122072938e-03 9.213649684798740254e-04 2.970709815835110188e+09 8.224850226416488647e+10 1.027675732911582962e+01
1.584893192461046143e+12 8.030922582343591465e-01 2.192856796868062896e-01 -2.089389579554077336e+00 1.406305272530438133e-01 7.240998956831752292e-16 1.147620995330018078e-03 2.642494996253889287e-03 7.785429108704756311e-04 2.757582073836846352e+09 8.246163000616314697e+10 1.087024039224987781e+01
1.778279410038850098e+12 7.891183925715878900e-01 2.368389154368464311e-01 -2.080937708464377423e+00 1.341970095902442761e-01 5.539544430407240639e-16 9.850857801588586496e-04 2.268243832714197591e-03 6.557744401462739471e-04 2.552040982953386307e+09 8.266717109704661560e+10 1.151017265584600402e+01
1.995262314968793213e+12 7.752604872820559878e-01 2.545561934799757120e-01 -2.072402498683441507e+00 1.277030242452514008e-01 4.226170522426983138e-16 8.432318780030536752e-04 1.941613152227205253e-03 5.505280155227393422e-04 2.354351011514637947e+09 8.286486106848536682e+10 1.220132115596907774e+01
2.238721138568236816e+12 7.615194323267228116e-01 2.724395884869924567e-01 -2.063660272901824744e+00 1.211670056307830867e-01 3.215171100613695070e-16 7.197871507057582554e-04 1.657371163343737772e-03 4.605534076334662002e-04 2.164740526246694565e+09 8.305447155375331116e+10 1.294911238160046452e+01
2.511886431509469238e+12 7.478962471618822994e-01 2.904910176311968906e-01 -2.054781232514899525e+00 1.146087986944744203e-01 2.438577489467000445e-16 6.125429707976583985e-04 1.410432313376975503e-03 3.838583207154487153e-04 1.983409585037565470e+09 8.323580249496243286e+10 1.375972265812623796e+01
2.818382931264333984e+12 7.343915450593377914e-01 3.087129524608948072e-01 -2.045823342253474841e+00 1.080493136151212952e-01 1.843474202841705000e-16 5.195616227515186284e-04 1.196334847439442907e-03 3.186891416950385532e-04 1.810545197421711683e+09 8.340866688257829285e+10 1.464010678521693620e+01
3.162277660168236816e+12 7.210057560228171347e-01 3.271081583409590765e-01 -2.036813197005148623e+00 1.015105119134320638e-01 1.388697985576178416e-16 4.391448616508181147e-04 1.011168412102106352e-03 2.635015602065000277e-04 1.646312072562754154e+09 8.357290000743724060e+10 1.559812044919947205e+01
3.548133892335586426e+12 7.077395798481352918e-01 3.456790780259077489e-01 -2.027604615284055001e+00 9.501548309529563030e-02 1.042373912611561030e-16 3.698482207823532695e-04 8.516069998438173094e-04 2.169321749078521205e-04 1.490831799078895807e+09 8.372838028092109680e+10 1.664275972394087688e+01
3.981071705534790039e+12 6.945940874957551303e-01 3.644276508077938237e-01 -2.018209338461781410e+00 8.858831655419145690e-02 7.794380622942799450e-17 3.102998816016621069e-04 7.144918817338046088e-04 1.777797028684117541e-04 1.344180322246375561e+09 8.387503175775363159e+10 1.778440232908260299e+01
4.466835921509433594e+12 6.815699733731187537e-01 3.833563575871667406e-01 -2.008720913128554830e+00 8.225351754593400455e-02 5.804124071039224639e-17 2.592606989341558125e-04 5.969698205650045449e-04 1.449931603109416581e-04 1.206405080927337170e+09 8.401280699907266235e+10 1.903491001175680708e+01
5.011872336272489258e+12 6.686676931158028747e-01 4.024680640610452942e-01 -1.999188199087267970e+00 7.603582528236763061e-02 4.302857324076687647e-17 2.156537158946741928e-04 4.965610314678498829e-04 1.176548890101204248e-04 1.077523412541301489e+09 8.414168866745869446e+10 2.040782276129399264e+01
5.623413251903214844e+12 6.558877564562624052e-01 4.217656076408445309e-01 -1.989491417212964297e+00 6.996007413827080856e-02 3.175239815401653913e-17 1.785568565590037822e-04 4.111423561646382297e-04 9.496230431930832228e-05 9.575053157673122883e+08 8.426170676423268127e+10 2.191877365054972771e+01
6.309573444801632812e+12 6.432311879711286595e-01 4.412510735318392885e-01 -1.979558570845339371e+00 6.405109011965612331e-02 2.331851405473088042e-17 1.471298770519636004e-04 3.387790616338981703e-04 7.621426887434498817e-05 8.462659471419378519e+08 8.437294613285806274e+10 2.358601501823022772e+01
7.079457843841054688e+12 6.306987955172211890e-01 4.609268750698312656e-01 -1.969516194940995835e+00 5.833298719333607912e-02 1.703498093615407333e-17 1.205984294081387936e-04 2.776881457936751486e-04 6.080258868865572296e-05 7.436801248214190006e+08 8.447553195517857361e+10 2.543075828711748798e+01
7.943282347242431641e+12 6.182910631896451070e-01 4.807959563638232181e-01 -1.959411712572997288e+00 5.282875594799675556e-02 1.237472570055511699e-17 9.829594020918669016e-05 2.263347666275073171e-04 4.820201587812621689e-05 6.495870628664137125e+08 8.456962501713359070e+10 2.747756641046731474e+01
8.912509381337003906e+12 6.060083692362019381e-01 5.008614823873930311e-01 -1.949194155697850928e+00 4.755998804397499474e-02 8.936150623278400342e-18 7.964352626300925464e-05 1.833859963266849119e-04 3.795899680427145385e-05 5.637803036417409182e+08 8.465543177635826111e+10 2.975512355281136223e+01
9.999999999999509766e+12 5.938515921178072476e-01 5.211258357554500176e-01 -1.938713675582305562e+00 4.254673459140680819e-02 6.413351840678284701e-18 6.413351840677970674e-05 1.476728834447102142e-04 2.968252480998661094e-05 4.860013474638802409e+08 8.473321073253611755e+10 3.229731258896303103e+01
1.122018454301910156e+13 5.818216525567116992e-01 5.415913171186886865e-01 -1.928082679461801785e+00 3.780688935685562468e-02 4.572129249117035549e-18 5.130013392962849597e-05 1.181229236549606403e-04 2.303762963249486736e-05 4.159491015484644175e+08 8.480326297845153809e+10 3.514423298139271878e+01
1.258925411794104297e+13 5.699190538669206552e-01 5.622609389978122651e-01 -1.917368336701742004e+00 3.335562915222952535e-02 3.236205751427827117e-18 4.074141658266726239e-05 9.381057849071005824e-05 1.773929207885312226e-05 3.532899462049592137e+08 8.486592213379504395e+10 3.834316029694575434e+01
1.412537544622680273e+13 5.581441131424510482e-01 5.831380826657007743e-01 -1.906591035569184855e+00 2.920517794280686613e-02 2.273153434517968915e-18 3.210914570944624520e-05 7.393404025934464604e-05 1.354567661010177125e-05 2.976561639927021265e+08 8.492155591600729370e+10 4.195010952009252492e+01
1.584893192461033008e+13 5.464974897637221440e-01 6.042255646721182982e-01 -1.895553040075119045e+00 2.536468307816531348e-02 1.584019663771414997e-18 2.510501981835730039e-05 5.780644439306961317e-05 1.025216449379142917e-05 2.486432520199717283e+08 8.497056882798002625e+10 4.603217314385614856e+01
1.778279410038835547e+13 5.349801540013683354e-01 6.255256280987241402e-01 -1.884299753622015627e+00 2.183990898157445182e-02 1.094421502452380419e-18 1.946187223714835183e-05 4.481261689501248036e-05 7.686687961589387845e-06 2.058166534866437912e+08 8.501339542651335144e+10 5.067031251596309005e+01
1.995262314968776953e+13 5.235926492535342147e-01 6.470412839037342767e-01 -1.872946808604439184e+00 1.863281238496445127e-02 7.492195275672128562e-19 1.494889488993570514e-05 3.442110253030081983e-05 5.705844975956563472e-06 1.687245328234577477e+08 8.505048754717654419e+10 5.596201505799150766e+01
2.238721138568218750e+13 5.123352767803650565e-01 6.687760307934745851e-01 -1.861558836631590275e+00 1.574153787318920833e-02 5.078600056055561216e-19 1.136956929982532526e-05 2.617940078354054551e-05 4.190832393110535945e-06 1.369026561615710855e+08 8.508230942383842468e+10 6.202497091414927866e+01
2.511886431509448438e+13 5.012084527668217993e-01 6.907331910449316936e-01 -1.849948359728847525e+00 1.316052296182993776e-02 3.407036239821675540e-19 8.558088102469037396e-06 1.970572608927490554e-05 3.043704221290154666e-06 1.098759251826079339e+08 8.510933615481739807e+10 6.900266291479476877e+01
2.818382931264310938e+13 4.902131009902069292e-01 7.129150824390372287e-01 -1.838051122357082345e+00 1.088066219378451202e-02 2.260625447523120037e-19 6.371308175280905769e-06 1.467047922727290947e-05 2.184299088376463018e-06 8.716453162403178215e+07 8.513204754837596130e+10 7.707188219725527745e+01
3.162277660168211328e+13 4.793498397078355122e-01 7.353245938540230453e-01 -1.826037387333925288e+00 8.889318806612556481e-03 1.482207519606561846e-19 4.687151726985166446e-06 1.079256569515734270e-05 1.547722965315709509e-06 6.829550221370500326e+07 8.515091657778630066e+10 8.645078166711418532e+01
3.548133892335557031e+13 4.686189645274404514e-01 7.579652831182203121e-01 -1.813979761978739891e+00 7.170682243576477835e-03 9.594864408886973094e-20 3.404386360153603957e-06 7.838889283681947718e-06 1.081936590844729154e-06 5.280987267885713279e+07 8.516640220732113647e+10 9.740907001701796730e+01
3.981071705534757812e+13 4.580206882658566792e-01 7.808409250019757719e-01 -1.801770937089204105e+00 5.706260247586915704e-03 6.127420539909271440e-20 2.439370053934531019e-06 5.616857122485733221e-06 7.455429306905386126e-07 4.026623775134287775e+07 8.517894584224865723e+10 1.102831378596222436e+02
4.466835921509397656e+13 4.475557763175042059e-01 8.039541092184715465e-01 -1.789223965040033004e+00 4.475468656272656685e-03 3.857346035111111446e-20 1.723013183132616270e-06 3.967384470513382550e-06 5.059368908655617771e-07 3.024554614342116192e+07 8.518896653385658264e+10 1.254973486870354975e+02
5.011872336272448438e+13 4.372249379427720628e-01 8.273074841812005920e-01 -1.776520700025950861e+00 3.456109049781238771e-03 2.390949081033259245e-20 1.198313155666662361e-06 2.759218008976710178e-06 3.377718288783101683e-07 2.235792017435548455e+07 8.519685415982563782e+10 1.435904395292807862e+02
5.623413251903168750e+13 4.270284473385426161e-01 8.509046465708803852e-01 -1.763746827428858577e+00 2.624983810962714954e-03 1.457539430806089038e-20 8.196346550366362789e-07 1.887278538388675877e-06 2.216094151941760357e-07 1.624747128641989827e+07 8.520296460871357727e+10 1.652484003570123434e+02
6.309573444801581250e+13 4.169663853781410690e-01 8.747496710365232353e-01 -1.750904028663016865e+00 1.958597052461190629e-03 8.728249823993367045e-21 5.507153330906262871e-07 1.268068916457726742e-06 1.427257288230163038e-07 1.159399101035309024e+07 8.520761808898963928e+10 1.913518110093515645e+02
7.079457843840996875e+13 4.070392590416281320e-01 8.988456386297264400e-01 -1.737713851655964037e+00 1.433828414015136683e-03 5.129101142159934045e-21 3.631125531271795852e-07 8.360975519096522263e-07 9.012156711383206514e-08 8.113968176967347972e+06 8.521109811182302856e+10 2.230439366629911717e+02
7.943282347242367188e+13 3.972478198731769217e-01 9.231949616277544957e-01 -1.724282501759127006e+00 1.028486606407355217e-03 2.953516606233099939e-21 2.346061632057856873e-07 5.402006541221703908e-07 5.571411196303664795e-08 5.561447253982244059e+06 8.521365063274601746e+10 2.618252915438209243e+02
8.912509381336929688e+13 3.875923319437409864e-01 9.478011825881013097e-01 -1.710761900874457009e+00 7.217927957580771254e-04 1.663918070456720102e-21 1.482968541272156079e-07 3.414661256512391891e-07 3.367244246870149977e-08 3.727875661949036643e+06 8.521548420433805847e+10 3.096766499208636674e+02
9.999999999999428125e+13 3.780727994103395551e-01 9.726685108731770724e-01 -1.697239123690341023e+00 4.948192170294624017e-04 9.155825975880796403e-22 9.155825975880273128e-08 2.108206840610957958e-07 1.986527222589318537e-08 2.439993939727471676e+06 8.521677208606027222e+10 3.692341200982978080e+02
1.122018454301901094e+14 3.686894213342715720e-01 9.978006659511290399e-01 -1.683410212991329091e+00 3.307923766181886213e-04 4.913514458010222325e-22 5.513053897366673276e-08 1.269427572094922839e-07 1.142118619412851977e-08 1.556861939002226107e+06 8.521765521806100464e+10 4.440476705361583072e+02
1.258925411794094062e+14 3.594428961831075964e-01 1.023199956765748819e+00 -1.669235342046607284e+00 2.152505012625817091e-04 2.567034432638247419e-22 3.231704880198724498e-08 7.441275482101692620e-08 6.387298393365811687e-09 9.665813784152343869e+05 8.521824549862158203e+10 5.389654569329397873e+02
1.412537544622668750e+14 3.503335144525955291e-01 1.048869679782195696e+00 -1.654953806705779851e+00 1.360648334015261251e-04 1.302774826284709426e-22 1.840218354316427178e-08 4.237259350503040900e-08 3.467664685214641045e-09 5.827489104285566136e+05 8.521862933108956909e+10 6.606746370565019788e+02
1.584893192461020000e+14 3.413612284068827663e-01 1.074814041541716003e+00 -1.640686732752005605e+00 8.337105288022701049e-05 6.407979386430429692e-23 1.015596290698413225e-08 2.338496879462213879e-08 1.823725627723334712e-09 3.404600178350573406e+05 8.521887161998216248e+10 8.184902297800725819e+02
1.778279410038820938e+14 3.325259430545244865e-01 1.101037397705825871e+00 -1.626216701292570344e+00 4.939994947555037351e-05 3.048112564490553408e-23 5.420395812914178976e-09 1.248092259694353243e-08 9.270783429341965921e-10 1.923169040327005787e+05 8.521901976309596252e+10 1.025560270085277125e+03
1.995262314968760312e+14 3.238281759770876844e-01 1.127542224918127056e+00 -1.611303941987402899e+00 2.823479788185148803e-05 1.398872556054554286e-23 2.791117694539676826e-09 6.426785996238968428e-09 4.543856281046360764e-10 1.047726750899571925e+05 8.521910730732490540e+10 1.300743919789020083e+03
2.238721138568200312e+14 3.152682742909307945e-01 1.154331338201207258e+00 -1.596250815653814881e+00 1.552390221926945159e-05 6.175564749966489266e-24 1.382536734834662207e-09 3.183408476146955197e-09 2.141307662949889991e-10 5.489795570767753816e+04 8.521915718204429626e+10 1.671502291345365165e+03
2.511886431509428125e+14 3.068461188300040110e-01 1.181408898654580542e+00 -1.581181112892473095e+00 8.186011368936088936e-06 2.614481473203855939e-24 6.567280537973546483e-10 1.512172226824780539e-09 9.674124872069609168e-11 2.758503384039281082e+04 8.521918449496615601e+10 2.178358913244041105e+03
2.818382931264288125e+14 2.985613809029419863e-01 1.208779736123035686e+00 -1.566048468212745348e+00 4.126449789496286852e-06 1.058028341461402322e-24 2.981929018368680033e-10 6.866145306062091207e-10 4.177157978492159189e-11 1.325116491018000670e+04 8.521919882883508301e+10 2.882082222148885194e+03
3.162277660168185625e+14 2.904142684513626449e-01 1.236446863452836942e+00 -1.550435545895939793e+00 1.981472663692872997e-06 4.079546428330155428e-25 1.290065853392736231e-10 2.970486403002756754e-10 1.718000051225957862e-11 6.064932528621344318e+03 8.521920601506747437e+10 3.875480974429872731e+03
3.548133892335528125e+14 2.824051516166666276e-01 1.264412531260788786e+00 -1.534568350628639832e+00 9.029415200957162242e-07 1.492833783190631333e-25 5.296774141762146801e-11 1.219627317977784949e-10 6.704716209808269433e-12 2.634706574875302067e+03 8.521920944529342651e+10 5.303222719785100708e+03
3.981071705534725000e+14 2.745338352457596387e-01 1.292680764259722448e+00 -1.518661426522896818e+00 3.888470755675722886e-07 5.162017030251045403e-26 2.055035994262082400e-11 4.731895245954068728e-11 2.472674103375307812e-12 1.081905962210943017e+03 8.521921099809403992e+10 7.395105484345919649e+03
4.466835921509360625e+14 2.667998337571117484e-01 1.321256588040143676e+00 -1.502831321351033811e+00 1.575283775743353193e-07 1.678865084502819605e-26 7.499214866825043373e-12 1.726758036151067343e-11 8.580107828490303373e-13 4.181269846895316959e+02 8.521921166187301636e+10 1.052371515986066152e+04
5.011872336272406875e+14 2.592029632043145737e-01 1.350143882453952449e+00 -1.486558252633941812e+00 5.973794841201571034e-08 5.112134565566260101e-27 2.562136580846349666e-12 5.899537497271538987e-12 2.788328363794774906e-13 1.513790421502267520e+02 8.521921192862095642e+10 1.530683360432238806e+04
5.623413251903122500e+14 2.517435322648485241e-01 1.379344438816373142e+00 -1.469866629655211199e+00 2.109329530661423761e-08 1.449639397856324487e-27 8.151921400386118523e-13 1.877049269578822196e-12 8.441816720821927132e-14 5.107116085922316273e+01 8.521921202892883301e+10 2.279579242303953652e+04
6.309573444801530000e+14 2.444213209093429318e-01 1.408861817726420274e+00 -1.453118979493738028e+00 6.894434457379437803e-09 3.804887516495148945e-28 2.400721723453463342e-13 5.527866052850918667e-13 2.367227033662167155e-14 1.596298230328974022e+01 8.521921206403701782e+10 3.482731784146283462e+04
7.079457843840938750e+14 2.372357383150540677e-01 1.438700955774990131e+00 -1.436524089988151065e+00 2.072597017827684351e-09 9.183163719048217198e-29 6.501182042209143051e-14 1.496952485723136194e-13 6.110223990186607600e-15 4.593960085690323325e+00 8.521921207540603638e+10 5.469919769479900424e+04
7.943282347242301250e+14 2.301862096045495520e-01 1.468866690637585348e+00 -1.419639123659870883e+00 5.690323573632043397e-10 2.024321541110623569e-29 1.607975756264634636e-14 3.702501006270774937e-14 1.442217524311093339e-15 1.209306809368938529e+00 8.521921207879069519e+10 8.850947075600517564e+04
8.912509381336857500e+14 2.232728572102944398e-01 1.499360680545712698e+00 -1.402153911322771451e+00 1.416080044549267453e-10 4.045842859200656011e-30 3.605861243804058032e-15 8.302802347388192290e-15 3.090222140586995502e-16 2.890595277437974508e-01 8.521921207971093750e+10 1.479120081593625073e+05
9.999999999999345000e+14 2.164954845419662099e-01 1.530185588376188566e+00 -1.384585400650694798e+00 3.167889802553677592e-11 7.268425335423385862e-31 7.268425335422909819e-16 1.673616782688503988e-15 5.961173580678323780e-17 6.222209864538116170e-02 8.521921207993777466e+10 2.559898488891171000e+05
1.122018454301891875e+15 2.098533827579419642e-01 1.561346169447105137e+00 -1.367146843007085222e+00 6.312543413104624226e-12 1.162887687387926607e-31 1.304781445529703147e-16 3.004370306091917196e-16 1.026039047434104849e-17 1.195428176069213144e-02 8.521921207998805237e+10 4.601986818657842232e+05
1.258925411794083750e+15 2.033456276960622089e-01 1.592848148231774008e+00 -1.349659008130709825e+00 1.109193583503671239e-12 1.640466249222402568e-32 2.065224648336609262e-17 4.755355488943746926e-17 1.560625836875355747e-18 2.030224976426347507e-03 8.521921207999797058e+10 8.621187074865523027e+05
1.412537544622657250e+15 1.969719706868027775e-01 1.624693841144669415e+00 -1.331453939423273836e+00 1.700041092161621695e-13 2.019221133592170814e-33 2.852225662094463574e-18 6.567492291393784495e-18 2.075996573545800754e-19 3.016447737495737448e-04 8.521921207999969482e+10 1.688850172484640498e+06
1.584893192461007250e+15 1.907322197889012860e-01 1.656884825277941564e+00 -1.313013510781518622e+00 2.246025441863267810e-14 2.142459100188183475e-34 3.395568843014387308e-19 7.818586200159967642e-19 2.386588456933632396e-20 3.874497775097698475e-05 8.521921207999995422e+10 3.473288204248134512e+06
1.778279410038806500e+15 1.846255262175895973e-01 1.689425687937825771e+00 -1.294658655596879981e+00 2.524346710918197302e-15 1.933510740861486735e-35 3.438322339562860485e-20 7.917029763985854716e-20 2.340161627940032209e-21 4.246244888229254007e-06 8.521921208000000000e+10 7.532134190915467218e+06
1.995262314968744250e+15 1.786507142353044586e-01 1.722322696562106792e+00 -1.276531140176443424e+00 2.378601591805416991e-16 1.462552316789715695e-36 2.918175521360748359e-21 6.719347454225387066e-21 1.929205005879429515e-22 3.914006148242345010e-07 8.521921208000000000e+10 1.730641870307018980e+07
2.238721138568182000e+15 1.728070758083376790e-01 1.755579475485609775e+00 -1.257698235884421090e+00 1.849461478964201878e-17 9.131769287965495754e-38 2.044348493749607111e-22 4.707286366592676761e-22 1.316859831582734969e-23 2.988334217384686203e-08 8.521921208000000000e+10 4.234675632118283212e+07
2.511886431509407500e+15 1.670943825259222915e-01 1.789196461384992443e+00 -1.238348556894109054e+00 1.166453529759894446e-18 4.625659808557280179e-39 1.161913210989343576e-23 2.675404038976908122e-23 7.315313896014834187e-25 1.857510662306995740e-09 8.521921208000000000e+10 1.109828001137503088e+08
2.818382931264265000e+15 1.615117267543871027e-01 1.823177527473238912e+00 -1.219064463592562486e+00 5.854332204294870970e-20 1.864282945979608719e-40 5.254263233995989350e-25 1.209838819726585233e-24 3.243440936409472821e-26 9.218815925165493881e-11 8.521921208000000000e+10 3.135677107774589062e+08
3.162277660168159500e+15 1.560577833131604475e-01 1.857528934462320480e+00 -1.200212542507897995e+00 2.288896021245158684e-21 5.851046495598629145e-42 1.850263362163674197e-26 4.260388835831119543e-26 1.123341661972454456e-27 3.575299164402885624e-12 8.521921208000000000e+10 9.619726202861249447e+08
3.548133892335499000e+15 1.507313342984860638e-01 1.892256269956552384e+00 -1.180853150146676800e+00 6.809843675444694155e-23 1.397626624641226986e-43 4.958966395720001790e-28 1.141844209944328832e-27 2.969834776607087618e-29 1.058806510814923121e-13 8.521921208000000000e+10 3.229157568458145142e+09
3.981071705534692500e+15 1.455319472417316851e-01 1.927359647800567455e+00 -1.160592159376024002e+00 1.503294510454681520e-24 2.478040323191889440e-45 9.865256215833275907e-30 2.271559190114455301e-29 5.843527199341633606e-31 2.334437549926643994e-15 8.521921208000000000e+10 1.196120618454631424e+10
4.466835921509324000e+15 1.404586901142296784e-01 1.962841853980140217e+00 -1.140354580692280129e+00 2.394098283081034073e-26 3.169263755646147465e-47 1.415658118845776070e-31 3.259673281230277294e-31 8.313739202476304470e-33 3.722648086120488173e-17 8.521921208000000000e+10 4.936296082190684509e+10
5.011872336272366000e+15 1.355100918351964112e-01 1.998709162947231999e+00 -1.120562392132197216e+00 2.665453428100724885e-28 2.832600162744370685e-49 1.419663039537911313e-33 3.268894951914611589e-33 8.283362560278205170e-35 4.158344942540817499e-19 8.521921208000000000e+10 2.294023045329636230e+11
5.623413251903077000e+15 1.306845088532373744e-01 2.034969189835320158e+00 -1.100692777246160992e+00 2.003236825444687192e-30 1.708888704319984601e-51 9.609787385900480840e-36 2.212735318161666899e-35 5.580679753766984626e-37 3.141608484276726457e-21 8.521921208000000000e+10 1.214612182865389160e+12
6.309573444801478000e+15 1.259812195616648034e-01 2.071622434237776478e+00 -1.079628647861075930e+00 9.786760359111654171e-33 6.705179937669460035e-54 4.230682527733485434e-38 9.741506521549492300e-38 2.448769205896738223e-39 1.546101878548482620e-23 8.521921208000000000e+10 7.419091288811871094e+12
7.079457843840881000e+15 1.213994483176881606e-01 2.108668944702417392e+00 -1.058434841628525191e+00 2.981473495453078156e-35 1.640473378042417841e-56 1.161366212379454134e-40 2.674144528131888102e-40 6.707214189045773255e-42 4.750233666449843525e-26 8.521921208000000000e+10 5.302564275271007031e+13
7.943282347242237000e+15 1.169376821309432712e-01 2.146114117442311287e+00 -1.037633830875996255e+00 5.404508912506270881e-38 2.387385487638438006e-59 1.896367700002070476e-43 4.366547996860172744e-43 1.093649872393126389e-44 8.689121732534846835e-29 8.521921208000000000e+10 4.505129000342383125e+14
8.912509381336785000e+15 1.125940427439859753e-01 2.183966471035054369e+00 -1.017336633709896798e+00 5.530724213806385303e-41 1.960727542606369675e-62 1.747500261772469073e-46 4.023768052760479951e-46 1.006931164897820715e-47 8.975359443905585285e-32 8.521921208000000000e+10 4.630914248101019000e+15
