# [1] m:            [M_sun/h] 
# [2] sigma 
# [3] ln(1/sigma) 
# [4] n_eff 
# [5] f(sigma) 
# [6] dn/dm:        [h^4/(Mpc^3*M_sun)] 
# [7] dn/dlnm:      [h^3/Mpc^3] 
# [8] dn/dlog10m:   [h^3/Mpc^3] 
# [9] n(>m):        [h^3/Mpc^3] 
# [11] rho(>m):     [M_sun*h^2/Mpc^3] 
# [11] rho(<m):     [M_sun*h^2/Mpc^3] 
# [12] Lbox(N=1):   [Mpc/h]
1.000000000000000000e+07 3.865299517601058721e+00 -1.352039173888317292e+00 -2.516550227174258580e+00 2.358802519189935609e-01 1.619679955307733670e-05 1.619679955307733792e+02 3.729450920512850303e+02 1.710047184665696989e+02 3.720634603193502045e+10 4.801286604806497955e+10 1.801623212323482381e-01
1.122018454301963001e+07 3.829565636786270044e+00 -1.342751386000303082e+00 -2.515342399793555561e+00 2.365647395197901515e-01 1.293514508431379574e-05 1.451347149367340137e+02 3.341850310892640437e+02 1.533264653880560502e+02 3.701936931591379547e+10 4.819984276408620453e+10 1.868361711383392798e-01
1.258925411794166267e+07 3.794073972774650638e+00 -1.333440368627615502e+00 -2.514138023199294913e+00 2.372553139325247751e-01 1.033035212331782485e-05 1.300514280082663277e+02 2.994544794544223691e+02 1.374854776244639538e+02 3.683138115944020081e+10 4.838783092055979919e+10 1.937526826806807434e-01
1.412537544622752629e+07 3.758821594510559194e+00 -1.324105502564691506e+00 -2.512906992283254759e+00 2.379519905319182893e-01 8.250637407444778800e-06 1.165433510508468089e+02 2.683509828172518610e+02 1.232903410676721592e+02 3.664236948638356781e+10 4.857684259361643219e+10 2.009202216844483968e-01
1.584893192461110838e+07 3.723806632916871528e+00 -1.314746433500869616e+00 -2.511612097271144872e+00 2.386547610858663626e-01 6.590544016896945471e-06 1.044530834699527304e+02 2.405121129151759476e+02 1.105687636743615201e+02 3.645230902417620087e+10 4.876690305582379913e+10 2.083479262495238626e-01
1.778279410038919002e+07 3.689027055333478522e+00 -1.305362752643886903e+00 -2.510295397754528146e+00 2.393636170940729724e-01 5.264760126700437341e-06 9.362214532105278408e+01 2.155729561903783917e+02 9.916663694672270424e+01 3.626117528422163391e+10 4.895803679577836609e+10 2.160452911113583396e-01
1.995262314968874678e+07 3.654480127249469579e+00 -1.295953847038579188e+00 -2.508972549403060803e+00 2.400785610543486048e-01 4.205768997274831395e-06 8.391612385726902801e+01 1.932240158555896699e+02 8.894671264557354107e+01 3.606895489758708954e+10 4.915025718241291046e+10 2.240216712025917822e-01
2.238721138568333164e+07 3.620162867915945437e+00 -1.286519015962610313e+00 -2.507638659562521521e+00 2.407995977073373040e-01 3.359897019386732052e-06 7.521872480713813047e+01 1.731975144549377035e+02 7.978617438781039084e+01 3.587563651410174561e+10 4.934357556589825439e+10 2.322865797551711686e-01
2.511886431509571895e+07 3.586073147015562235e+00 -1.277057772915665135e+00 -2.506239823006903400e+00 2.415267106432348876e-01 2.684525235832526282e-06 6.743222514932756440e+01 1.552684364162598456e+02 7.157452561603048480e+01 3.568119711024337769e+10 4.953801496975662231e+10 2.408502901878247504e-01
2.818382931264443323e+07 3.552209196030147620e+00 -1.267569718674422585e+00 -2.504801537836156555e+00 2.422598713605434717e-01 2.145097484980741535e-06 6.045706137568007676e+01 1.392075282898670423e+02 6.421262649837734671e+01 3.548560791016553497e+10 4.973360416983446503e+10 2.497237542003480915e-01
3.162277660168366507e+07 3.518568463774328414e+00 -1.258054220462904826e+00 -2.503349711651649212e+00 2.429990637474245263e-01 1.714121318871751131e-06 5.420527553486475369e+01 1.248122594082144445e+02 5.761213180592532979e+01 3.528885012484618378e+10 4.993036195515381622e+10 2.589178655378774896e-01
3.548133892335738987e+07 3.485148057340560879e+00 -1.248510527482387555e+00 -2.501896268605507956e+00 2.437442751635940930e-01 1.369747395812803572e-06 4.860047159022024488e+01 1.119067213961217675e+02 5.169415728581694935e+01 3.509091236219431305e+10 5.012829971780568695e+10 2.684434716520968656e-01
3.981071705534952879e+07 3.451945538541871361e+00 -1.238937996312795997e+00 -2.500384892548342730e+00 2.444954785581605616e-01 1.094693800097242808e-06 4.358054513791669393e+01 1.003479135791211263e+02 4.638779141143589868e+01 3.489177429458805084e+10 5.032743778541194916e+10 2.783121084352209174e-01
4.466835921509607136e+07 3.418959255127440588e+00 -1.229336193396168841e+00 -2.498815086066697777e+00 2.452526237572838497e-01 8.749795770438737835e-07 3.908390205326858080e+01 8.999401024389561599e+01 4.162924331586049931e+01 3.469140411530368805e+10 5.052780796469631195e+10 2.885363239051731976e-01
5.011872336272694170e+07 3.386186902236365981e+00 -1.219704480721631956e+00 -2.497224789290392710e+00 2.460156695614571232e-01 6.993955914137483012e-07 3.505281416717645016e+01 8.071208736883099277e+01 3.736159087554235469e+01 3.448977732641249084e+10 5.072943475358750916e+10 2.991287892881472898e-01
5.623413251903456450e+07 3.353625735625135107e+00 -1.210042069704527545e+00 -2.495630999701516473e+00 2.467845793895503959e-01 5.590525965198741611e-07 3.143783779780896381e+01 7.238829666919968986e+01 3.353408127459160681e+01 3.428688033024775314e+10 5.093233174975224304e+10 3.101019728073944881e-01
6.309573444801890850e+07 3.321273071932723031e+00 -1.200348164829586173e+00 -2.493993974527421997e+00 2.475593095640001295e-01 4.469111760067588471e-07 2.819818888317429639e+01 6.492872937182755777e+01 3.010115562356593699e+01 3.408269485689237595e+10 5.113651722310762024e+10 3.214688848160020540e-01
7.079457843841329217e+07 3.289127198082391956e+00 -1.190622240245180707e+00 -2.492282848832468201e+00 2.483397865731039045e-01 3.573175949658742970e-07 2.529614850423677908e+01 5.824653445601924062e+01 2.702177402786978178e+01 3.387718823892226410e+10 5.134202384107773590e+10 3.332437764245679834e-01
7.943282347242756188e+07 3.257186105292674494e+00 -1.180863664757664022e+00 -2.490542715304446819e+00 2.491259363892052991e-01 2.857018053907437170e-07 2.269410107335679783e+01 5.225509883041154069e+01 2.425923319570902592e+01 3.367033051659119797e+10 5.154888156340879822e+10 3.454413404700765744e-01
8.912509381337386370e+07 3.225447195148220647e+00 -1.171071605796849768e+00 -2.488788457390606279e+00 2.499176918768551414e-01 2.284461885277835295e-07 2.036028798384639771e+01 4.688129560067051216e+01 2.178082333493198419e+01 3.346210376885538483e+10 5.175710831114461517e+10 3.580760184646014643e-01
9.999999999999918044e+07 3.193907686374639177e+00 -1.161245147175594683e+00 -2.487007148044447113e+00 2.507149829295418075e-01 1.826744743444461968e-07 1.826744743444447039e+01 4.206235214960416613e+01 1.955723214117512754e+01 3.325249039176881790e+10 5.196672168823118591e+10 3.711625955275683619e-01
1.122018454301956147e+08 3.162565658607310759e+00 -1.151383615453079212e+00 -2.485146141448008272e+00 2.515177093375582928e-01 1.460961613554952431e-07 1.639225891435419413e+01 3.774457101669072756e+01 1.756205906201776301e+01 3.304145924831871414e+10 5.217775283168128967e+10 3.847171282103691303e-01
1.258925411794155836e+08 3.131419375125990889e+00 -1.141486376244730039e+00 -2.483238619650345758e+00 2.523257564758871752e-01 1.168524702254146751e-07 1.471085441976945063e+01 3.387299409216671364e+01 1.577161993429633569e+01 3.282897505265216446e+10 5.239023702734783936e+10 3.987566135123370992e-01
1.412537544622738063e+08 3.100466391119153009e+00 -1.131552548922936552e+00 -2.481307318002476947e+00 2.531390179797926576e-01 9.346639146598937925e-08 1.320247871061162748e+01 3.039983066962558667e+01 1.416479931525153546e+01 3.261501386463415909e+10 5.260419821536584473e+10 4.132978931204853157e-01
1.584893192461097836e+08 3.069703974050211226e+00 -1.121581131559068245e+00 -2.479360342419893559e+00 2.539573850211241934e-01 7.476259310291601035e-08 1.184907248595506069e+01 2.728349767196602471e+01 1.272271610671175068e+01 3.239955803488954163e+10 5.281965404511045837e+10 4.283578411893981808e-01
1.778279410038908124e+08 3.039129930263808621e+00 -1.111571267302984500e+00 -2.477336878204255299e+00 2.547807236941636577e-01 5.981012211058758603e-08 1.063591086611707404e+01 2.449008981073456681e+01 1.142837641964424122e+01 3.218257890442139053e+10 5.303663317557861328e+10 4.439545259926245269e-01
1.995262314968858361e+08 3.008742681556935583e+00 -1.101522277725625720e+00 -2.475245501263973580e+00 2.556088713039382787e-01 4.785401233534246479e-08 9.548130743276370680e+00 2.198538351542633151e+01 1.026648958649022347e+01 3.196403683024914169e+10 5.325517524975085449e+10 4.601075322619197494e-01
2.238721138568310440e+08 2.978539996168962478e+00 -1.091433246288862957e+00 -2.473121908664224655e+00 2.564416697988678440e-01 3.828996772628359651e-08 8.572056014392947176e+00 1.973788839505115433e+01 9.223407788728291479e+00 3.174390124227621460e+10 5.347531083772378540e+10 4.768365420952039302e-01
2.511886431509551406e+08 2.948519275158836273e+00 -1.081303103713240565e+00 -2.470983215579895642e+00 2.572789579597644649e-01 3.063796978553345126e-08 7.695910059328107344e+00 1.772048777963182431e+01 8.286948384361220832e+00 3.152215254029098892e+10 5.369705953970901489e+10 4.941609865820564274e-01
2.818382931264426112e+08 2.918678081725374795e+00 -1.071130802037408403e+00 -2.468780066576241161e+00 2.581205560722186210e-01 2.451789716807489997e-08 6.910082288899871195e+00 1.591105246978301935e+01 7.446159878125852671e+00 3.129876431150929642e+10 5.392044776849070740e+10 5.121013032349359673e-01
3.162277660168340802e+08 2.889014847340434677e+00 -1.060915560737224705e+00 -2.466489122950556556e+00 2.589662444744931791e-01 1.962332971015286510e-08 6.205441716053408996e+00 1.428855759082797050e+01 6.691169626610581567e+00 3.107369474859731293e+10 5.414551733140268707e+10 5.306799180740106037e-01
3.548133892335702181e+08 2.859527615460367045e+00 -1.050656441770338567e+00 -2.464156857633553521e+00 2.598157976185752061e-01 1.570686442703616944e-08 5.573005801588902131e+00 1.283232008190793927e+01 6.013147684792186531e+00 3.084690680793376160e+10 5.437230527206623840e+10 5.499198249365356839e-01
3.981071705534920692e+08 2.830213942571675467e+00 -1.040352306879619437e+00 -2.461799081137826750e+00 2.606689864910713972e-01 1.257245420411908735e-08 5.005184170115206221e+00 1.152486245779704888e+01 5.404218121299564359e+00 3.061837657383167648e+10 5.460083550616831970e+10 5.698436461743026094e-01
4.466835921509580016e+08 2.801071275125409876e+00 -1.030001942268182313e+00 -2.459392892679898246e+00 2.615255670383451747e-01 1.006426740942983502e-08 4.495543118811935024e+00 1.035137057028832253e+01 4.857312295597432161e+00 3.038807862947883224e+10 5.483113345052116394e+10 5.904747410551934861e-01
5.011872336272653341e+08 2.772097914815569109e+00 -1.019604403508860502e+00 -2.456887986117341605e+00 2.623852502952301879e-01 8.057774174558514338e-09 4.038453547740203042e+00 9.298882937775509561e+00 4.366055957895838446e+00 3.015597190934309387e+10 5.506324017065690613e+10 6.118386398587141173e-01
5.623413251903399229e+08 2.743292200597017061e+00 -1.009158732201420827e+00 -2.454325158166575704e+00 2.632477245035338975e-01 6.451858309438824759e-09 3.628146551670135000e+00 8.354116165073405043e+00 3.924730980324617313e+00 2.992201325508137131e+10 5.529719882491862488e+10 6.339622072862589608e-01
6.309573444801839590e+08 2.714651851885388378e+00 -9.986637138137914871e-01 -2.451724537077194288e+00 2.641126736288177956e-01 5.166236887231619367e-09 3.259675107323233956e+00 7.505679310126245340e+00 3.528236093444627741e+00 2.968617254905390930e+10 5.553303953094609070e+10 6.568720563825782843e-01
7.079457843841286898e+08 2.686174356903950233e+00 -9.881180092124238756e-01 -2.449088544926806499e+00 2.649797648023812235e-01 4.136954811861444642e-09 2.928739719244946027e+00 6.743672418792979961e+00 3.172002300221648419e+00 2.944842460039918137e+10 5.577078747960081482e+10 6.805951273318904260e-01
7.943282347242691517e+08 2.657857817477430995e+00 -9.775204665643645319e-01 -2.446353218449344613e+00 2.658486209600771089e-01 3.313244269972132102e-09 2.631803472177263625e+00 6.059951442725337145e+00 2.851911703683692068e+00 2.920873097559501266e+10 5.601048110440498352e+10 7.051604964466082759e-01
8.912509381337294579e+08 2.629700802168110751e+00 -9.668700762839443907e-01 -2.443536538233947120e+00 2.667188229846395031e-01 2.653851289752891837e-09 2.365247451659672873e+00 5.446183523433718143e+00 2.564258329529716995e+00 2.896704330793192291e+10 5.625216877206807709e+10 7.305995634259473404e-01
9.999999999999836683e+08 2.601701257060422989e+00 -9.561655606857599743e-01 -2.440672090010719053e+00 2.675899414514573138e-01 2.125800669153324526e-09 2.125800669153290023e+00 4.894836931469133567e+00 2.305732818157146813e+00 2.872332448028247833e+10 5.649588759971752167e+10 7.569438642900874203e-01
1.122018454301946878e+09 2.573856830952656161e+00 -9.454054863965025701e-01 -2.437776290488367081e+00 2.684615251608524766e-01 1.702854233949670164e-09 1.910633875477734778e+00 4.399397079844474590e+00 2.073376967874307475e+00 2.847754843921106339e+10 5.674166364078894043e+10 7.842248082749047056e-01
1.258925411794145584e+09 2.546165444078809958e+00 -9.345884799873759308e-01 -2.434790255507943701e+00 2.693330813806937840e-01 1.364223745628348422e-09 1.717455940744520237e+00 3.954588447032397536e+00 1.864527329702386327e+00 2.822968002419746017e+10 5.698953205580253601e+10 8.124757650788783092e-01
1.412537544622726679e+09 2.518625789438326823e+00 -9.237134311299453060e-01 -2.431699739634265445e+00 2.702040575086359087e-01 1.093090161548437114e-09 1.544030892844888925e+00 3.555262516986928301e+00 1.676781055601904047e+00 2.797966818231269836e+10 5.723954389768730164e+10 8.417333743922172928e-01
1.584893192461085081e+09 2.491236126142597040e+00 -9.127790234947780190e-01 -2.428551684105720199e+00 2.710738766437353897e-01 8.758926619774539624e-10 1.388196317294685178e+00 3.196440146351974931e+00 1.507988489018432299e+00 2.772746923195528793e+10 5.749174284804470825e+10 8.720351507202704910e-01
1.778279410038893700e+09 2.463994327959438291e+00 -9.017837437041100745e-01 -2.425364292075170791e+00 2.719419339126937230e-01 7.018673748293319267e-10 1.248116301237051529e+00 2.873893989551300709e+00 1.356230135620851041e+00 2.747305416354738617e+10 5.774615791645261383e+10 9.034182716402000546e-01
1.995262314968842030e+09 2.436898254711637346e+00 -8.907260235505923829e-01 -2.422103082342701441e+00 2.728075821374136289e-01 5.624618599583597827e-10 1.122258952782197561e+00 2.584096735155396729e+00 1.219780367503184193e+00 2.721639072999380875e+10 5.800282135000619507e+10 9.359215638695560502e-01
2.238721138568292141e+09 2.409946616514607509e+00 -8.796045964334161527e-01 -2.418721628947059887e+00 2.736701012960416901e-01 4.508144006221260272e-10 1.009247728243748199e+00 2.323878774192160712e+00 1.097080979769495812e+00 2.695742904576521683e+10 5.826178303423478699e+10 9.695877162590601506e-01
2.511886431509531021e+09 2.383138058371009560e+00 -8.684181311304444151e-01 -2.415268783975238698e+00 2.745287247288693000e-01 3.613518946116654952e-10 9.076749210753045638e-01 2.089998742552543476e+00 9.867340418508786515e-01 2.669612014530162048e+10 5.852309193469837952e+10 1.004461501997948369e+00
2.818382931264402866e+09 2.356470716328143755e+00 -8.571650405393788086e-01 -2.411763404868371818e+00 2.753826503322018837e-01 2.896508975538869336e-10 8.163471456912890778e-01 1.879708768377000849e+00 8.874913540776404597e-01 2.643243068050583267e+10 5.878678139949417114e+10 1.040587544072489434e+00
3.162277660168314457e+09 2.329942572346563878e+00 -8.458436202123048586e-01 -2.408200845559352654e+00 2.762310258572739374e-01 2.321844126609441481e-10 7.342315811970048234e-01 1.690630693669670670e+00 7.982328675264740436e-01 2.616633111093762970e+10 5.905288096906237030e+10 1.078011675772843514e+00
3.548133892335673332e+09 2.303552303254664757e+00 -8.344524111289659540e-01 -2.404515159027930782e+00 2.770729181861201762e-01 1.861448619751865382e-10 6.604668936583052430e-01 1.520781223753697509e+00 7.179475695908902333e-01 2.589777663401226425e+10 5.932143544598773193e+10 1.116783760497055633e+00
3.981071705534887791e+09 2.277298943463670788e+00 -8.229900667660551283e-01 -2.400735314111417829e+00 2.779073205962726556e-01 1.492467686714022343e-10 5.941620879002301736e-01 1.368108766421287870e+00 6.457253198365159319e-01 2.562671477143920898e+10 5.959249730856079102e+10 1.156957470418197964e+00
4.466835921509543419e+09 2.251180976276241807e+00 -8.114549568608684371e-01 -2.396893609163798011e+00 2.787331778647600955e-01 1.196654727487962626e-10 5.345260322387445084e-01 1.230791673650187823e+00 5.807528088347293505e-01 2.535310768244297028e+10 5.986610439755702972e+10 1.198586992724800293e+00
5.011872336272612572e+09 2.225196673940096126e+00 -7.998453044938573786e-01 -2.393005622236410446e+00 2.795493710454199920e-01 9.594656963078162591e-11 4.808719580927683923e-01 1.107248602343265942e+00 5.223018019348932839e-01 2.507692935496256638e+10 6.014228272503742981e+10 1.241727097593609885e+00
5.623413251903352737e+09 2.199344711367071881e+00 -7.881594575261128277e-01 -2.389003256490064953e+00 2.803546936863641759e-01 7.693660019964989911e-11 4.326462971191013529e-01 9.962049142855156081e-01 4.697154640191739117e-01 2.479814284106093979e+10 6.042106923893905640e+10 1.286436579295571647e+00
6.309573444801788330e+09 2.173624466517763310e+00 -7.763960352857168790e-01 -2.384883949870414632e+00 2.811478384556796439e-01 6.169899246493238964e-11 3.892943244277630166e-01 8.963833082145550302e-01 4.224007584566723539e-01 2.451669613519897842e+10 6.070251594480102539e+10 1.332779907619084936e+00
7.079457843841228485e+09 2.148034892500382043e+00 -7.645534206954940348e-01 -2.380695752303505941e+00 2.819274277593626366e-01 4.947976767822855296e-11 3.502899294010768383e-01 8.065723696648562369e-01 3.798268665096872221e-01 2.423254885002589035e+10 6.098666322997410583e+10 1.380823299121970216e+00
7.943282347242626190e+09 2.122574669820508575e+00 -7.526298187120071814e-01 -2.376460770003620215e+00 2.826920034418260452e-01 3.967926054474065017e-11 3.151835698366792227e-01 7.257369894625853579e-01 3.415191325315013460e-01 2.394567812737117386e+10 6.127353395262882996e+10 1.430633269696451659e+00
8.912509381337221146e+09 2.097242594954556782e+00 -7.406234319022040324e-01 -2.372132164722160041e+00 2.834400093707216128e-01 3.182113405516220808e-11 2.836061557914225095e-01 6.530273066066765164e-01 3.070500251297699768e-01 2.365605698203266144e+10 6.156315509796733856e+10 1.482280132249167881e+00
9.999999999999753952e+09 2.072038323383745162e+00 -7.285328200677665400e-01 -2.367670236376776316e+00 2.841697646895555152e-01 2.552159168491605202e-11 2.552159168491542340e-01 5.876563656316704520e-01 2.760329333238114025e-01 2.336364009071471405e+10 6.185557198928528595e+10 1.535841386785930185e+00
1.122018454301937675e+10 2.046961391029919142e+00 -7.163564452555120088e-01 -2.363132621183107851e+00 2.848794880673429231e-01 2.046899164139998023e-11 2.296658636260288933e-01 5.288251939548975766e-01 2.481208943341473294e-01 2.306838809262750244e+10 6.215082398737249756e+10 1.591398291133228282e+00
1.258925411794135284e+10 2.022010954229940261e+00 -7.040925381058306121e-01 -2.358539932925511007e+00 2.855672986136923996e-01 1.641588733085910760e-11 2.066637771796792922e-01 4.758609325957726122e-01 2.230037411703806871e-01 2.277028183081698608e+10 6.244893024918301392e+10 1.649032760668490472e+00
1.412537544622714996e+10 1.997186113498584881e+00 -6.917392466352586533e-01 -2.353879430416150775e+00 2.862311996576870077e-01 1.316487688830594792e-11 1.859588287506801219e-01 4.281860269919486317e-01 2.004025671806877462e-01 2.246930626588352966e+10 6.274990581411647034e+10 1.708830183495535060e+00
1.584893192461071968e+10 1.972486748485529962e+00 -6.792950555837816706e-01 -2.349084562968152490e+00 2.868690506190564871e-01 1.055831297828836259e-11 1.673379836316261082e-01 3.853099466018639063e-01 1.800651678408425049e-01 2.216543027824208069e+10 6.305378180175791931e+10 1.770883928716122657e+00
1.778279410038879013e+10 1.947913013568465246e+00 -6.667585499976798058e-01 -2.344198131045772016e+00 2.874785763246004988e-01 8.467679263334882219e-12 1.505789968480160390e-01 3.467209534602391785e-01 1.617643953392900180e-01 2.185861981726102448e+10 6.336059226273897552e+10 1.835294178715045854e+00
1.995262314968825912e+10 1.923464598529043945e+00 -6.541280383249842290e-01 -2.339252573105730537e+00 2.880573791161911146e-01 6.790484302734656701e-12 1.354879742963382427e-01 3.119725898947088849e-01 1.452970567554163761e-01 2.154886134613914490e+10 6.367035073386085510e+10 1.902162990992907199e+00
2.238721138568273544e+10 1.899141059759916539e+00 -6.414017101456520598e-01 -2.334262196304972115e+00 2.886029221178305071e-01 5.444903749309421012e-12 1.218962112104864798e-01 2.806763988257198750e-01 1.304808320374057085e-01 2.123615551137202072e+10 6.398305656862797546e+10 1.971595239511573006e+00
2.511886431509510422e+10 1.874942473740536242e+00 -6.285779782799987281e-01 -2.329150235953750148e+00 2.891125077187490788e-01 4.365946566264930356e-12 1.096676194049641673e-01 2.525190256260150257e-01 1.171509464261124012e-01 2.092049168604293442e+10 6.429872039395706177e+10 2.043704335175436260e+00
2.818382931264379883e+10 1.850869534790610782e+00 -6.156555474717296805e-01 -2.323927944852839822e+00 2.895832721142780897e-01 3.500682473947105909e-12 9.866263732348885818e-02 2.271791179365434121e-01 1.051584928370484923e-01 2.060184747041792679e+10 6.461736460958207703e+10 2.118614217107826825e+00
3.162277660168288803e+10 1.826922513450103702e+00 -6.026328645917543581e-01 -2.318645717949016305e+00 2.900122011379300258e-01 2.806567703524756046e-12 8.875146350606152867e-02 2.043577968504623477e-01 9.437006996737339060e-02 2.028021900941955948e+10 6.493899307058044434e+10 2.196452964822948939e+00
3.548133892335644531e+10 1.803101467279573766e+00 -5.895082195537083569e-01 -2.313329578074905246e+00 2.903961166737820676e-01 2.249704149072339934e-12 7.982251539051690714e-02 1.837981340234920435e-01 8.466617169552456690e-02 1.995562488833500290e+10 6.526358719166499329e+10 2.277351281303514163e+00
3.981071705534854889e+10 1.779406653888513601e+00 -5.762799682216247499e-01 -2.307917959249551121e+00 2.907316619328184082e-01 1.803167929683077882e-12 7.178540825189164143e-02 1.652920109352974676e-01 7.593891807155486728e-02 1.962807995419443512e+10 6.559113212580556488e+10 2.361448787780245251e+00
4.466835921509506989e+10 1.755839126970341946e+00 -5.629468776735364610e-01 -2.302379321482272978e+00 2.910152896058084693e-01 1.445178248239123425e-12 6.455374112218699445e-02 1.486404820049445075e-01 6.809060574804884358e-02 1.929758195612052536e+10 6.592163012387947083e+10 2.448899339459873925e+00
5.011872336272570801e+10 1.732399710496613565e+00 -5.495075632471532190e-01 -2.296778839495748237e+00 2.912432729116355978e-01 1.158068096725244104e-12 5.804089457497078886e-02 1.336440986323667313e-01 6.103349123211608551e-02 1.896414200480757141e+10 6.625507007519242859e+10 2.539864778902421794e+00
5.623413251903306580e+10 1.709088878917901511e+00 -5.359604091696421602e-01 -2.291140540696054995e+00 2.914116976919376989e-01 9.277978979505111401e-13 5.217390994422935885e-02 1.201348672807963369e-01 5.468901708428703518e-02 1.862779821342654419e+10 6.659141386657345581e+10 2.634510662965065642e+00
6.309573444801736450e+10 1.685907051648145583e+00 -5.223037285511660244e-01 -2.285437710880715123e+00 2.915164507637995617e-01 7.431721469130461483e-13 4.689099243078850843e-02 1.079705001668302550e-01 4.898638289809639779e-02 1.828859426208728027e+10 6.693061781791271973e+10 2.733012024036627352e+00
7.079457843841171265e+10 1.662855387258385997e+00 -5.085362374749727854e-01 -2.279601117877980254e+00 2.915532127529359974e-01 5.952194658639665990e-13 4.213831116417610795e-02 9.702704713057648533e-02 4.386144421566125218e-02 1.794655758945030594e+10 6.727265449054969788e+10 2.835561193836294791e+00
7.943282347242561340e+10 1.639935124498682395e+00 -4.946566828211487743e-01 -2.273687113431928086e+00 2.915174619728066463e-01 4.766225523433691525e-13 3.785947506326777651e-02 8.717466290926019490e-02 3.925640146466535807e-02 1.760171962672849274e+10 6.761749245327150726e+10 2.942364719665703010e+00
8.912509381337149048e+10 1.617146995233840423e+00 -4.806634826066336630e-01 -2.267726202384666045e+00 2.914044680332684156e-01 3.815539596658891781e-13 3.400603245008573805e-02 7.830178339143921418e-02 3.511949030714788672e-02 1.725414004171210098e+10 6.796507203828790283e+10 3.053635987771884164e+00
9.999999999999673462e+10 1.594491532308784709e+00 -4.665548968918074579e-01 -2.261725081120246728e+00 2.912092825684902686e-01 3.053582043289097294e-13 3.053582043288997558e-02 7.031132493111545700e-02 3.140416259908403868e-02 1.690389538462141037e+10 6.831531669537858582e+10 3.169598560069936788e+00
1.122018454301928558e+11 1.571969760265441218e+00 -4.523294573496258741e-01 -2.255593631012833722e+00 2.909267418367113556e-01 2.443317960907176255e-13 2.741447841865209817e-02 6.312416933899531180e-02 2.806827524233128368e-02 1.655105086501654625e+10 6.866816121498345184e+10 3.290496433790967679e+00
1.258925411794125061e+11 1.549583102378351507e+00 -4.379859285457425311e-01 -2.249355331468927410e+00 2.905514725611662019e-01 1.954536339040468770e-13 2.460615465493103809e-02 5.665776490435026069e-02 2.507372688624765616e-02 1.619566490770560646e+10 6.902354717229438782e+10 3.416596589168950704e+00
1.412537544622703552e+11 1.527332438552959415e+00 -4.235227095181683388e-01 -2.243059948819849936e+00 2.900778783763288127e-01 1.563012170360836865e-13 2.207813373336899379e-02 5.083678161558442821e-02 2.238636322324930039e-02 1.583782300097225189e+10 6.938138907902774048e+10 3.548178701696454773e+00
1.584893192461058960e+11 1.505218361530552329e+00 -4.089379783941738400e-01 -2.236733014820138532e+00 2.895001356261899805e-01 1.249428802083234302e-13 1.980211202886493840e-02 4.559604796746248578e-02 1.997554248367313864e-02 1.547763867920586014e+10 6.974157340079414368e+10 3.685534428413397734e+00
1.778279410038864746e+11 1.483241645569576495e+00 -3.942299936240338254e-01 -2.230290746707652261e+00 2.888122035047554492e-01 9.984550357541699935e-14 1.775532031931259178e-02 4.088313588858345782e-02 1.781356288727200046e-02 1.511522241721774101e+10 7.010398966278225708e+10 3.828979750238528545e+00
1.995262314968809509e+11 1.461403706041560113e+00 -3.793974163246593423e-01 -2.223709109537081563e+00 2.880078500995147950e-01 7.976549768714349538e-14 1.591530915698891394e-02 3.664635361527431023e-02 1.587532564967556598e-02 1.475067059942257500e+10 7.046854148057742310e+10 3.978864221215052233e+00
2.238721138568255310e+11 1.439705571068934820e+00 -3.644386281467245636e-01 -2.217058612600819600e+00 2.870806300120303800e-01 6.369706268770698291e-14 1.425999607036769132e-02 3.283485437778232291e-02 1.413829544984915657e-02 1.438410267210525322e+10 7.083510940789474487e+10 4.135559900989739468e+00
2.511886431509489746e+11 1.418147898337040580e+00 -3.493517233318184645e-01 -2.210367488129703073e+00 2.860238826915681987e-01 5.084094136344443996e-14 1.277066707760056603e-02 2.940554764047290104e-02 1.258228539939278308e-02 1.401567397533885193e+10 7.120353810466114807e+10 4.299455807580119249e+00
2.818382931264356689e+11 1.396731288868033882e+00 -3.341347130748256178e-01 -2.203587700070419597e+00 2.848307494498645842e-01 4.056122804951357984e-14 1.143170728058701298e-02 2.632247877175115935e-02 1.118908473908718747e-02 1.364554842281864929e+10 7.157366365718135071e+10 4.470970582409473870e+00
3.162277660168262939e+11 1.375457052213127307e+00 -3.187860774949060616e-01 -2.196646877119079022e+00 2.834942349286193042e-01 3.234722146732186062e-14 1.022908958146271849e-02 2.355334918517676054e-02 9.942189040163994240e-03 1.327387578574540329e+10 7.194533629425459290e+10 4.650567952191696719e+00
3.548133892335615234e+11 1.354326436036288328e+00 -3.033042355627262876e-01 -2.189618851929832744e+00 2.820071930405078087e-01 2.578313837278277292e-14 9.148202711124949968e-03 2.106451519032402631e-02 8.826742430776478993e-03 1.290082091018832016e+10 7.231839116981167603e+10 4.838749974744839477e+00
3.981071705534822998e+11 1.333340204502302617e+00 -2.876872258152293194e-01 -2.182534719285749603e+00 2.803623121760663861e-01 2.053880698058185463e-14 8.176646333583552362e-03 1.882742395839390875e-02 7.829443952058534606e-03 1.252658829748512840e+10 7.269262378251487732e+10 5.036046059496138483e+00
4.466835921509470215e+11 1.312498940036979533e+00 -2.719329078924428988e-01 -2.175390861059331549e+00 2.785521482221572920e-01 1.635087204328070705e-14 7.303666259093121414e-03 1.681731305239141105e-02 6.938325526788905427e-03 1.215140454034872437e+10 7.306780753965127563e+10 5.243023159020514079e+00
5.011872336272529907e+11 1.291803783383443927e+00 -2.560395233806753157e-01 -2.168083013186024033e+00 2.765692194286299976e-01 1.300978442501098543e-14 6.520337866058177612e-03 1.501363277167016771e-02 6.142551881187369167e-03 1.177548806834627533e+10 7.344372401165371704e+10 5.460306929911117990e+00
5.623413251903260498e+11 1.271256167011038052e+00 -2.400055195083254933e-01 -2.160653874420851661e+00 2.744060371638442630e-01 1.034477421389160260e-14 5.817294040234516871e-03 1.339481453860710478e-02 5.432340698430440130e-03 1.139906059750008202e+10 7.382015148249992371e+10 5.688586069695523939e+00
6.309573444801684570e+11 1.250856978067656167e+00 -2.238288988640420862e-01 -2.153156423124531038e+00 2.720550614490659380e-01 8.219516509216445499e-15 5.186164309566112379e-03 1.194158462902468812e-02 4.798930719239647737e-03 1.102238339038174438e+10 7.419682868961825562e+10 5.928595771662872771e+00
7.079457843841113281e+11 1.230606842662567812e+00 -2.075074157366888772e-01 -2.145617597101035834e+00 2.695087579964893787e-01 6.525464655074224007e-15 4.619675193707315983e-03 1.063719523550484686e-02 4.234461222626411357e-03 1.064575368910522079e+10 7.457345839089477539e+10 6.181121493073515438e+00
7.943282347242496338e+11 1.210506659939299512e+00 -1.910389991894323181e-01 -2.137927307122040155e+00 2.667597124144304166e-01 5.176668957414871213e-15 4.111974314695176179e-03 9.468170759791521077e-03 3.731827072744004024e-03 1.026946886684673882e+10 7.494974321315325928e+10 6.447027108476865109e+00
8.912509381337076416e+11 1.190557907283144701e+00 -1.744220269068569862e-01 -2.130076097392648471e+00 2.638007520085007829e-01 4.103397195658188553e-15 3.657156600165585580e-03 8.420914270286064193e-03 3.284599946992066387e-03 9.893819289121017456e+09 7.532539279087898254e+10 6.727274868747268322e+00
9.999999999999591064e+11 1.170761613131305667e+00 -1.576544884269836244e-01 -2.122143729161189096e+00 2.606248779831310536e-01 3.249567397752398159e-15 3.249567397752265233e-03 7.482405448743819146e-03 2.887016954016320865e-03 9.519130459319030762e+09 7.570008162068096924e+10 7.022906534441756499e+00
1.122018454301919434e+12 1.151118469235111297e+00 -1.407340516673519504e-01 -2.114167429106951879e+00 2.572253354698691430e-01 2.570701500652840645e-15 2.884374524234125173e-03 6.641517782113290358e-03 2.533918873244894818e-03 9.145772685197807312e+09 7.607343939480218506e+10 7.335039066570510080e+00
1.258925411794114746e+12 1.131629172368946890e+00 -1.236583398663824301e-01 -2.106070294898441553e+00 2.535957417860407737e-01 2.031569059730200664e-15 2.557593915109025381e-03 5.889077622862321122e-03 2.220653988120505941e-03 8.774127310508935928e+09 7.644508476949105835e+10 7.664897801361044039e+00
1.412537544622691895e+12 1.112295126990802130e+00 -1.064255625856637549e-01 -2.097778818425379832e+00 2.497303242310581206e-01 1.603875169927092513e-15 2.265533894410118147e-03 5.216584572941484858e-03 1.943012433225411745e-03 8.404564034623216629e+09 7.681464804537678528e+10 8.013854875739163219e+00
1.584893192461046143e+12 1.093117557889229374e+00 -8.903375866164627006e-02 -2.089389579554077336e+00 2.456238760176917557e-01 1.264705654425100840e-15 2.004423382165334503e-03 4.615355399822607119e-03 1.697213933906310509e-03 8.037477361674553871e+09 7.718173471832543945e+10 8.383418315891171702e+00
1.778279410038850098e+12 1.074097230210882881e+00 -7.148052291160600369e-02 -2.080937708464377423e+00 2.412717907478885981e-01 9.959505124091897331e-16 1.771078289634904317e-03 4.078058468238721958e-03 1.479878587204778301e-03 7.673308042650288582e+09 7.754590403734971619e+10 8.775219150136075896e+00
1.995262314968793213e+12 1.055234740338476751e+00 -5.376324486847665340e-02 -2.072402498683441507e+00 2.366702226106708884e-01 7.832302517852406084e-16 1.562749805330609920e-03 3.598364405833609503e-03 1.287968015352970860e-03 7.312517835113080978e+09 7.790669424488691711e+10 9.191046724959640812e+00
2.238721138568236816e+12 1.036531299629660730e+00 -3.587984986146002669e-02 -2.063660272901824744e+00 2.318164120053847477e-01 6.151257305134856148e-16 1.377094975777768847e-03 3.170878362862887111e-03 1.118736946135559171e-03 6.955558002281716347e+09 7.826365407771827698e+10 9.632906384955749246e+00
2.511886431509469238e+12 1.017988295702809909e+00 -1.782842071725563443e-02 -2.054781232514899525e+00 2.267087482117890740e-01 4.823773186282993226e-16 1.211677041530344898e-03 2.789989493350899727e-03 9.697152497302151397e-04 6.602886773002420425e+09 7.861632530699757385e+10 1.010303656688290985e+01
2.818382931264333984e+12 9.996065633040809306e-01 3.935141124421415084e-04 -2.045823342253474841e+00 2.213467128234122838e-01 3.776488173050887397e-16 1.064358980704824915e-03 2.450777122565267301e-03 8.386960843323115278e-04 6.255002643928092957e+09 7.896420943607189941e+10 1.060388790726033470e+01
3.162277660168236816e+12 9.813866877269066258e-01 1.878871999250665906e-02 -2.036813197005148623e+00 2.157310845097454577e-01 2.951273881273828059e-16 9.332747463790231441e-04 2.148944518680137757e-03 7.237030433011769001e-04 5.912432952554738045e+09 7.930677912744526672e+10 1.113815353987874524e+01
3.548133892335586426e+12 9.633296214883667608e-01 3.735963967745502962e-02 -2.027604615284055001e+00 2.098642822927341833e-01 2.302330587863163827e-16 8.168977190158206465e-04 1.880976510306667281e-03 6.229550175765072133e-04 5.575695058773004532e+09 7.964351702122698975e+10 1.170885525466900212e+01
3.981071705534790039e+12 9.454368223109999025e-01 5.610821245934130563e-02 -2.018209338461781410e+00 2.037506069185987811e-01 1.792685361063023492e-16 7.136808967854421952e-04 1.643310994092781439e-03 5.348478299665213693e-04 5.245292673550925255e+09 7.997391940644908142e+10 1.231941032626126820e+01
4.466835921509433594e+12 9.277092353775789890e-01 7.503691923871411151e-02 -2.008720913128554830e+00 1.973960736620348766e-01 1.392902500529090199e-16 6.221866924523652455e-04 1.432637803100087360e-03 4.579491100366999421e-04 4.921755250966505051e+09 8.029745682903349304e+10 1.297361264153194860e+01
5.011872336272489258e+12 9.101474808699621111e-01 9.414862571259280388e-02 -1.999188199087267970e+00 1.908086029528607286e-01 1.079783367463427743e-16 5.411736388557105652e-04 1.246098353550502630e-03 3.909807061204354796e-04 4.605639154270648956e+09 8.061357292572935486e+10 1.367565777982223452e+01
5.623413251903214844e+12 8.927522526032002359e-01 1.134461692923920129e-01 -1.989491417212964297e+00 1.839983092855966840e-01 8.351031138925190209e-17 4.696129917368831023e-04 1.081323874249682983e-03 3.327951504254311049e-04 4.297488732508414268e+09 8.092172334749159241e+10 1.443026600894399714e+01
6.309573444801632812e+12 8.755249451651427872e-01 1.329316351833867149e-01 -1.979558570845339371e+00 1.769779152342531026e-01 6.443078480096691809e-17 4.065307688079095321e-04 9.360716881005012912e-04 2.823602613666767285e-04 3.997815130765301704e+09 8.122139694923469543e+10 1.524282539725084185e+01
7.079457843841054688e+12 8.584666581585620460e-01 1.526074367213786365e-01 -1.969516194940995835e+00 1.697625093783346750e-01 4.957574178995546860e-17 3.509693740791389963e-04 8.081368488520764004e-04 2.387550479428624894e-04 3.707130535285993576e+09 8.151208154471400452e+10 1.611941014976866882e+01
7.943282347242431641e+12 8.415780505025968194e-01 1.724765180153706168e-01 -1.959411712572997288e+00 1.623695687950163224e-01 3.803381018348458140e-17 3.021132930288425228e-04 6.956415649235547565e-04 2.011605875984718650e-04 3.425959332381789684e+09 8.179325274761820984e+10 1.706681057046240468e+01
8.912509381337003906e+12 8.248596370438400216e-01 1.925420440389406240e-01 -1.949194155697850928e+00 1.548191485238065157e-01 2.908930989001180128e-17 2.592587472913494644e-04 5.969653267413717801e-04 1.688454153068488480e-04 3.154805921442271709e+09 8.206440615855772400e+10 1.809270806909897189e+01
9.999999999999509766e+12 8.083126134868213741e-01 2.128063974069976383e-01 -1.938713675582305562e+00 1.471343146433524429e-01 2.217853230587211009e-17 2.217853230587102408e-04 5.106795787198548011e-04 1.411542926703183163e-04 2.894124549889430523e+09 8.232508753011056519e+10 1.920592830389795225e+01
1.122018454301910156e+13 7.919382330594828545e-01 2.332718787702362240e-01 -1.928082679461801785e+00 1.393408967270492738e-01 1.685101843504123195e-17 1.890715365789795649e-04 4.353533016362367983e-04 1.175034706614161347e-04 2.644336045565193176e+09 8.257487603443481445e+10 2.041658503420552151e+01
1.258925411794104297e+13 7.757371808404948110e-01 2.539415006493596083e-01 -1.917368336701742004e+00 1.314671410110788141e-01 1.275510996725986324e-17 1.605773206801170815e-04 3.697429448709621232e-04 9.737606449873625111e-05 2.405847738638503075e+09 8.281336434136149597e+10 2.173614856976211840e+01
1.412537544622680273e+13 7.597098884378497008e-01 2.748186443172482285e-01 -1.906591035569184855e+00 1.235437439904552154e-01 9.615893678685166269e-18 1.358281084624269751e-04 3.127557777551627461e-04 8.031359643308320798e-05 2.179033221761885166e+09 8.304017885823811340e+10 2.317769847276320405e+01
1.584893192461033008e+13 7.438572533577882950e-01 2.959061263236657524e-01 -1.895553040075119045e+00 1.156040506053992861e-01 7.219451108703686157e-18 1.144205891548972912e-04 2.634631429196627257e-04 6.590812341621262675e-05 1.964198166748237133e+09 8.325501391325177002e+10 2.475637302280740570e+01
1.778279410038835547e+13 7.281805962703276069e-01 3.172061897502715944e-01 -1.884299753622015627e+00 1.076838172625282919e-01 5.396152757673618440e-18 9.595867342395278312e-05 2.209530109694776018e-04 5.379771956898416396e-05 1.761578883830520868e+09 8.345763319616947937e+10 2.648980193533333605e+01
1.995262314968776953e+13 7.126806568140916509e-01 3.387218455552815644e-01 -1.872946808604439184e+00 9.982039306953145730e-02 4.013746620315713354e-18 8.008477373349234352e-05 1.844020061745406023e-04 4.366384414038375155e-05 1.571367242901069880e+09 8.364784483709892273e+10 2.839832187488794801e+01
2.238721138568218750e+13 6.973578450450245159e-01 3.604565924450219283e-01 -1.861558836631590275e+00 9.205244655135175202e-02 2.969834103769381722e-18 6.648630386149316398e-05 1.530903721597466367e-04 3.522653468202660446e-05 1.393702986403570414e+09 8.382550909359643555e+10 3.050539778107318156e+01
2.511886431509448438e+13 6.822127274473421821e-01 3.824137526964791478e-01 -1.849948359728847525e+00 8.441973946706739229e-02 2.185483909376575330e-18 5.489687378245244382e-05 1.264047232234506550e-04 2.823915729744670334e-05 1.228642746051322699e+09 8.399056933394868469e+10 3.283845800963309358e+01
2.818382931264310938e+13 6.672465614073268547e-01 4.045956440905846829e-01 -1.838051122357082345e+00 7.696283222137621782e-02 1.599021584664970455e-18 4.506655140942963039e-05 1.037695694680024731e-04 2.248479998016039987e-05 1.076148572922084093e+09 8.414306350707791138e+10 3.542993240966467283e+01
3.162277660168211328e+13 6.524601884570933041e-01 4.270051555055705550e-01 -1.826037387333925288e+00 6.972187426415836498e-02 1.162544493718965844e-18 3.676288481439048914e-05 8.464967054907272467e-05 1.777431897973353957e-05 9.361115365492856503e+08 8.428310054345071411e+10 3.831795679474222993e+01
3.548133892335557031e+13 6.378540109588856089e-01 4.496458447697675997e-01 -1.813979761978739891e+00 6.273588727356159411e-02 8.394491786332651527e-19 2.978478081601933239e-05 6.858199230506114511e-05 1.394352740838021011e-05 8.083555731944323778e+08 8.441085650680557251e+10 4.154726580259603708e+01
3.981071705534757812e+13 6.234283185852989018e-01 4.725214866535235037e-01 -1.801770937089204105e+00 5.604216703843611230e-02 6.017845497978390041e-19 2.395747444028149296e-05 5.516412351197803882e-05 1.084987451295424355e-05 6.926179675505218506e+08 8.452659411244947815e+10 4.517086719209458323e+01
4.466835921509397656e+13 6.091841531420172373e-01 4.956346708700192227e-01 -1.789223965040033004e+00 4.967586072533021480e-02 4.281495394700637602e-19 1.912473742682586312e-05 4.403633530643453770e-05 8.369863042493938459e-06 5.885391136323785782e+08 8.463067296636761475e+10 4.925237938483707723e+01
5.011872336272448438e+13 5.951224800286898375e-01 5.189880458327479351e-01 -1.776520700025950861e+00 4.366871497398531338e-02 3.021017926027603803e-19 1.514095617084091356e-05 3.486333997265449490e-05 6.397371160516720945e-06 4.956806902430232763e+08 8.472353138975697327e+10 5.386824383204181999e+01
5.623413251903168750e+13 5.812436724644869379e-01 5.425852082224279505e-01 -1.763746827428858577e+00 3.804804556539513605e-02 2.112642616882708550e-19 1.188026248831361297e-05 2.735531530644727733e-05 4.841904778539183415e-06 4.135404773022052050e+08 8.480567160269779968e+10 5.911003981773400540e+01
6.309573444801581250e+13 5.675478405289803296e-01 5.664302326880708005e-01 -1.750904028663016865e+00 3.283614567522456784e-02 1.463302941001839413e-19 9.232817378245260161e-06 2.125934766148390557e-05 3.626538204340908755e-06 3.415485627864633203e+08 8.487766351721353149e+10 6.508824790224066703e+01
7.079457843840996875e+13 5.540356742908392196e-01 5.905262002812740052e-01 -1.737713851655964037e+00 2.804991621541768829e-02 1.003403586452224577e-19 7.103553390647388725e-06 1.635653614459198693e-05 2.686141109189015339e-06 2.790653568950625658e+08 8.494014672310493469e+10 7.193778455486389589e+01
7.943282347242367188e+13 5.407081967036814207e-01 6.148755232793019498e-01 -1.724282501759127006e+00 2.370013882775653946e-02 6.805995640752586760e-20 5.406194502859852550e-06 1.244822287211145392e-05 1.966022133771432325e-06 2.253965676196922660e+08 8.499381551238031006e+10 7.982468235630148001e+01
8.912509381336929688e+13 5.275657672039142376e-01 6.394817442396486529e-01 -1.710761900874457009e+00 1.979073218059789613e-02 4.562272870606947762e-20 4.066129975950338690e-06 9.362610268799488483e-06 1.420751305248661010e-06 1.798155424074278474e+08 8.503939653759257507e+10 8.895300939930410777e+01
9.999999999999428125e+13 5.146083914498047474e-01 6.643490725247246376e-01 -1.697239123690341023e+00 1.631871564228557989e-02 3.019513297555586981e-20 3.019513297555414233e-06 6.952686307048391767e-06 1.012868890852465698e-06 1.415727386761887968e+08 8.507763934132380676e+10 9.957468071236695550e+01
1.122018454301901094e+14 5.018363403907973863e-01 6.894812276026766051e-01 -1.683410212991329091e+00 1.327442139520158999e-02 1.971752254808670621e-20 2.212342417206712888e-06 5.094106670458591171e-06 7.116990664147924581e-07 1.099018186774765700e+08 8.510931026132252502e+10 1.120042583405379162e+02
1.258925411794094062e+14 4.892505647360505527e-01 7.148805184172961624e-01 -1.669235342046607284e+00 1.064180586897264975e-02 1.269120486636163411e-20 1.597728031254753105e-06 3.678904747425919515e-06 4.923737809676806227e-07 8.403394776112323999e+07 8.513517813223887634e+10 1.266392589370144037e+02
1.412537544622668750e+14 4.768514598897026224e-01 7.405502414337431505e-01 -1.654953806705779851e+00 8.398674849052567906e-03 8.041447517307945506e-21 1.135884653131022148e-06 2.615471069660204340e-06 3.350143855405282040e-07 6.321915336893864721e+07 8.515599292663105774e+10 1.439833193055632137e+02
1.584893192461020000e+14 4.646389608767797497e-01 7.664946031932635684e-01 -1.640686732752005605e+00 6.517553046344179077e-03 5.009454016484603176e-21 7.939449568672961516e-07 1.828125822340436925e-06 2.239244632405126224e-07 4.673956523504118621e+07 8.517247251476495361e+10 1.646769517428524523e+02
1.778279410038820938e+14 4.526129384010332823e-01 7.927179593573734362e-01 -1.626216701292570344e+00 4.966784476873494815e-03 3.064642439880970912e-21 5.449790549971465712e-07 1.254860648030411894e-06 1.468498014812417301e-07 3.391737267591620237e+07 8.518529470732408142e+10 1.895434925608965671e+02
1.995262314968760312e+14 4.407740969612213844e-01 8.192227865696747324e-01 -1.611303941987402899e+00 3.711788392693250033e-03 1.838978602980510506e-21 3.669244704560909999e-07 8.448748159269292942e-07 9.435641488230842276e-08 2.412427334105218574e+07 8.519508780665895081e+10 2.196558915242951571e+02
2.238721138568200312e+14 4.291229090298179227e-01 8.460118998527548229e-01 -1.596250815653814881e+00 2.716170086048201506e-03 1.080519833311736210e-21 2.418982591477171989e-07 5.569913255347441837e-07 5.930976134576672345e-08 1.679253550215490535e+07 8.520241954449784851e+10 2.564235693549142070e+02
2.511886431509428125e+14 4.176592124056561217e-01 8.730894603061279957e-01 -1.581181112892473095e+00 1.943046299318743324e-03 6.205779985138731626e-22 1.558821454160276062e-07 3.589319042988753340e-07 3.641168059992633080e-08 1.142117441536008008e+07 8.520779090558464050e+10 3.017077215755241468e+02
2.818382931264288125e+14 4.063825596951782249e-01 9.004602977745831405e-01 -1.566048468212745348e+00 1.356384730216375189e-03 3.477792193539773968e-22 9.801750156756686814e-08 2.256936379620000039e-07 2.179604204340450824e-08 7.576956222432026640e+06 8.521163512377757263e+10 3.579926589361995752e+02
3.162277660168185625e+14 3.952932339351476476e-01 9.281274251043845069e-01 -1.550435545895939793e+00 9.221898313665065784e-04 1.898646547958001930e-22 6.004047563163032753e-08 1.382483041656642647e-07 1.269749349021293759e-08 4.893779670566390269e+06 8.521431830032943726e+10 4.286412871431226108e+02
3.548133892335528125e+14 3.843917389382459082e-01 9.560930929123360178e-01 -1.534568350628639832e+00 6.093861569262259839e-04 1.007498516594677798e-22 3.574739633207344651e-08 8.231142190758234992e-08 7.183500338381795381e-09 3.070700996526801959e+06 8.521614137900347900e+10 5.182682783821910562e+02
3.981071705534725000e+14 3.736778090746256664e-01 9.843613259112699021e-01 -1.518661426522896818e+00 3.904871080436952643e-04 5.183788765475117037e-23 2.063703478170177152e-08 4.751852865194613066e-08 3.937751574393596436e-09 1.867634457272992004e+06 8.521734444554272461e+10 6.332626812285831193e+02
4.466835921509360625e+14 3.631507834019222503e-01 1.012937149691691241e+00 -1.502831321351033811e+00 2.420327990042232336e-04 2.579474389374277242e-23 1.152208886107044425e-08 2.653059005165355090e-08 2.086523606803612503e-09 1.098428300856823102e+06 8.521811365169914246e+10 7.825742718123591430e+02
5.011872336272406875e+14 3.528104115441089705e-01 1.041824444105499792e+00 -1.486558252633941812e+00 1.447162793725255761e-04 1.238424006258015729e-23 6.206823017540194905e-09 1.429173815504037372e-08 1.065965401636268689e-09 6.230879014616734348e+05 8.521858899209854126e+10 9.789314855778800393e+02
5.623413251903122500e+14 3.426571136531300077e-01 1.071025000467920485e+00 -1.469866629655211199e+00 8.322815706686039611e-05 5.719865660689942150e-24 3.216516835542942782e-09 7.406303716885560750e-09 5.235143548381225607e-10 3.398952175475512631e+05 8.521887218478245544e+10 1.240767669107673555e+03
6.309573444801530000e+14 3.326905902391496528e-01 1.100542379377967617e+00 -1.453118979493738028e+00 4.589224413478154395e-05 2.532692534707898377e-24 1.598020956084003280e-09 3.679579231771118914e-09 2.463672811217067789e-10 1.777320128526022309e+05 8.521903434798715210e+10 1.595165162870845279e+03
7.079457843840938750e+14 3.229100371122283208e-01 1.130381517426537474e+00 -1.436524089988151065e+00 2.417636757366209039e-05 1.071194929120977100e-24 7.583479343248140066e-10 1.746160648879144521e-09 1.107237841054507876e-10 8.878589757475232182e+04 8.521912329410243225e+10 2.082506473299733443e+03
7.943282347242301250e+14 3.133146717861589603e-01 1.160547252289132913e+00 -1.419639123659870883e+00 1.212133879487805151e-05 4.312142694885387280e-25 3.425256694707294157e-10 7.886945004911073457e-10 4.735240537119474939e-11 4.221916306117267231e+04 8.521916986083694458e+10 2.764093003816692544e+03
8.912509381336857500e+14 3.039046609081428874e-01 1.191041242197260264e+00 -1.402153911322771451e+00 5.759979048349374124e-06 1.645667573073333299e-25 1.466702768357794138e-10 3.377207930273755781e-10 1.919202303323280037e-11 1.903225596305500221e+04 8.521919304774403381e+10 3.735021286502336807e+03
9.999999999999345000e+14 2.946797368920702209e-01 1.221866150027736131e+00 -1.384585400650694798e+00 2.582436327072834456e-06 5.925157375008109394e-26 5.925157375007720676e-11 1.364317904533651053e-10 7.338208446214334018e-12 8.096611861398627298e+03 8.521920398338813782e+10 5.146002410844742371e+03
1.122018454301891875e+15 2.856389349082893436e-01 1.253026731098652480e+00 -1.367146843007085222e+00 1.086914530461507918e-06 2.002298347909624314e-26 2.246615697372788340e-11 5.173023814457005249e-11 2.634157731265975591e-12 3.234760053973762297e+03 8.521920884523994446e+10 7.240792040126734719e+03
1.258925411794083750e+15 2.767809970466753033e-01 1.284528709883321573e+00 -1.349659008130709825e+00 4.270862072168618751e-07 6.316485407665073429e-27 7.951983992936073556e-12 1.831011980186187433e-11 8.831487826051848119e-13 1.207426130093840129e+03 8.521921087257386780e+10 1.042290329780411594e+04
1.412537544622657250e+15 2.681055848342566161e-01 1.316374402796216980e+00 -1.331453939423273836e+00 1.557406939855275883e-07 1.849807643508369242e-27 2.612922746785535457e-12 6.016476965893429794e-12 2.749838634113047534e-13 4.186867622878473867e+02 8.521921166131323242e+10 1.537791998690422406e+04
1.584893192461007250e+15 2.596124370129253012e-01 1.348565386929489129e+00 -1.313013510781518622e+00 5.236402906156333157e-08 4.994947452260185467e-28 7.916458213787619869e-13 1.822831867237764688e-12 7.900114258302571427e-14 1.339994268361485581e+02 8.521921194600057983e+10 2.330534532867984672e+04
1.778279410038806500e+15 2.513003982714160922e-01 1.381106249589373336e+00 -1.294658655596879981e+00 1.611647584440551662e-08 1.234433408660343237e-28 2.195167513684708130e-13 5.054559993635212351e-13 2.079394591799382745e-14 3.930353149277751612e+01 8.521921204069647217e+10 3.636534370468305133e+04
1.995262314968744250e+15 2.431678682713362127e-01 1.414003258213654357e+00 -1.276531140176443424e+00 4.504402087186696988e-09 2.769662532415502108e-29 5.526203276109549693e-14 1.272455328442470790e-13 4.976407612799685078e-15 1.048527617325309613e+01 8.521921206951472473e+10 5.857262457702153188e+04
2.238721138568182000e+15 2.352138832827155301e-01 1.447260037137157340e+00 -1.257698235884421090e+00 1.133333250757790350e-09 5.595865547897906444e-30 1.252758249066446491e-14 2.884582469425722095e-14 1.074123674337093870e-15 2.523626824885390807e+00 8.521921207747637939e+10 9.764467638186141266e+04
2.511886431509407500e+15 2.274381324075006594e-01 1.480877023036539786e+00 -1.238348556894109054e+00 2.542987516728393598e-10 1.008440957970673419e-30 2.533089159304883441e-15 5.832653337440244196e-15 2.071617235446608208e-16 5.429088178734016168e-01 8.521921207945709229e+10 1.690039394800925511e+05
2.818382931264265000e+15 2.198393802330824709e-01 1.514858089124786034e+00 -1.219064463592562486e+00 5.035467013158391785e-11 1.603519402398647570e-31 4.519331713671422455e-16 1.040614583419505269e-15 3.533002552316782621e-17 1.033134889246929977e-01 8.521921207989668274e+10 3.047558256637430750e+05
3.162277660168159500e+15 2.124158230088514510e-01 1.549209496113867823e+00 -1.200212542507897995e+00 8.697073320556297820e-12 2.223210661466515692e-32 7.030409408603239227e-17 1.618811590189490532e-16 5.267631962206590941e-18 1.719440010714438222e-02 8.521921207998280334e+10 5.747269007794575300e+05
3.548133892335499000e+15 2.051658030025033663e-01 1.583936831608099949e+00 -1.180853150146676800e+00 1.293494117723710117e-12 2.654718527924823592e-33 9.419296783541069993e-18 2.168873236026843107e-17 6.783846777261734775e-19 2.472707628719092617e-03 8.521921207999752808e+10 1.138084887931025121e+06
3.981071705534692500e+15 1.980887315655357472e-01 1.619040209452114798e+00 -1.160592159376024002e+00 1.633800347613173034e-13 2.693166983098897949e-34 1.072169087469525293e-18 2.468760557976358417e-18 7.444735477005627281e-20 3.031366493600556010e-04 8.521921207999969482e+10 2.377115275915009435e+06
4.466835921509324000e+15 1.911833400804384409e-01 1.654522415631687782e+00 -1.140354580692280129e+00 1.725772417641929404e-14 2.284546132620598986e-35 1.020469272953489510e-19 2.349717335761177168e-19 6.854047481244674912e-21 3.118932473063576200e-05 8.521921207999996948e+10 5.264425253556395881e+06
5.011872336272366000e+15 1.844476262066121197e-01 1.690389724598779342e+00 -1.120562392132197216e+00 1.498400595802236972e-15 1.592363132958588103e-36 7.980720735375143538e-21 1.837628859662328387e-20 5.203469269261776928e-22 2.647329917188516969e-06 8.521921208000000000e+10 1.243280156165240891e+07
5.623413251903077000e+15 1.778793528475486052e-01 1.726649751486867501e+00 -1.100692777246160992e+00 1.049054842331960768e-16 8.949106503547402419e-38 5.032452410474046985e-22 1.158764990155949481e-21 3.197058725669888664e-23 1.819342456320800547e-07 8.521921208000000000e+10 3.150768261673817039e+07
6.309573444801478000e+15 1.714775377986105520e-01 1.763302995889323821e+00 -1.079628647861075930e+00 5.801055556136315813e-18 3.974463449091940184e-39 2.507716903572459726e-23 5.774231559615133450e-23 1.557904612896496030e-24 9.920651066802622752e-09 8.521921208000000000e+10 8.626203756584462523e+07
7.079457843840881000e+15 1.652411253046909834e-01 1.800349506353964957e+00 -1.058434841628525191e+00 2.476562014696619299e-19 1.362659792339863804e-40 9.646892555367034779e-25 2.221279099170337303e-24 5.881474551346055512e-26 4.192802450825659936e-10 8.521921208000000000e+10 2.571409590031577647e+08
7.943282347242237000e+15 1.591680559805635498e-01 1.837794679093858630e+00 -1.037633830875996255e+00 7.955436462415895510e-21 3.514231147672170462e-42 2.791453023943318005e-26 6.427558120725035052e-26 1.675878504021105496e-27 1.337997429397927670e-11 8.521921208000000000e+10 8.418844536511118412e+08
8.912509381336785000e+15 1.532557732629325764e-01 1.875647032686601934e+00 -1.017336633709896798e+00 1.868232985847318531e-22 6.623175789912580026e-44 5.902911636183853702e-28 1.359195633873803401e-27 3.500908299300823528e-29 3.131509589728603513e-13 8.521921208000000000e+10 3.056842678955468178e+09
