# [1] m:            [M_sun/h] 
# [2] sigma 
# [3] ln(1/sigma) 
# [4] n_eff 
# [5] f(sigma) 
# [6] dn/dm:        [h^4/(Mpc^3*M_sun)] 
# [7] dn/dlnm:      [h^3/Mpc^3] 
# [8] dn/dlog10m:   [h^3/Mpc^3] 
# [9] n(>m):        [h^3/Mpc^3] 
# [11] rho(>m):     [M_sun*h^2/Mpc^3] 
# [11] rho(<m):     [M_sun*h^2/Mpc^3] 
# [12] Lbox(N=1):   [Mpc/h]
1.000000000000000000e+07 7.069230962496948045e+00 -1.955751699239171915e+00 -2.516550227174258580e+00 nan nan nan nan nan nan nan nan
1.122018454301963001e+07 7.003877409553433964e+00 -1.946463911351157705e+00 -2.515342399793555561e+00 nan nan nan nan nan nan nan nan
1.258925411794166267e+07 6.938966845960888641e+00 -1.937152893978470347e+00 -2.514138023199294913e+00 nan nan nan nan nan nan nan nan
1.412537544622752629e+07 6.874493911123270351e+00 -1.927818027915546129e+00 -2.512906992283254759e+00 nan nan nan nan nan nan nan nan
1.584893192461110838e+07 6.810455186692837337e+00 -1.918458958851724461e+00 -2.511612097271144872e+00 nan nan nan nan nan nan nan nan
1.778279410038919002e+07 6.746846955145576530e+00 -1.909075277994741748e+00 -2.510295397754528146e+00 nan nan nan nan nan nan nan nan
1.995262314968874678e+07 6.683664215345323178e+00 -1.899666372389434033e+00 -2.508972549403060803e+00 nan nan nan nan nan nan nan nan
2.238721138568333164e+07 6.620901515812234628e+00 -1.890231541313464936e+00 -2.507638659562521521e+00 nan nan nan nan nan nan nan nan
2.511886431509571895e+07 6.558554960417367852e+00 -1.880770298266519758e+00 -2.506239823006903400e+00 nan nan nan nan nan nan nan nan
2.818382931264443323e+07 6.496621314724847274e+00 -1.871282244025277208e+00 -2.504801537836156555e+00 nan nan nan nan nan nan nan nan
3.162277660168366507e+07 6.435095912881861224e+00 -1.861766745813759449e+00 -2.503349711651649212e+00 nan nan nan nan nan nan nan nan
3.548133892335738987e+07 6.373973464061271521e+00 -1.852223052833242400e+00 -2.501896268605507956e+00 nan nan nan nan nan nan nan nan
3.981071705534952879e+07 6.313249509072588417e+00 -1.842650521663650620e+00 -2.500384892548342730e+00 nan nan nan nan nan nan nan nan
4.466835921509607136e+07 6.252921026120841219e+00 -1.833048718747023464e+00 -2.498815086066697777e+00 nan nan nan nan nan nan nan nan
5.011872336272694170e+07 6.192983799855062088e+00 -1.823417006072486579e+00 -2.497224789290392710e+00 nan nan nan nan nan nan nan nan
5.623413251903456450e+07 6.133432811339172730e+00 -1.813754595055382390e+00 -2.495630999701516473e+00 nan nan nan nan nan nan nan nan
6.309573444801890850e+07 6.074263152984832104e+00 -1.804060690180440796e+00 -2.493993974527421997e+00 nan nan nan nan nan nan nan nan
7.079457843841329217e+07 6.015471691752788175e+00 -1.794334765596035330e+00 -2.492282848832468201e+00 nan nan nan nan nan nan nan nan
7.943282347242756188e+07 5.957054753790578694e+00 -1.784576190108518645e+00 -2.490542715304446819e+00 nan nan nan nan nan nan nan nan
8.912509381337386370e+07 5.899007586866672703e+00 -1.774784131147704391e+00 -2.488788457390606279e+00 nan nan nan nan nan nan nan nan
9.999999999999918044e+07 5.841325104319363248e+00 -1.764957672526449306e+00 -2.487007148044447113e+00 nan nan nan nan nan nan nan nan
1.122018454301956147e+08 5.784003794001412402e+00 -1.755096140803933835e+00 -2.485146141448008272e+00 nan nan nan nan nan nan nan nan
1.258925411794155836e+08 5.727040479632050207e+00 -1.745198901595584662e+00 -2.483238619650345758e+00 nan nan nan nan nan nan nan nan
1.412537544622738063e+08 5.670430689905169075e+00 -1.735265074273791175e+00 -2.481307318002476947e+00 nan nan nan nan nan nan nan nan
1.584893192461097836e+08 5.614169427295441217e+00 -1.725293656909922868e+00 -2.479360342419893559e+00 nan nan nan nan nan nan nan nan
1.778279410038908124e+08 5.558252679835281818e+00 -1.715283792653839345e+00 -2.477336878204255299e+00 nan nan nan nan nan nan nan nan
1.995262314968858361e+08 5.502677561155463692e+00 -1.705234803076480343e+00 -2.475245501263973580e+00 nan nan nan nan nan nan nan nan
2.238721138568310440e+08 5.447439989597819832e+00 -1.695145771639717358e+00 -2.473121908664224655e+00 nan nan nan nan nan nan nan nan
2.511886431509551406e+08 5.392535211969363473e+00 -1.685015629064095188e+00 -2.470983215579895642e+00 nan nan nan nan nan nan nan nan
2.818382931264426112e+08 5.337958771614072617e+00 -1.674843327388262804e+00 -2.468780066576241161e+00 nan nan nan nan nan nan nan nan
3.162277660168340802e+08 5.283707799857046972e+00 -1.664628086088079328e+00 -2.466489122950556556e+00 nan nan nan nan nan nan nan nan
3.548133892335702181e+08 5.229778718383362168e+00 -1.654368967121193190e+00 -2.464156857633553521e+00 nan nan nan nan nan nan nan nan
3.981071705534920692e+08 5.176167058260873866e+00 -1.644064832230474060e+00 -2.461799081137826750e+00 nan nan nan nan nan nan nan nan
4.466835921509580016e+08 5.122868149314031783e+00 -1.633714467619037158e+00 -2.459392892679898246e+00 nan nan nan nan nan nan nan nan
5.011872336272653341e+08 5.069878885517723255e+00 -1.623316928859715347e+00 -2.456887986117341605e+00 nan nan nan nan nan nan nan nan
5.623413251903399229e+08 5.017196228993084262e+00 -1.612871257552275450e+00 -2.454325158166575704e+00 nan nan nan nan nan nan nan nan
6.309573444801839590e+08 4.964816008788412560e+00 -1.602376239164646110e+00 -2.451724537077194288e+00 nan nan nan nan nan nan nan nan
7.079457843841286898e+08 4.912733631125199452e+00 -1.591830534563278388e+00 -2.449088544926806499e+00 nan nan nan nan nan nan nan nan
7.943282347242691517e+08 4.860945624438216761e+00 -1.581232991915219266e+00 -2.446353218449344613e+00 nan nan nan nan nan nan nan nan
8.912509381337294579e+08 4.809449370776693655e+00 -1.570582601634799014e+00 -2.443536538233947120e+00 nan nan nan nan nan nan nan nan
9.999999999999836683e+08 4.758241113742593953e+00 -1.559878086036614597e+00 -2.440672090010719053e+00 nan nan nan nan nan nan nan nan
1.122018454301946878e+09 4.707316553232430145e+00 -1.549118011747357304e+00 -2.437776290488367081e+00 nan nan nan nan nan nan nan nan
1.258925411794145584e+09 4.656671885570409231e+00 -1.538301005338230665e+00 -2.434790255507943701e+00 nan nan nan nan nan nan nan nan
1.412537544622726679e+09 4.606304720388394003e+00 -1.527425956480799929e+00 -2.431699739634265445e+00 nan nan nan nan nan nan nan nan
1.584893192461085081e+09 4.556211873782108235e+00 -1.516491548845632753e+00 -2.428551684105720199e+00 nan nan nan nan nan nan nan nan
1.778279410038893700e+09 4.506389457093944451e+00 -1.505496269054964920e+00 -2.425364292075170791e+00 nan nan nan nan nan nan nan nan
1.995262314968842030e+09 4.456833556162282051e+00 -1.494438548901446895e+00 -2.422103082342701441e+00 nan nan nan nan nan nan nan nan
2.238721138568292141e+09 4.407541811922315311e+00 -1.483317121784270887e+00 -2.418721628947059887e+00 nan nan nan nan nan nan nan nan
2.511886431509531021e+09 4.358511746224782435e+00 -1.472130656481299260e+00 -2.415268783975238698e+00 nan nan nan nan nan nan nan nan
2.818382931264402866e+09 4.309739950093980809e+00 -1.460877565890233543e+00 -2.411763404868371818e+00 nan nan nan nan nan nan nan nan
3.162277660168314457e+09 4.261222732745569175e+00 -1.449556145563159371e+00 -2.408200845559352654e+00 nan nan nan nan nan nan nan nan
3.548133892335673332e+09 4.212957674236244898e+00 -1.438164936479820577e+00 -2.404515159027930782e+00 nan nan nan nan nan nan nan nan
3.981071705534887791e+09 4.164943008604523378e+00 -1.426702592116909640e+00 -2.400735314111417829e+00 nan nan nan nan nan nan nan nan
4.466835921509543419e+09 4.117175961968654541e+00 -1.415167482211723060e+00 -2.396893609163798011e+00 nan nan nan nan nan nan nan nan
5.011872336272612572e+09 4.069653374449339722e+00 -1.403557829844712224e+00 -2.393005622236410446e+00 nan nan nan nan nan nan nan nan
5.623413251903352737e+09 4.022372822598092590e+00 -1.391871982876967451e+00 -2.389003256490064953e+00 nan nan nan nan nan nan nan nan
6.309573444801788330e+09 3.975333168769511705e+00 -1.380108560636571280e+00 -2.384883949870414632e+00 2.591881499971638303e-01 5.687985296815899492e-11 3.588876098321261976e-01 8.263692604597171476e-01 3.915125602077136890e-01 3.589186338517102051e+10 4.932734869482897949e+10 1.366946236297045925e+00
7.079457843841228485e+09 3.928532498307355514e+00 -1.368265946046348436e+00 -2.380695752303505941e+00 2.596972154523733978e-01 4.557824681830576723e-11 3.226692769463862520e-01 7.429734670639163152e-01 3.522789920196230384e-01 3.563001621315680695e+10 4.958919586684319305e+10 1.415916855175540556e+00
7.943282347242626190e+09 3.881968397993511566e+00 -1.356342344062861915e+00 -2.376460770003620215e+00 2.602139039636441331e-01 3.652418592329342195e-11 2.901219212919042834e-01 6.680304111175306980e-01 3.170038950650870269e-01 3.536586112537624359e+10 4.985335095462375641e+10 1.466600404721080331e+00
8.912509381337221146e+09 3.835638666708464761e+00 -1.344335957253058655e+00 -2.372132164722160041e+00 2.607382522155765048e-01 2.927246190642274943e-11 2.608910913558292188e-01 6.007239378508801853e-01 2.852850363408768741e-01 3.509935332778272247e+10 5.011985875221727753e+10 1.519055596495912708e+00
9.999999999999753952e+09 3.789542674363182595e+00 -1.332245345418621163e+00 -2.367670236376776316e+00 2.612702690926523297e-01 2.346496339776114011e-11 2.346496339776056317e-01 5.403007492733439276e-01 2.567594191627713962e-01 3.483042919717214203e+10 5.038878288282785797e+10 1.573347080095836237e+00
1.122018454301937675e+10 3.743679572206966899e+00 -1.320068970606366632e+00 -2.363132621183107851e+00 2.618099539949300114e-01 1.881141319199057405e-11 2.110675275291234443e-01 4.860009425036700415e-01 2.311018768683462121e-01 3.455902850327949524e+10 5.066018357672050476e+10 1.629541814806257705e+00
1.258925411794135284e+10 3.698047817267648973e+00 -1.307805063456685124e+00 -2.358539932925511007e+00 2.623573015354448978e-01 1.508165648987789200e-11 1.898668060705721861e-01 4.371844773124909378e-01 2.080222413729422848e-01 3.428510733467252350e+10 5.093410474532747650e+10 1.687705799812886820e+00
1.412537544622714996e+10 3.652645764480270341e+00 -1.295451771986113387e+00 -2.353879430416150775e+00 2.629122936023536861e-01 1.209235045598279393e-11 1.708089902181130493e-01 3.933022346255929391e-01 1.872600735744902878e-01 3.400862312944169998e+10 5.121058895055830383e+10 1.747906792640749218e+00
1.584893192461071968e+10 3.607473193736602024e+00 -1.283007580934636405e+00 -2.349084562968152490e+00 2.634748787265784320e-01 9.697282524931216678e-12 1.536915705913519947e-01 3.538879193624892006e-01 1.685803197247883189e-01 3.372951594767058182e+10 5.148969613232942200e+10 1.810218680519103840e+00
1.778279410038879013e+10 3.562530387377388141e+00 -1.270471075348534429e+00 -2.344198131045772016e+00 2.640449805370483349e-01 7.777442878931837516e-12 1.383046653435798801e-01 3.184582607116572817e-01 1.517716652229347263e-01 3.344772036710254288e+10 5.177149171289746094e+10 1.874720090761953895e+00
1.995262314968825912e+10 3.517816778045525172e+00 -1.257840563675838963e+00 -2.339252573105730537e+00 2.646225129262654296e-01 6.238045439728863861e-12 1.244653698495414018e-01 2.865921052095445898e-01 1.366454060749047461e-01 3.316318681828441620e+10 5.205602526171558380e+10 1.941489240748236256e+00
2.238721138568273544e+10 3.473331554429289536e+00 -1.245114235496506572e+00 -2.334262196304972115e+00 2.652073709555962666e-01 5.003513470563731359e-12 1.120147137366213075e-01 2.579234100459396051e-01 1.230325181935176954e-01 3.287587556391100693e+10 5.234333651608898926e+10 2.010604710188660604e+00
2.511886431509510422e+10 3.429074856401650440e+00 -1.232290503630853351e+00 -2.329150235953750148e+00 2.657994127820806907e-01 4.013890795344179623e-12 1.008243782638596209e-01 2.321567104007560556e-01 1.107805151823503531e-01 3.258573309365075684e+10 5.263347898634924316e+10 2.082150926395296420e+00
2.818382931264379883e+10 3.385047953801168408e+00 -1.219368072822584415e+00 -2.323927944852839822e+00 2.663984536850304008e-01 3.220408385791612617e-12 9.076344026215754646e-02 2.089905445364995673e-01 9.975183380891901319e-02 3.229269142506154251e+10 5.292652065493846130e+10 2.156219837104796699e+00
3.162277660168288803e+10 3.341251341417310172e+00 -1.206345389942608870e+00 -2.318645717949016305e+00 2.670042887192272119e-01 2.583910644040744101e-12 8.171042905521100352e-02 1.881452158846764200e-01 8.982343979838965098e-02 3.199669572591730118e+10 5.322251635408270264e+10 2.232904278482448213e+00
3.548133892335644531e+10 3.297685124522353295e+00 -1.193220744904562869e+00 -2.313329578074905246e+00 2.676166852788499084e-01 2.073231467861329618e-12 7.356102837775560510e-02 1.693805273679320489e-01 8.088529621707447881e-02 3.169770767518842697e+10 5.352150440481156921e+10 2.312296241338972713e+00
3.981071705534854889e+10 3.254349774257277783e+00 -1.179992493572479262e+00 -2.307917959249551121e+00 2.682353695562239015e-01 1.663642042889149275e-12 6.623078265084195171e-02 1.525020128291573462e-01 7.283823271214727446e-02 3.139568111564664841e+10 5.382353096435334778e+10 2.394492788268876904e+00
4.466835921509506989e+10 3.211247217717799085e+00 -1.166659403024391084e+00 -2.302379321482272978e+00 2.688600068555272449e-01 1.335155394258963165e-12 5.963920075873124782e-02 1.373243346251337704e-01 6.559257402579002361e-02 3.109054943586859512e+10 5.412866264413140869e+10 2.479600842840384622e+00
5.011872336272570801e+10 3.168378961862226895e+00 -1.153220088598007731e+00 -2.296778839495748237e+00 2.694902242084370458e-01 1.071571638084882713e-12 5.370580249251907107e-02 1.236621802265568809e-01 5.906791115449777640e-02 3.078225335313820267e+10 5.443695872686180115e+10 2.567730633505801663e+00
5.623413251903306580e+10 3.125745874411333336e+00 -1.139672934520496783e+00 -2.291140540696054995e+00 2.701256102195898068e-01 8.600271551531074108e-13 4.836288101284685198e-02 1.113596488744259400e-01 5.319236542697323294e-02 3.047075325680611038e+10 5.474845882319389343e+10 2.658991192663650693e+00
6.309573444801736450e+10 3.083348722429609889e+00 -1.126016253902020647e+00 -2.285437710880715123e+00 2.707657032954300935e-01 6.902716073184085364e-13 4.355319403236842385e-02 1.002849353312087743e-01 4.790125082183238625e-02 3.015600913428431320e+10 5.506320294571568298e+10 2.753495569213039840e+00
7.079457843841171265e+10 3.041189624823038340e+00 -1.112248762825827519e+00 -2.279601117877980254e+00 2.714099648153682209e-01 5.540960868246669025e-13 3.922699888112586575e-02 9.032350286657453431e-02 4.313603986688782643e-02 2.983795998535145569e+10 5.538125209464854431e+10 2.851367811930104246e+00
7.943282347242561340e+10 2.999270847136691565e+00 -1.098369208172003564e+00 -2.273687113431928086e+00 2.720577917487533859e-01 4.448065587929941084e-13 3.533224086398100566e-02 8.135549111547772660e-02 3.884406501733653899e-02 2.951654221853125763e+10 5.570266986146874237e+10 2.952739332634651603e+00
8.912509381337149048e+10 2.957593727875210465e+00 -1.084376007957488230e+00 -2.267726202384666045e+00 2.727085281863725341e-01 3.570742050265609150e-13 3.182427202132728783e-02 7.327809435169570229e-02 3.497822538065721576e-02 2.919171188358505249e+10 5.602750019641494751e+10 3.057741325096403617e+00
9.999999999999673462e+10 2.916159241556565807e+00 -1.070267422242662025e+00 -2.261725081120246728e+00 2.733614514963092490e-01 2.866432045895551921e-13 2.866432045895458275e-02 6.600203698959307419e-02 3.149622209712501369e-02 2.886343386527207565e+10 5.635577821472792053e+10 3.166507433731303056e+00
1.122018454301928558e+11 2.874969261961423328e+00 -1.056041982700480553e+00 -2.255593631012833722e+00 2.740157462593090787e-01 2.301292724690561689e-13 2.582092905853577633e-02 5.945488633744126089e-02 2.835979901394916625e-02 2.853165507362551880e+10 5.668755700637448120e+10 3.279182722678096074e+00
1.258925411794125061e+11 2.834026392110949200e+00 -1.041698453896597210e+00 -2.249355331468927410e+00 2.746704998722532265e-01 1.847705222522017079e-13 2.326123058137685717e-02 5.356096278137557204e-02 2.553440278597875895e-02 2.819630823163885498e+10 5.702290384836114502e+10 3.395925064538144245e+00
1.412537544622703552e+11 2.793332241260720661e+00 -1.027235234869023017e+00 -2.243059948819849936e+00 2.753247230397031231e-01 1.483518478972022500e-13 2.095525549689548558e-02 4.825125892703308050e-02 2.298909724326855461e-02 2.785734330180041122e+10 5.736186877819958496e+10 3.516894664927944447e+00
1.584893192461058960e+11 2.752887893472928393e+00 -1.012650503745028407e+00 -2.236733014820138532e+00 2.759773351137934649e-01 1.191066907335004009e-13 1.887713833200894628e-02 4.346621732167028906e-02 2.069616033705097904e-02 2.751472823493817902e+10 5.770448384506182098e+10 3.642252694324118245e+00
1.778279410038864746e+11 2.712694764785775092e+00 -9.979425189748883929e-01 -2.230290746707652261e+00 2.766271421657607310e-01 9.563299603340364810e-14 1.700621877665301276e-02 3.915826584331666416e-02 1.863054825792631250e-02 2.716841911039531326e+10 5.805079296960469055e+10 3.772171720086085145e+00
1.995262314968809509e+11 2.672755443766636763e+00 -9.831099416755140208e-01 -2.223709109537081563e+00 2.772728145673056810e-01 7.679236535196598528e-14 1.532209126640942526e-02 3.528041894352860336e-02 1.676958113825518723e-02 2.681834903975448227e+10 5.840086304024551392e+10 3.906842723088782332e+00
2.238721138568255310e+11 2.633071810744552099e+00 -9.681511534975790756e-01 -2.217058612600819600e+00 2.779129081891834607e-01 6.166294094417846676e-14 1.380461293580183095e-02 3.178629596053007128e-02 1.509291326565372938e-02 2.646446318210958481e+10 5.875474889789041138e+10 4.046463629710182808e+00
2.511886431509489746e+11 2.593645068557632438e+00 -9.530642486826732540e-01 -2.210367488129703073e+00 2.785458539779681608e-01 4.951171662960545323e-14 1.243678092026487096e-02 2.863674635183466322e-02 1.358233720784461813e-02 2.610673091389113998e+10 5.911248116610885620e+10 4.191233247117381211e+00
2.818382931264356689e+11 2.554476316412916059e+00 -9.378472384256802963e-01 -2.203587700070419597e+00 2.791699378530244080e-01 3.975510205866377127e-14 1.120451010728104602e-02 2.579933794732645544e-02 1.222143510036559529e-02 2.574511924311009598e+10 5.947409283688990784e+10 4.341361308545270248e+00
3.162277660168262939e+11 2.515567949343423759e+00 -9.224986028457606846e-01 -2.196646877119079022e+00 2.797832671323399190e-01 3.192379311367448081e-14 1.009518977912062486e-02 2.324503349634900531e-02 1.099532581427371467e-02 2.537957008350001526e+10 5.983964199649998474e+10 4.497080195865661878e+00
3.548133892335615234e+11 2.476922249196839232e+00 -9.070167609135809661e-01 -2.189618851929832744e+00 2.803837814757293434e-01 2.563471433948286104e-14 9.095539876826094078e-03 2.094325453311266308e-02 9.890618613537177986e-03 2.501002828009972763e+10 6.020918379990026855e+10 4.658636747897936026e+00
3.981071705534822998e+11 2.438540613551108738e+00 -8.913997511660839423e-01 -2.182534719285749603e+00 2.809692519131803401e-01 2.058327022534779265e-14 8.194347470150947083e-03 1.886818233158304298e-02 8.895332691919789411e-03 2.463646563500001526e+10 6.058274644499998474e+10 4.826280969579075375e+00
4.466835921509470215e+11 2.400424107602485702e+00 -8.756454332432974663e-01 -2.175390861059331549e+00 2.815372578028297879e-01 1.652609648545524681e-14 7.381936142356290351e-03 1.699753611882356616e-02 7.998689730659628086e-03 2.425886365568038559e+10 6.096034842431961060e+10 5.000273002588696336e+00
5.011872336272529907e+11 2.362574817651549086e+00 -8.597520487315299942e-01 -2.168083013186024033e+00 2.820851521577485976e-01 1.326925326921913047e-14 6.650380338299319120e-03 1.531306662970871244e-02 7.190924661946323723e-03 2.387718280583626175e+10 6.134202927416374207e+10 5.180898536519509712e+00
5.623413251903260498e+11 2.324995363535798720e+00 -8.437180448591801163e-01 -2.160653874420851661e+00 2.826100553428876894e-01 1.065405573184228622e-14 5.991215818895780434e-03 1.379528423349953882e-02 6.463215890366120694e-03 2.349137350784284210e+10 6.172783857215715790e+10 5.368468951431806246e+00
6.309573444801684570e+11 2.287687367756501278e+00 -8.275414242148967370e-01 -2.153156423124531038e+00 2.831088609837459358e-01 8.553481579672895685e-15 5.396882023570446357e-03 1.242678009612085098e-02 5.807664282125613378e-03 2.310141284316457367e+10 6.211779923683542633e+10 5.563304513074631252e+00
7.079457843841113281e+11 2.250651975402417460e+00 -8.112199410875435834e-01 -2.145617597101035834e+00 2.835782098452492295e-01 6.866120414975529099e-15 4.860841002855611007e-03 1.119250003258955885e-02 5.217182278907855908e-03 2.270730155854761887e+10 6.251191052145237732e+10 5.765734805641262284e+00
7.943282347242496338e+11 2.213890830913578078e+00 -7.947515245402870798e-01 -2.137927307122040155e+00 2.840144588362126243e-01 5.511510037281297672e-15 4.377948038578636375e-03 1.008059789153369079e-02 4.685354830804776619e-03 2.230902688997417831e+10 6.291018519002581787e+10 5.976118096959394776e+00
8.912509381337076416e+11 2.177406636274088036e+00 -7.781345522577115537e-01 -2.130076097392648471e+00 2.844136584680104773e-01 4.424029119245696316e-15 3.942920102858567082e-03 9.078909051708687269e-03 4.206367157223719205e-03 2.190655464653135681e+10 6.331265743346864319e+10 6.194852078767853598e+00
9.999999999999591064e+11 2.141201272388669974e+00 -7.613670137778382196e-01 -2.122143729161189096e+00 2.847715569071283537e-01 3.550637123722669491e-15 3.550637123722524130e-03 8.175644111714739162e-03 3.775003328138135453e-03 2.149987388849934769e+10 6.371933819150065613e+10 6.422353707070694639e+00
1.122018454301919434e+12 2.105276004398585865e+00 -7.444465770182064901e-01 -2.114167429106951879e+00 2.850835745612886329e-01 2.849115821338007493e-15 3.196760529984815028e-03 7.360813142214780655e-03 3.386591896789899279e-03 2.108900858110066223e+10 6.413020349889933777e+10 6.659051572107482109e+00
1.258925411794114746e+12 2.069632106631746904e+00 -7.273708652172369282e-01 -2.106070294898441553e+00 2.853447753067171466e-01 2.285912266452347841e-15 2.877793041368740048e-03 6.626363357777658759e-03 3.036912484290089920e-03 2.067398194602264404e+10 6.454523013397735596e+10 6.905406369480469486e+00
1.412537544622691895e+12 2.034272147695801891e+00 -7.101380879365183363e-01 -2.097778818425379832e+00 2.855498384046508686e-01 1.833923441232432463e-15 2.590485714704457952e-03 5.964813790292511353e-03 2.722133055588337163e-03 2.025479142991366959e+10 6.496442065008633423e+10 7.161932390240345114e+00
1.584893192461046143e+12 1.999198367601677795e+00 -6.927462840125007126e-01 -2.089389579554077336e+00 2.856930531274805007e-01 1.471019941458258095e-15 2.331409491191639878e-03 5.368268740082703279e-03 2.438805992328957773e-03 1.983145002974042511e+10 6.538776205025957489e+10 7.429180592130760097e+00
1.778279410038850098e+12 1.964412165723057546e+00 -6.751930482624607377e-01 -2.080937708464377423e+00 2.857682961845459668e-01 1.179628501670539061e-15 2.097709076015699062e-03 4.830153647872062646e-03 2.183845432630089536e-03 1.940401264572059250e+10 6.581519943427940369e+10 7.707721860689598969e+00
1.995262314968793213e+12 1.929914632781921879e+00 -6.574757702193313458e-01 -2.072402498683441507e+00 2.857690026028614771e-01 9.457164716038283307e-16 1.886952436436373486e-03 4.344868551327188758e-03 1.954469877650109183e-03 1.897254976413831711e+10 6.624666231586167908e+10 7.998164636177258480e+00
2.238721138568236816e+12 1.895707984225473819e+00 -6.395923752123147121e-01 -2.063660272901824744e+00 2.856881452785687836e-01 7.580745795489249699e-16 1.697117585847406768e-03 3.907757654230281479e-03 1.748154222511173143e-03 1.853711146041623688e+10 6.668210061958376312e+10 8.301184863227538457e+00
2.511886431509469238e+12 1.861794757863457495e+00 -6.215409460681100562e-01 -2.054781232514899525e+00 2.855182233908256650e-01 6.075086034620884888e-16 1.525992618061686569e-03 3.513727854367796038e-03 1.562617084796221996e-03 1.809774983575797653e+10 6.712146224424201965e+10 8.617523516227061364e+00
2.818382931264333984e+12 1.828176480359809730e+00 -6.033190112384123616e-01 -2.045823342253474841e+00 2.852512367200359944e-01 4.866789789106875530e-16 1.371647727167036581e-03 3.158335609413982781e-03 1.395815498201678165e-03 1.765456272340347672e+10 6.756464935659652710e+10 8.947959188577643275e+00
3.162277660168236816e+12 1.794854222155369161e+00 -5.849238053583479813e-01 -2.036813197005148623e+00 2.848786604732845840e-01 3.897236005176153653e-16 1.232414235557185338e-03 2.837738647187627514e-03 1.245913641786638559e-03 1.720768480584912491e+10 6.801152727415087891e+10 9.293315606947622598e+00
3.548133892335586426e+12 1.761829725304846050e+00 -5.663528856733994754e-01 -2.027604615284055001e+00 2.843914394398590062e-01 3.119935907128350880e-16 1.106995033399687470e-03 2.548950261924566151e-03 1.111246419058834270e-03 1.675724144725888634e+10 6.846197063274111176e+10 9.654501962709286289e+00
3.981071705534790039e+12 1.729105655831211896e+00 -5.476043128915133451e-01 -2.018209338461781410e+00 2.837799920055184000e-01 2.496818267805792295e-16 9.940012559824025918e-04 2.288772474442439010e-03 9.903033506496595854e-04 1.630334684344334221e+10 6.891586523655665588e+10 1.003253269763157896e+01
4.466835921509433594e+12 1.696683742375492576e+00 -5.286756061121404837e-01 -2.008720913128554830e+00 2.830341748076738995e-01 1.997197829272834366e-16 8.921155006156560995e-04 2.054171852946530281e-03 8.817297424649359278e-04 1.584616144444072342e+10 6.937305063555928040e+10 1.042849177917208614e+01
5.011872336272489258e+12 1.664565119185829278e+00 -5.095638996382618746e-01 -1.999188199087267970e+00 2.821432692499334927e-01 1.596645039391113989e-16 8.002181103771023162e-04 1.842570292098179817e-03 7.843111888388185982e-04 1.538590205203323746e+10 6.983331002796676636e+10 1.084352611641790531e+01
5.623413251903214844e+12 1.632751055177817934e+00 -4.902663560584625269e-01 -1.989491417212964297e+00 2.810959925593779496e-01 1.275795085294409093e-16 7.174322989357572768e-04 1.651948916761922757e-03 6.969482086173164241e-04 1.492279408941847610e+10 7.029641799058152771e+10 1.127889355357016044e+01
6.309573444801632812e+12 1.601244100907647239e+00 -4.707808901674679358e-01 -1.979558570845339371e+00 2.798805544118039279e-01 1.018936388046686530e-16 6.429053975961464750e-04 1.480344384710297013e-03 6.186408760805112497e-04 1.445704576319559097e+10 7.076216631680441284e+10 1.173600977610381335e+01
7.079457843841054688e+12 1.570046267434467513e+00 -4.511050886294760143e-01 -1.969516194940995835e+00 2.784846240983409049e-01 8.132585850273788563e-17 5.757429868843154429e-04 1.325697218995691186e-03 5.484898359878618212e-04 1.398890678333292770e+10 7.123030529666706848e+10 1.221641577957877622e+01
7.943282347242431641e+12 1.539158759852879088e+00 -4.312360073354840062e-01 -1.959411712572997288e+00 2.768953268395617506e-01 6.486057935526807627e-17 5.152058950246178127e-04 1.186305413706340364e-03 4.856897701703112927e-04 1.351869737266520500e+10 7.170051470733479309e+10 1.272175462084637054e+01
8.912509381337003906e+12 1.508582519763774776e+00 -4.111704813119140267e-01 -1.949194155697850928e+00 2.750992856479745341e-01 5.168900906016978004e-17 4.606787781607765480e-04 1.060752087251715060e-03 4.295133326463601293e-04 1.304676932816432190e+10 7.217244275183567810e+10 1.325382148649435621e+01
9.999999999999509766e+12 1.478319733986428020e+00 -3.909061279438570957e-01 -1.938713675582305562e+00 2.730827641091440050e-01 4.116357846673900265e-17 4.116357846673698558e-04 9.478264215179928480e-04 3.792988699271176187e-04 1.257346364956224442e+10 7.264574843043775940e+10 1.381463719298695914e+01
1.122018454301910156e+13 1.448372694544453054e+00 -3.704406465806184268e-01 -1.928082679461801785e+00 2.708316906748878261e-01 3.275269443181343968e-17 3.674912758060609416e-04 8.461799334763994403e-04 3.344487110522579741e-04 1.209914966892763901e+10 7.312006241107235718e+10 1.440644496469759162e+01
1.258925411794104297e+13 1.418742654375513945e+00 -3.497710247014949592e-01 -1.917368336701742004e+00 2.683316469873491261e-01 2.603387917845697453e-17 3.277471206533690549e-04 7.546656342881686045e-04 2.944275718581439464e-04 1.162427535756924820e+10 7.359493672243075562e+10 1.503166797059722271e+01
1.412537544622680273e+13 1.389430402845756918e+00 -3.288938810336064500e-01 -1.906591035569184855e+00 2.655679779667297069e-01 2.067019630543793379e-17 2.919742833615209541e-04 6.722956324058576615e-04 2.587535401907934307e-04 1.114934771600119591e+10 7.406986436399880981e+10 1.569294911506838197e+01
1.584893192461033008e+13 1.360437581400787188e+00 -3.078063990271888706e-01 -1.895553040075119045e+00 2.625260326787734466e-01 1.639470111783290124e-17 2.598385019408665578e-04 5.983002611549437678e-04 2.269886428517735115e-04 1.067487650779838562e+10 7.454433557220161438e+10 1.639325862834400382e+01
1.778279410038835547e+13 1.331766605408762461e+00 -2.865063356005829176e-01 -1.884299753622015627e+00 2.591913469528844827e-01 1.298835922778568887e-17 2.309693178495920009e-04 5.318265082194741002e-04 1.987354736174131787e-04 1.020138197274047089e+10 7.501783010725952148e+10 1.713595061813001763e+01
1.995262314968776953e+13 1.303418827591829920e+00 -2.649906797955730031e-01 -1.872946808604439184e+00 2.555496199975599292e-01 1.027556987151609068e-17 2.050245732946461247e-04 4.720865261657173121e-04 1.736376477577835059e-04 9.729463826654844284e+09 7.548974825334515381e+10 1.792470576251578152e+01
2.238721138568218750e+13 1.275394997899679916e+00 -2.432559329058326669e-01 -1.861558836631590275e+00 2.515869232681761658e-01 8.116801375479228882e-18 1.817125481684494321e-04 4.184086046226341820e-04 1.513752694880748202e-04 9.259804665957221985e+09 7.595940741404278564e+10 1.876355063526352041e+01
2.511886431509448438e+13 1.247696152373048761e+00 -2.212987726543754752e-01 -1.849948359728847525e+00 2.472900375314910915e-01 6.401919756990425997e-18 1.608089537319651709e-04 3.702762996831922737e-04 1.316581468804292523e-04 8.793106615754409790e+09 7.642610546424559021e+10 1.965700828303647185e+01
2.818382931264310938e+13 1.220324590640722962e+00 -1.991168812602699401e-01 -1.838051122357082345e+00 2.426469120983593408e-01 5.041363976595120798e-18 1.420849418192645893e-04 3.271626689719649367e-04 1.142221726640503938e-04 8.330066191989111900e+09 7.688914588801089478e+10 2.061024689865384474e+01
3.162277660168211328e+13 1.193281851777450608e+00 -1.767073698452840957e-01 -1.826037387333925288e+00 2.376466761666467253e-01 3.962527366682865975e-18 1.253061176946639608e-04 2.885279986646906679e-04 9.882990597313406336e-05 7.871447360367149353e+09 7.734776471963284302e+10 2.162903811424772726e+01
3.548133892335557031e+13 1.166568671661944334e+00 -1.540666805810869400e-01 -1.813979761978739891e+00 2.322799162644092752e-01 3.108064512914512414e-18 1.102782903783738563e-04 2.539251475061123650e-04 8.526857731886404446e-05 7.418105843743866920e+09 7.780110623625613403e+10 2.271975589928369743e+01
3.981071705534757812e+13 1.140185580075265381e+00 -1.311910386973313136e-01 -1.801770937089204105e+00 2.265391219660926325e-01 2.432592291273522642e-18 9.684324341890987377e-05 2.229898086535756223e-04 7.334570341487189221e-05 6.970931133784843445e+09 7.824828094621514893e+10 2.388957593685042369e+01
4.466835921509397656e+13 1.114134482371698320e+00 -1.080778544808355113e-01 -1.789223965040033004e+00 2.204194621651863195e-01 1.899765597179521062e-18 8.485941211929236847e-05 1.953960173461208750e-04 6.288605776487952992e-05 6.530796042021123886e+09 7.868841603797888184e+10 2.514675071545251939e+01
5.011872336272448438e+13 1.088417144166833994e+00 -8.472447951810667399e-02 -1.776520700025950861e+00 2.139189533985651481e-01 1.479899267288080774e-18 7.417066198190997892e-05 1.707842606170461425e-04 5.373155081580039853e-05 6.098608326906414986e+09 7.912060375309358215e+10 2.650067126707674348e+01
5.623413251903168750e+13 1.063034248039733454e+00 -6.112731712842676274e-02 -1.763746827428858577e+00 2.070386570683672711e-01 1.149595685573435190e-18 6.464651612584363305e-05 1.488541043453667603e-04 4.574059169174011120e-05 5.675354063348109245e+09 7.954385801665188599e+10 2.796186109236263917e+01
6.309573444801581250e+13 1.037985995314488763e+00 -3.728229266278401677e-02 -1.750904028663016865e+00 1.997832503922614411e-01 8.903097846909637787e-19 5.617474975133118390e-05 1.293471413800861662e-04 3.878556054860381988e-05 5.262055705500935555e+09 7.995715637449906921e+10 2.954223232465988858e+01
7.079457843840996875e+13 1.013273648054952902e+00 -1.318632506958050156e-02 -1.737713851655964037e+00 1.921619705244853038e-01 6.874031598640339716e-19 4.866441691980521870e-05 1.120539609587907238e-04 3.275053299013192508e-05 4.859704060186949730e+09 8.035950801981304932e+10 3.125555458693361643e+01
7.943282347242367188e+13 9.888990771369421395e-01 1.116299792844733206e-02 -1.724282501759127006e+00 1.841890589830377511e-01 5.289378014295543481e-19 4.201502300884567314e-05 9.674316566196989220e-05 2.753060482461293170e-05 4.469269166971393585e+09 8.074994291302861023e+10 3.311779517391529737e+01
8.912509381336929688e+13 9.648629399322763422e-01 3.576921888879409234e-02 -1.710761900874457009e+00 1.758836480693229676e-01 4.054570536590476691e-19 3.613639794465493127e-05 8.320713122186311939e-05 2.303184740251712471e-05 4.091758512564381123e+09 8.112745356743562317e+10 3.514717376494633072e+01
9.999999999999428125e+13 9.411652467893379947e-01 6.063654717387009091e-02 -1.697239123690341023e+00 1.672702960995255395e-01 3.095065165850501173e-19 3.095065165850324150e-05 7.126650912732100944e-05 1.917000639378753572e-05 3.728196155343843460e+09 8.149101592465615845e+10 3.736450622764110818e+01
1.122018454301901094e+14 9.178064932464914394e-01 8.576870225182195440e-02 -1.683410212991329091e+00 1.583797452718195831e-01 2.352536585651993443e-19 2.639589463521921562e-05 6.077879350329727610e-05 1.586887382802209162e-05 3.379542562673292637e+09 8.183966951732670593e+10 3.979403378233714506e+01
1.258925411794094062e+14 8.947884180519471986e-01 1.111679930664415117e-01 -1.669235342046607284e+00 1.492495520271640563e-01 1.779920310811212470e-19 2.240786910248677644e-05 5.159602536114792022e-05 1.305950335641097357e-05 3.046666374134229660e+09 8.217254570586576843e+10 4.246434662414150552e+01
1.412537544622668750e+14 8.721117443587662610e-01 1.368377160828884997e-01 -1.654953806705779851e+00 1.399233866408147453e-01 1.339719170391539548e-19 1.892403627428784093e-05 4.357420382445376805e-05 1.068024762677094187e-05 2.730402008249722958e+09 8.248881007175027466e+10 4.540875129278907707e+01
1.584893192461020000e+14 8.497763533344766529e-01 1.627820778424088621e-01 -1.640686732752005605e+00 1.304510229063557403e-01 1.002659120694572597e-19 1.589107614747780299e-05 3.659055504881563890e-05 8.676128654939215334e-06 2.431546207038924694e+09 8.278766587296107483e+10 4.866589023119713886e+01
1.778279410038820938e+14 8.277820085096817548e-01 1.890054340065187855e-01 -1.626216701292570344e+00 1.208884109555246750e-01 7.459146987937823211e-20 1.326444750510292071e-05 3.054251909205205062e-05 6.997801801417530720e-06 2.150783070945546150e+09 8.306842900905445862e+10 5.228126903096794109e+01
1.995262314968760312e+14 8.061299983393671598e-01 2.155102612188199152e-01 -1.611303941987402899e+00 1.112979905252371726e-01 5.514178112457756108e-20 1.100223178581253233e-05 2.533357489967719660e-05 5.600899451624305468e-06 1.888632420613351822e+09 8.333057965938664246e+10 5.630937944768977843e+01
2.238721138568200312e+14 7.848211869265669938e-01 2.422993745019001721e-01 -1.596250815653814881e+00 1.017471711831662434e-01 4.047605008666031429e-20 9.061458893475168801e-06 2.086478016889424547e-05 4.445940574910024329e-06 1.645488541322236538e+09 8.357372353867776489e+10 6.081519666118001055e+01
2.511886431509428125e+14 7.638552776222106155e-01 2.693769349552733172e-01 -1.581181112892473095e+00 9.230699165252689853e-02 2.948138093706069751e-20 7.405388075796347672e-06 1.705153619116453088e-05 3.498032665908559325e-06 1.421633674295586824e+09 8.379757840570440674e+10 6.587572072856947614e+01
2.818382931264288125e+14 7.432314521899939797e-01 2.967477724237284620e-01 -1.566048468212745348e+00 8.305112028238849364e-02 2.129444038615412380e-20 6.001588731516170177e-06 1.381916874747017952e-05 2.726265042442695081e-06 1.217185595002815247e+09 8.400202648499719238e+10 7.158312300333084011e+01
3.162277660168185625e+14 7.229502282747315434e-01 3.244148997535297729e-01 -1.550435545895939793e+00 7.405512135520442296e-02 1.524680664840135830e-20 4.821463605314338510e-06 1.110183022401012427e-05 2.103240068155690281e-06 1.032048647436571002e+09 8.418716343256343079e+10 7.804954657722841205e+01
3.548133892335528125e+14 7.030125272974389050e-01 3.523805675614814503e-01 -1.534568350628639832e+00 6.539414551283011245e-02 1.081161819140716132e-20 3.836106893592309721e-06 8.832962548317348572e-06 1.604870248847505112e-06 8.659296387071158886e+08 8.435328244129287720e+10 8.541222287017070869e+01
3.981071705534725000e+14 6.834178634487414472e-01 3.806488005604151681e-01 -1.518661426522896818e+00 5.714001383329903039e-02 7.585442788421159872e-21 3.019819165893590788e-06 6.953390594924295660e-06 1.210211420266465764e-06 7.183734378511176109e+08 8.450083864214888000e+10 9.383818180787230290e+01
4.466835921509360625e+14 6.641650279337690810e-01 4.092246243408366180e-01 -1.502831321351033811e+00 4.935928819498347497e-02 5.260486194455088863e-21 2.349772869799606813e-06 5.410551981922413485e-06 9.011128558452994750e-07 5.887484515935454369e+08 8.463046362840644836e+10 1.035317618760325473e+02
5.011872336272406875e+14 6.452535628407992663e-01 4.381119187546452798e-01 -1.486558252633941812e+00 4.211153873091889877e-02 3.603736962486837073e-21 1.806146958949013213e-06 4.158807063432526993e-06 6.618788797114270006e-07 4.762198065406547785e+08 8.474299227345935059e+10 1.147467760326510984e+02
5.623413251903122500e+14 6.266842365840566975e-01 4.673124751170658620e-01 -1.469866629655211199e+00 3.544711095118763255e-02 2.436107200325070862e-21 1.369923751336461897e-06 3.154366008365819309e-06 4.790495529164690631e-07 3.797655223258830309e+08 8.483944655767411804e+10 1.278026483966282711e+02
6.309573444801530000e+14 6.084565014277685258e-01 4.968298540271131603e-01 -1.453118979493738028e+00 2.940400246276041185e-02 1.622742555566692011e-21 1.023881333635297155e-06 2.357573895823498509e-06 3.412510553117366894e-07 2.982315491757775545e+08 8.492098053082421875e+10 1.431007793378969666e+02
7.079457843840938750e+14 5.905688865921425723e-01 5.266689920756828514e-01 -1.436524089988151065e+00 2.400635996605230554e-02 1.063662313370131673e-21 7.530152507586177195e-07 1.733881691193966527e-06 2.389646656363005188e-07 2.303559792101264596e+08 8.498885610078987122e+10 1.611469550289495487e+02
7.943282347242301250e+14 5.730199609912571823e-01 5.568347269382781795e-01 -1.419639123659870883e+00 1.926360726914286975e-02 6.852990809717828909e-22 5.443524092464535311e-07 1.253417742866278090e-06 1.642821797847947422e-07 1.747779957860133946e+08 8.504443408421398926e+10 1.825869978058531444e+02
8.912509381336857500e+14 5.558100294055181578e-01 5.873287168464055297e-01 -1.402153911322771451e+00 1.517022645340928601e-02 4.334243152795695709e-22 3.862898276028667612e-07 8.894651986136009186e-07 1.107101062477979972e-07 1.300689508918976635e+08 8.508914312910810852e+10 2.082592231968945100e+02
9.999999999999345000e+14 5.389386024477500481e-01 6.181536246768813969e-01 -1.384585400650694798e+00 1.170518800303906905e-02 2.685645345636717660e-22 2.685645345636541573e-07 6.183926937931542886e-07 7.301365893762928647e-08 9.479071622952905297e+07 8.512442136377047729e+10 2.392573541449799563e+02
1.122018454301891875e+15 5.224039155448283456e-01 6.493142057477979678e-01 -1.367146843007085222e+00 8.833050691145932429e-03 1.627211920552184812e-22 1.825761803919575324e-07 4.203971913063132199e-07 4.704391181014270596e-08 6.753856371514216065e+07 8.515167351628485107e+10 2.770121752506298662e+02
1.258925411794083750e+15 5.062036681099130186e-01 6.808161845324668393e-01 -1.349659008130709825e+00 6.506143680217841077e-03 9.622404311315306179e-23 1.211388931007178747e-07 2.789326094355122715e-07 2.956066679159714411e-08 4.696734479067308456e+07 8.517224473520932007e+10 3.234163151293508918e+02
1.412537544622657250e+15 4.903372411111285301e-01 7.126618774453622462e-01 -1.331453939423273836e+00 4.667489618019904710e-03 5.543803453329609698e-23 7.830830517836815512e-08 1.803115361613389625e-07 1.807956315167591025e-08 3.182104067185119912e+07 8.518739103932815552e+10 3.810108610498975850e+02
1.584893192461007250e+15 4.748041567345568370e-01 7.448528615786345064e-01 -1.313013510781518622e+00 3.253652435321682020e-03 3.103623467026046166e-23 4.918911704851809901e-08 1.132621276534570497e-07 1.074022155630603873e-08 2.096591093089897186e+07 8.519824616906910706e+10 4.532407190601794014e+02
1.778279410038806500e+15 4.596023020360057720e-01 7.773937242385187130e-01 -1.294658655596879981e+00 2.198140454195436806e-03 1.683654689637738493e-23 2.994008468198067202e-08 6.893959267170806867e-08 6.185178548176928971e-09 1.341335509924464487e+07 8.520579872490075684e+10 5.447734324003610027e+02
1.995262314968744250e+15 4.447287501629336171e-01 8.102907328627997341e-01 -1.276531140176443424e+00 1.435104130898515748e-03 8.824154825722570394e-24 1.760650358521383290e-08 4.054047269505959548e-08 3.448176914007749279e-09 8.326286709643855691e+06 8.521088579329035950e+10 6.619169260848454996e+02
2.238721138568182000e+15 4.301817385534191795e-01 8.435475117863024952e-01 -1.257698235884421090e+00 9.025943227449295756e-04 4.456585449160199192e-24 9.977052050870314593e-09 2.297301132435966033e-08 1.860339813522274418e-09 5.018310622946820222e+06 8.521419376937705994e+10 8.130849200686728864e+02
2.511886431509407500e+15 4.159606986072451607e-01 8.771644976856850517e-01 -1.238348556894109054e+00 5.450130367843573605e-04 2.161290471564769460e-24 5.428916210074113497e-09 1.250054153643038579e-08 9.735009920025269877e-10 2.947557954439592548e+06 8.521626452204556274e+10 1.008992335345525589e+03
2.818382931264265000e+15 4.020633708831889974e-01 9.111455637739316327e-01 -1.219064463592562486e+00 3.147618528990964995e-04 1.002343450845229224e-24 2.824987673126715774e-09 6.504774504033512428e-09 4.983680909909316417e-10 1.704235801795340842e+06 8.521750784419821167e+10 1.261294757676768995e+03
3.162277660168159500e+15 3.884864565089125032e-01 9.454969707630133113e-01 -1.200212542507897995e+00 nan nan nan nan nan nan nan nan
3.548133892335499000e+15 3.752269236643770989e-01 9.802243062572451038e-01 -1.180853150146676800e+00 nan nan nan nan nan nan nan nan
3.981071705534692500e+15 3.622836957726704443e-01 1.015327684101260175e+00 -1.160592159376024002e+00 nan nan nan nan nan nan nan nan
4.466835921509324000e+15 3.496544526642580974e-01 1.050809890280833159e+00 -1.140354580692280129e+00 nan nan nan nan nan nan nan nan
5.011872336272366000e+15 3.373355322663569300e-01 1.086677199247924719e+00 -1.120562392132197216e+00 nan nan nan nan nan nan nan nan
5.623413251903077000e+15 3.253228431620328043e-01 1.122937226136012878e+00 -1.100692777246160992e+00 nan nan nan nan nan nan nan nan
6.309573444801478000e+15 3.136145890011187154e-01 1.159590470538468976e+00 -1.079628647861075930e+00 nan nan nan nan nan nan nan nan
7.079457843840881000e+15 3.022088389172853939e-01 1.196636981003110334e+00 -1.058434841628525191e+00 nan nan nan nan nan nan nan nan
7.943282347242237000e+15 2.911018265090575818e-01 1.234082153743004007e+00 -1.037633830875996255e+00 nan nan nan nan nan nan nan nan
8.912509381336785000e+15 2.802888760879600483e-01 1.271934507335747311e+00 -1.017336633709896798e+00 nan nan nan nan nan nan nan nan
