# [1] m:            [M_sun/h] 
# [2] sigma 
# [3] ln(1/sigma) 
# [4] n_eff 
# [5] f(sigma) 
# [6] dn/dm:        [h^4/(Mpc^3*M_sun)] 
# [7] dn/dlnm:      [h^3/Mpc^3] 
# [8] dn/dlog10m:   [h^3/Mpc^3] 
# [9] n(>m):        [h^3/Mpc^3] 
# [11] rho(>m):     [M_sun*h^2/Mpc^3] 
# [11] rho(<m):     [M_sun*h^2/Mpc^3] 
# [12] Lbox(N=1):   [Mpc/h]
1.000000000000000000e+07 6.744419204298806036e+00 -1.908715378361262704e+00 -2.516550227174258580e+00 nan nan nan nan nan nan nan nan
1.122018454301963001e+07 6.682068467722261929e+00 -1.899427590473248495e+00 -2.515342399793555561e+00 nan nan nan nan nan nan nan nan
1.258925411794166267e+07 6.620140366351983552e+00 -1.890116573100560915e+00 -2.514138023199294913e+00 nan nan nan nan nan nan nan nan
1.412537544622752629e+07 6.558629785896602726e+00 -1.880781707037636918e+00 -2.512906992283254759e+00 nan nan nan nan nan nan nan nan
1.584893192461110838e+07 6.497533465072073078e+00 -1.871422637973815029e+00 -2.511612097271144872e+00 nan nan nan nan nan nan nan nan
1.778279410038919002e+07 6.436847857164406328e+00 -1.862038957116832538e+00 -2.510295397754528146e+00 nan nan nan nan nan nan nan nan
1.995262314968874678e+07 6.376568190825915750e+00 -1.852630051511524822e+00 -2.508972549403060803e+00 nan nan nan nan nan nan nan nan
2.238721138568333164e+07 6.316689265057293667e+00 -1.843195220435555726e+00 -2.507638659562521521e+00 nan nan nan nan nan nan nan nan
2.511886431509571895e+07 6.257207362746028068e+00 -1.833733977388610548e+00 -2.506239823006903400e+00 nan nan nan nan nan nan nan nan
2.818382931264443323e+07 6.198119398069692920e+00 -1.824245923147367998e+00 -2.504801537836156555e+00 nan nan nan nan nan nan nan nan
3.162277660168366507e+07 6.139420919558605583e+00 -1.814730424935850239e+00 -2.503349711651649212e+00 nan nan nan nan nan nan nan nan
3.548133892335738987e+07 6.081106879484613259e+00 -1.805186731955333190e+00 -2.501896268605507956e+00 nan nan nan nan nan nan nan nan
3.981071705534952879e+07 6.023173023544788229e+00 -1.795614200785741632e+00 -2.500384892548342730e+00 nan nan nan nan nan nan nan nan
4.466835921509607136e+07 5.965616468787343862e+00 -1.786012397869114254e+00 -2.498815086066697777e+00 nan nan nan nan nan nan nan nan
5.011872336272694170e+07 5.908433193545118201e+00 -1.776380685194577369e+00 -2.497224789290392710e+00 nan nan nan nan nan nan nan nan
5.623413251903456450e+07 5.851618409488370531e+00 -1.766718274177473180e+00 -2.495630999701516473e+00 nan nan nan nan nan nan nan nan
6.309573444801890850e+07 5.795167434518971206e+00 -1.757024369302531586e+00 -2.493993974527421997e+00 nan nan nan nan nan nan nan nan
7.079457843841329217e+07 5.739077279552224020e+00 -1.747298444718126120e+00 -2.492282848832468201e+00 nan nan nan nan nan nan nan nan
7.943282347242756188e+07 5.683344439539101067e+00 -1.737539869230609657e+00 -2.490542715304446819e+00 nan nan nan nan nan nan nan nan
8.912509381337386370e+07 5.627964380600066541e+00 -1.727747810269795181e+00 -2.488788457390606279e+00 nan nan nan nan nan nan nan nan
9.999999999999918044e+07 5.572932249791555215e+00 -1.717921351648539874e+00 -2.487007148044447113e+00 nan nan nan nan nan nan nan nan
1.122018454301956147e+08 5.518244696339856148e+00 -1.708059819926024625e+00 -2.485146141448008272e+00 nan nan nan nan nan nan nan nan
1.258925411794155836e+08 5.463898689905581030e+00 -1.698162580717675452e+00 -2.483238619650345758e+00 nan nan nan nan nan nan nan nan
1.412537544622738063e+08 5.409889964626864334e+00 -1.688228753395881965e+00 -2.481307318002476947e+00 nan nan nan nan nan nan nan nan
1.584893192461097836e+08 5.356213752600949896e+00 -1.678257336032013658e+00 -2.479360342419893559e+00 nan nan nan nan nan nan nan nan
1.778279410038908124e+08 5.302866226199149935e+00 -1.668247471775929913e+00 -2.477336878204255299e+00 nan nan nan nan nan nan nan nan
1.995262314968858361e+08 5.249844631672981876e+00 -1.658198482198571355e+00 -2.475245501263973580e+00 nan nan nan nan nan nan nan nan
2.238721138568310440e+08 5.197145074905265894e+00 -1.648109450761808370e+00 -2.473121908664224655e+00 nan nan nan nan nan nan nan nan
2.511886431509551406e+08 5.144763021099186595e+00 -1.637979308186185978e+00 -2.470983215579895642e+00 nan nan nan nan nan nan nan nan
2.818382931264426112e+08 5.092694218369833159e+00 -1.627807006510353593e+00 -2.468780066576241161e+00 nan nan nan nan nan nan nan nan
3.162277660168340802e+08 5.040935929850042463e+00 -1.617591765210170340e+00 -2.466489122950556556e+00 nan nan nan nan nan nan nan nan
3.548133892335702181e+08 4.989484741638638532e+00 -1.607332646243283980e+00 -2.464156857633553521e+00 nan nan nan nan nan nan nan nan
3.981071705534920692e+08 4.938336390138641896e+00 -1.597028511352564850e+00 -2.461799081137826750e+00 nan nan nan nan nan nan nan nan
4.466835921509580016e+08 4.887486419756250200e+00 -1.586678146741127948e+00 -2.459392892679898246e+00 nan nan nan nan nan nan nan nan
5.011872336272653341e+08 4.836931867179679045e+00 -1.576280607981806137e+00 -2.456887986117341605e+00 nan nan nan nan nan nan nan nan
5.623413251903399229e+08 4.786669834112258215e+00 -1.565834936674366240e+00 -2.454325158166575704e+00 nan nan nan nan nan nan nan nan
6.309573444801839590e+08 4.736696341246068975e+00 -1.555339918286736900e+00 -2.451724537077194288e+00 nan nan nan nan nan nan nan nan
7.079457843841286898e+08 4.687007005874114007e+00 -1.544794213685369177e+00 -2.449088544926806499e+00 nan nan nan nan nan nan nan nan
7.943282347242691517e+08 4.637598515940059229e+00 -1.534196671037310056e+00 -2.446353218449344613e+00 nan nan nan nan nan nan nan nan
8.912509381337294579e+08 4.588468373780784759e+00 -1.523546280756890026e+00 -2.443536538233947120e+00 nan nan nan nan nan nan nan nan
9.999999999999836683e+08 4.539612995594433542e+00 -1.512841765158705387e+00 -2.440672090010719053e+00 nan nan nan nan nan nan nan nan
1.122018454301946878e+09 4.491028278855470290e+00 -1.502081690869448094e+00 -2.437776290488367081e+00 nan nan nan nan nan nan nan nan
1.258925411794145584e+09 4.442710594656563039e+00 -1.491264684460321455e+00 -2.434790255507943701e+00 nan nan nan nan nan nan nan nan
1.412537544622726679e+09 4.394657662460429215e+00 -1.480389635602890719e+00 -2.431699739634265445e+00 nan nan nan nan nan nan nan nan
1.584893192461085081e+09 4.346866444654454931e+00 -1.469455227967723543e+00 -2.428551684105720199e+00 nan nan nan nan nan nan nan nan
1.778279410038893700e+09 4.299333231254175658e+00 -1.458459948177055487e+00 -2.425364292075170791e+00 nan nan nan nan nan nan nan nan
1.995262314968842030e+09 4.252054287942953259e+00 -1.447402228023537907e+00 -2.422103082342701441e+00 nan nan nan nan nan nan nan nan
2.238721138568292141e+09 4.205027364048533833e+00 -1.436280800906361677e+00 -2.418721628947059887e+00 nan nan nan nan nan nan nan nan
2.511886431509531021e+09 4.158250095285811909e+00 -1.425094335603389828e+00 -2.415268783975238698e+00 nan nan nan nan nan nan nan nan
2.818382931264402866e+09 4.111719229312162049e+00 -1.413841245012324332e+00 -2.411763404868371818e+00 nan nan nan nan nan nan nan nan
3.162277660168314457e+09 4.065431244924650578e+00 -1.402519824685250160e+00 -2.408200845559352654e+00 nan nan nan nan nan nan nan nan
3.548133892335673332e+09 4.019383833369729153e+00 -1.391128615601911367e+00 -2.404515159027930782e+00 nan nan nan nan nan nan nan nan
3.981071705534887791e+09 3.973575309826995028e+00 -1.379666271239000430e+00 -2.400735314111417829e+00 nan nan nan nan nan nan nan nan
4.466835921509543419e+09 3.928003027866949992e+00 -1.368131161333814072e+00 -2.396893609163798011e+00 nan nan nan nan nan nan nan nan
5.011872336272612572e+09 3.882663972798075847e+00 -1.356521508966802791e+00 -2.393005622236410446e+00 nan nan nan nan nan nan nan nan
5.623413251903352737e+09 3.837555832522692612e+00 -1.344835661999058241e+00 -2.389003256490064953e+00 nan nan nan nan nan nan nan nan
6.309573444801788330e+09 3.792677521667081386e+00 -1.333072239758662070e+00 -2.384883949870414632e+00 nan nan nan nan nan nan nan nan
7.079457843841228485e+09 3.748027213548200010e+00 -1.321229625168439448e+00 -2.380695752303505941e+00 nan nan nan nan nan nan nan nan
7.943282347242626190e+09 3.703602605828683725e+00 -1.309306023184952705e+00 -2.376460770003620215e+00 nan nan nan nan nan nan nan nan
8.912509381337221146e+09 3.659401598524417487e+00 -1.297299636375149445e+00 -2.372132164722160041e+00 nan nan nan nan nan nan nan nan
9.999999999999753952e+09 3.615423590497230055e+00 -1.285209024540711953e+00 -2.367670236376776316e+00 nan nan nan nan nan nan nan nan
1.122018454301937675e+10 3.571667771994188278e+00 -1.273032649728457422e+00 -2.363132621183107851e+00 nan nan nan nan nan nan nan nan
1.258925411794135284e+10 3.528132670938459281e+00 -1.260768742578775914e+00 -2.358539932925511007e+00 nan nan nan nan nan nan nan nan
1.412537544622714996e+10 3.484816717851304091e+00 -1.248415451108203955e+00 -2.353879430416150775e+00 nan nan nan nan nan nan nan nan
1.584893192461071968e+10 3.441719702737862097e+00 -1.235971260056727195e+00 -2.349084562968152490e+00 nan nan nan nan nan nan nan nan
1.778279410038879013e+10 3.398841894966095456e+00 -1.223434754470625219e+00 -2.344198131045772016e+00 nan nan nan nan nan nan nan nan
1.995262314968825912e+10 3.356182753247402228e+00 -1.210804242797929531e+00 -2.339252573105730537e+00 nan nan nan nan nan nan nan nan
2.238721138568273544e+10 3.313741503547605660e+00 -1.198077914618597584e+00 -2.334262196304972115e+00 nan nan nan nan nan nan nan nan
2.511886431509510422e+10 3.271518279312895849e+00 -1.185254182752944141e+00 -2.329150235953750148e+00 nan nan nan nan nan nan nan nan
2.818382931264379883e+10 3.229514292036236967e+00 -1.172331751944674982e+00 -2.323927944852839822e+00 nan nan nan nan nan nan nan nan
3.162277660168288803e+10 3.187730013772878124e+00 -1.159309069064699438e+00 -2.318645717949016305e+00 nan nan nan nan nan nan nan nan
3.548133892335644531e+10 3.146165544958124727e+00 -1.146184424026653659e+00 -2.313329578074905246e+00 nan nan nan nan nan nan nan nan
3.981071705534854889e+10 3.104821335085321987e+00 -1.132956172694570274e+00 -2.307917959249551121e+00 nan nan nan nan nan nan nan nan
4.466835921509506989e+10 3.063699222705426273e+00 -1.119623082146481874e+00 -2.302379321482272978e+00 nan nan nan nan nan nan nan nan
5.011872336272570801e+10 3.022800645536150466e+00 -1.106183767720098521e+00 -2.296778839495748237e+00 nan nan nan nan nan nan nan nan
5.623413251903306580e+10 2.982126431428878455e+00 -1.092636613642587573e+00 -2.291140540696054995e+00 nan nan nan nan nan nan nan nan
6.309573444801736450e+10 2.941677312203594408e+00 -1.078979933024111437e+00 -2.285437710880715123e+00 nan nan nan nan nan nan nan nan
7.079457843841171265e+10 2.901455309408365490e+00 -1.065212441947918309e+00 -2.279601117877980254e+00 nan nan nan nan nan nan nan nan
7.943282347242561340e+10 2.861462584492688421e+00 -1.051332887294094132e+00 -2.273687113431928086e+00 nan nan nan nan nan nan nan nan
8.912509381337149048e+10 2.821700414460588835e+00 -1.037339687079579020e+00 -2.267726202384666045e+00 nan nan nan nan nan nan nan nan
9.999999999999673462e+10 2.782169729053612706e+00 -1.023231101364752815e+00 -2.261725081120246728e+00 nan nan nan nan nan nan nan nan
1.122018454301928558e+11 2.742872315957347151e+00 -1.009005661822571343e+00 -2.255593631012833722e+00 nan nan nan nan nan nan nan nan
1.258925411794125061e+11 2.703810658591280447e+00 -9.946621330186878884e-01 -2.249355331468927410e+00 nan nan nan nan nan nan nan nan
1.412537544622703552e+11 2.664986292270113744e+00 -9.801989139911136961e-01 -2.243059948819849936e+00 nan nan nan nan nan nan nan nan
1.584893192461058960e+11 2.626400251246356010e+00 -9.656141828671191973e-01 -2.236733014820138532e+00 nan nan nan nan nan nan nan nan
1.778279410038864746e+11 2.588053886495141231e+00 -9.509061980969792938e-01 -2.230290746707652261e+00 nan nan nan nan nan nan nan nan
1.995262314968809509e+11 2.549949667646279838e+00 -9.360736207976049217e-01 -2.223709109537081563e+00 nan nan nan nan nan nan nan nan
2.238721138568255310e+11 2.512089388632852582e+00 -9.211148326196699765e-01 -2.217058612600819600e+00 nan nan nan nan nan nan nan nan
2.511886431509489746e+11 2.474474197025860800e+00 -9.060279278047639329e-01 -2.210367488129703073e+00 nan nan nan nan nan nan nan nan
2.818382931264356689e+11 2.437105141526797691e+00 -8.908109175477710862e-01 -2.203587700070419597e+00 nan nan nan nan nan nan nan nan
3.162277660168262939e+11 2.399984507123490207e+00 -8.754622819678515855e-01 -2.196646877119079022e+00 nan nan nan nan nan nan nan nan
3.548133892335615234e+11 2.363114470818984625e+00 -8.599804400356716449e-01 -2.189618851929832744e+00 nan nan nan nan nan nan nan nan
3.981071705534822998e+11 2.326496365976356451e+00 -8.443634302881746212e-01 -2.182534719285749603e+00 nan nan nan nan nan nan nan nan
4.466835921509470215e+11 2.290131208849015998e+00 -8.286091123653882562e-01 -2.175390861059331549e+00 nan nan nan nan nan nan nan nan
5.011872336272529907e+11 2.254020989877756787e+00 -8.127157278536207841e-01 -2.168083013186024033e+00 nan nan nan nan nan nan nan nan
5.623413251903260498e+11 2.218168208525736596e+00 -7.966817239812707951e-01 -2.160653874420851661e+00 nan nan nan nan nan nan nan nan
6.309573444801684570e+11 2.182574412744743064e+00 -7.805051033369873048e-01 -2.153156423124531038e+00 nan nan nan nan nan nan nan nan
7.079457843841113281e+11 2.147240695009851486e+00 -7.641836202096343733e-01 -2.145617597101035834e+00 nan nan nan nan nan nan nan nan
7.943282347242496338e+11 2.112168624203587086e+00 -7.477152036623779807e-01 -2.137927307122040155e+00 nan nan nan nan nan nan nan nan
8.912509381337076416e+11 2.077360778161301269e+00 -7.310982313798022325e-01 -2.130076097392648471e+00 nan nan nan nan nan nan nan nan
9.999999999999591064e+11 2.042818951365308333e+00 -7.143306928999290095e-01 -2.122143729161189096e+00 nan nan nan nan nan nan nan nan
1.122018454301919434e+12 2.008544350827101699e+00 -6.974102561402972800e-01 -2.114167429106951879e+00 nan nan nan nan nan nan nan nan
1.258925411794114746e+12 1.974538192322723207e+00 -6.803345443393277181e-01 -2.106070294898441553e+00 nan nan nan nan nan nan nan nan
1.412537544622691895e+12 1.940802926439350484e+00 -6.631017670586091262e-01 -2.097778818425379832e+00 nan nan nan nan nan nan nan nan
1.584893192461046143e+12 1.907340690265557415e+00 -6.457099631345915025e-01 -2.089389579554077336e+00 nan nan nan nan nan nan nan nan
1.778279410038850098e+12 1.874152818877647286e+00 -6.281567273845514165e-01 -2.080937708464377423e+00 nan nan nan nan nan nan nan nan
1.995262314968793213e+12 1.841240352881919451e+00 -6.104394493414220246e-01 -2.072402498683441507e+00 nan nan nan nan nan nan nan nan
2.238721138568236816e+12 1.808605405931859700e+00 -5.925560543344056130e-01 -2.063660272901824744e+00 nan nan nan nan nan nan nan nan
2.511886431509469238e+12 1.776250399231820154e+00 -5.745046251902009571e-01 -2.054781232514899525e+00 nan nan nan nan nan nan nan nan
2.818382931264333984e+12 1.744176789299720642e+00 -5.562826903605032625e-01 -2.045823342253474841e+00 nan nan nan nan nan nan nan nan
3.162277660168236816e+12 1.712385597392581005e+00 -5.378874844804387712e-01 -2.036813197005148623e+00 nan nan nan nan nan nan nan nan
3.548133892335586426e+12 1.680878485522480092e+00 -5.193165647954902653e-01 -2.027604615284055001e+00 nan nan nan nan nan nan nan nan
3.981071705534790039e+12 1.649657997215951299e+00 -5.005679920136040240e-01 -2.018209338461781410e+00 nan nan nan nan nan nan nan nan
4.466835921509433594e+12 1.618725781687710752e+00 -4.816392852342312736e-01 -2.008720913128554830e+00 nan nan nan nan nan nan nan nan
5.011872336272489258e+12 1.588082921070310904e+00 -4.625275787603528310e-01 -1.999188199087267970e+00 nan nan nan nan nan nan nan nan
5.623413251903214844e+12 1.557730625976158967e+00 -4.432300351805533167e-01 -1.989491417212964297e+00 2.801698628361977694e-01 1.271591710716136812e-16 7.150685677051402947e-04 1.646506224466459580e-03 6.850192782574111806e-04 1.418160497148101616e+10 7.103760710851898193e+10 1.134398739790928801e+01
6.309573444801632812e+12 1.527671329770387887e+00 -4.237445692895587812e-01 -1.979558570845339371e+00 2.786647990678775000e-01 1.014510295060368728e-16 6.401127217190771606e-04 1.473914010866193142e-03 6.070087723740927700e-04 1.371763613085879898e+10 7.150157594914120483e+10 1.181050163790269636e+01
7.079457843841054688e+12 1.497906951109500451e+00 -4.040687677515669152e-01 -1.969516194940995835e+00 2.769585219900645989e-01 8.088019093843249270e-17 5.725879021504481480e-04 1.318432367920355230e-03 5.372001129044271742e-04 1.325179725407053375e+10 7.196741482592947388e+10 1.230140267360630091e+01
7.943282347242431641e+12 1.468438639717307703e+00 -3.841996864575748516e-01 -1.959411712572997288e+00 2.750380128856598771e-01 6.442551798940941620e-17 5.117500797572255072e-04 1.178348104987501400e-03 4.747806010817291538e-04 1.278445380232298470e+10 7.243475827767701721e+10 1.281845484987889172e+01
8.912509381337003906e+12 1.439267293930726277e+00 -3.641341604340047611e-01 -1.949194155697850928e+00 2.728898903899270034e-01 5.127388093200426790e-17 4.569789448240445511e-04 1.052232906163993618e-03 4.190160758029402876e-04 1.231600411860317421e+10 7.290320796139682007e+10 1.336358883267665476e+01
9.999999999999509766e+12 1.410395000090686635e+00 -3.438698070659478856e-01 -1.938713675582305562e+00 2.705005945018307267e-01 4.077435089468108655e-17 4.077435089467908690e-04 9.388641254659650659e-04 3.692386500121899924e-04 1.184683719604822922e+10 7.337237488395176697e+10 1.393897850947661965e+01
1.122018454301910156e+13 1.381823944908609381e+00 -3.234043257027092722e-01 -1.928082679461801785e+00 2.678564255240242775e-01 3.239288443285421383e-17 3.634541412173149483e-04 8.368840875539422649e-04 3.248449446866911463e-04 1.137737131709495163e+10 7.384184076290504456e+10 1.454703987036307389e+01
1.258925411794104297e+13 1.353555323753111939e+00 -3.027347038235856380e-01 -1.917368336701742004e+00 2.649435432753186603e-01 2.570516102808821831e-17 3.236088043251972345e-04 7.451368088008263101e-04 2.852944222778209019e-04 1.090810355354252243e+10 7.431110852645747375e+10 1.519038937779759912e+01
1.412537544622680273e+13 1.325589889721133119e+00 -2.818575601556971844e-01 -1.906591035569184855e+00 2.617481101716062075e-01 2.037288102747955563e-17 2.877745934344595855e-04 6.626254889846089000e-04 2.501003648331840703e-04 1.043958979227319717e+10 7.477962228772680664e+10 1.587188683148258228e+01
1.584893192461033008e+13 1.297929208838358273e+00 -2.607700781492797160e-01 -1.895553040075119045e+00 2.582565810837648690e-01 1.612807467274100530e-17 2.556127575633041936e-04 5.885701251443653135e-04 2.188204744799588449e-04 9.972388750812692642e+09 7.524682332918730164e+10 1.659474875384976045e+01
1.778279410038835547e+13 1.270575585493407988e+00 -2.394700147226736520e-01 -1.884299753622015627e+00 2.544559188155048890e-01 1.275106179301896838e-17 2.267495064265850685e-04 5.221100333416123489e-04 1.910534705178086633e-04 9.507069174139348984e+09 7.571214290586065674e+10 1.736261050977059384e+01
1.995262314968776953e+13 1.243530310254560067e+00 -2.179543589176636542e-01 -1.872946808604439184e+00 2.503335728594740517e-01 1.006583425609613820e-17 2.008397975991039705e-04 4.624507240316381843e-04 1.664394515834767454e-04 9.044277168075227737e+09 7.617493491192477417e+10 1.817947098537586470e+01
2.238721138568218750e+13 1.216794098613375175e+00 -1.962196120279234846e-01 -1.861558836631590275e+00 2.458777237617165157e-01 7.932608819662165325e-18 1.775889904857037719e-04 4.089137621722429682e-04 1.446553394283791379e-04 8.584738571721013069e+09 7.663447350827899170e+10 1.904971621909947643e+01
2.511886431509448438e+13 1.190367939007361597e+00 -1.742624517764661540e-01 -1.849948359728847525e+00 2.410776649466692678e-01 6.241091964712332629e-18 1.567691422396355323e-04 3.609742899624480039e-04 1.254081381250113500e-04 8.129195995644278526e+09 7.709001608435572815e+10 1.997827989515698377e+01
2.818382931264310938e+13 1.164254025403675508e+00 -1.520805603823607854e-01 -1.838051122357082345e+00 2.359243093860173279e-01 4.901691533002583178e-18 1.381484375093727443e-04 3.180985328295011724e-04 1.084313175552121936e-04 7.678383521527437210e+09 7.754082855847256470e+10 2.097080434498881019e+01
3.162277660168211328e+13 1.138453826160804816e+00 -1.296710489673748856e-01 -1.826037387333925288e+00 2.304101888843436419e-01 3.841865974075503048e-18 1.214904694317934765e-04 2.797421438544964905e-04 9.348530063811184821e-05 7.233097069651044846e+09 7.798611501034895325e+10 2.203360487297530668e+01
3.548133892335557031e+13 1.112968043345855307e+00 -1.070303597031777021e-01 -1.813979761978739891e+00 2.245297481314850463e-01 3.004361950375085473e-18 1.065987846096919805e-04 2.454527723735598654e-04 8.035542773241009101e-05 6.794216661464785576e+09 7.842499541853521729e+10 2.317367583831943989e+01
3.981071705534757812e+13 1.087797182397902684e+00 -8.415471781942195084e-02 -1.801770937089204105e+00 2.182798138950398092e-01 2.343903287049769018e-18 9.331247056583749329e-05 2.148599037153430891e-04 6.884761083018721222e-05 6.362648665474417686e+09 7.885656341452558899e+10 2.439890721012935515e+01
4.466835921509397656e+13 1.062943061125432243e+00 -6.104153360292633584e-02 -1.789223965040033004e+00 2.116604058944804301e-01 1.824272473281159742e-18 8.148725814273077080e-05 1.876313458684095484e-04 5.878532959059312659e-05 5.939275885709095955e+09 7.927993619429090881e+10 2.571838425896396885e+01
5.011872336272448438e+13 1.038407364018844925e+00 -3.768815864019747081e-02 -1.776520700025950861e+00 2.046748673573287880e-01 1.415948336611615150e-18 7.096552297854742664e-05 1.634041553269297269e-04 5.000944206070941024e-05 5.525006085348792076e+09 7.969420599465121460e+10 2.714246773463094087e+01
5.623413251903168750e+13 1.014190742294567293e+00 -1.409099625051742077e-02 -1.763746827428858577e+00 1.973300220512644310e-01 1.095687854608403798e-18 6.161505601554250432e-05 1.418739094853812817e-04 4.237749044040142971e-05 5.120811988245179176e+09 8.009840009175482178e+10 2.868280289321878840e+01
6.309573444801581250e+13 9.902933880264024324e-01 9.754028215125326931e-03 -1.750904028663016865e+00 1.896367199193836894e-01 8.450930042905482914e-19 5.332176378259232091e-05 1.227778984179468832e-04 3.576119524281804601e-05 4.727689040703711510e+09 8.049152303929629517e+10 3.035260648579562215e+01
7.079457843840996875e+13 9.667165052898332167e-01 3.384999580832871030e-02 -1.737713851655964037e+00 1.816107507649388220e-01 6.496592619255605893e-19 4.599235357662862428e-05 1.059013077372564552e-04 3.004421508893780264e-05 4.346589037903710365e+09 8.087262304209628296e+10 3.216718418965518822e+01
7.943282347242367188e+13 9.434618789990677490e-01 5.819931880635674515e-02 -1.724282501759127006e+00 1.732731951753244681e-01 4.975905920185543836e-19 3.952502565734861969e-05 9.100973487881812635e-05 2.512143902353580630e-05 3.978429071847784519e+09 8.124078300815222168e+10 3.414432216926056896e+01
8.912509381336929688e+13 9.205301363214951627e-01 8.280553976670340655e-02 -1.710761900874457009e+00 1.646501753698717541e-01 3.795610093531912973e-19 3.382841056650031438e-05 7.789279389010589556e-05 2.089887580431259225e-05 3.624145002654215813e+09 8.159506707734577942e+10 3.630438005156394610e+01
9.999999999999428125e+13 8.979212871300181753e-01 1.076728680517792247e-01 -1.697239123690341023e+00 1.557732724718439710e-01 2.882331415921434306e-19 2.882331415921269424e-05 6.636813351368735518e-05 1.729235261921766543e-05 3.284669604798969746e+09 8.193454247520103455e+10 3.867069455121893640e+01
1.122018454301901094e+14 8.756358041943733683e-01 1.328050231297311368e-01 -1.683410212991329091e+00 1.466801388927147787e-01 2.178753302964337664e-19 2.444601413297207813e-05 5.628902772570327346e-05 1.422592358823282145e-05 2.960855951307375908e+09 8.225835612869262695e+10 4.127051067331832002e+01
1.258925411794094062e+14 8.536753463720639923e-01 1.582043139443505553e-01 -1.669235342046607284e+00 1.374149353704405829e-01 1.638783039229097714e-19 2.063105612502668716e-05 4.750476228620995512e-05 1.163107883793492162e-05 2.653450250541623116e+09 8.256576182945837402e+10 4.413603684563926777e+01
1.412537544622668750e+14 8.320406035892526919e-01 1.838740369607977376e-01 -1.654953806705779851e+00 1.280273881047479800e-01 1.225819002075648345e-19 1.731515363343746338e-05 3.986961463925479650e-05 9.446719414798245571e-06 2.363144550564284325e+09 8.285606752943571472e+10 4.730492169663067159e+01
1.584893192461020000e+14 8.107314624734933695e-01 2.098183987203180445e-01 -1.640686732752005605e+00 1.185725476893558783e-01 9.113600166253082392e-20 1.444408286230613062e-05 3.325872988071686571e-05 7.618510801798905057e-06 2.090572395200694799e+09 8.312863968479930115e+10 5.082101143858040615e+01
1.778279410038820938e+14 7.897476974205093203e-01 2.360417548844279401e-01 -1.626216701292570344e+00 1.091106087789597695e-01 6.732424244744739180e-20 1.197213141407572891e-05 2.756685132541650030e-05 6.097871271645529911e-06 1.836239648477093935e+09 8.338297243152290344e+10 5.473610828334152956e+01
1.995262314968760312e+14 7.690905376843160113e-01 2.625465820967291530e-01 -1.611303941987402899e+00 9.970693408697946236e-02 4.939907639015468737e-20 9.856411551553866647e-06 2.269522630902224777e-05 4.841319330784528005e-06 1.600478413737914801e+09 8.361873366626208496e+10 5.911242239452680280e+01
2.238721138568200312e+14 7.487608076647851441e-01 2.893356953798094655e-01 -1.596250815653814881e+00 9.043025659264464222e-02 3.597406741268702174e-20 8.053590515705987419e-06 1.854407746654283825e-05 3.810336736395372987e-06 1.383483543728720665e+09 8.383572853627128601e+10 6.402440444688038212e+01
2.511886431509428125e+14 7.287582243430567042e-01 3.164132558331824718e-01 -1.581181112892473095e+00 8.135110083931175462e-02 2.598224414593770887e-20 6.526444653034619909e-06 1.502769416832821356e-05 2.971042445523574500e-06 1.185326345483983755e+09 8.403388573451602173e+10 6.956066329290960937e+01
2.818382931264288125e+14 7.090820070785386342e-01 3.437840933016377276e-01 -1.566048468212745348e+00 7.254056656398212566e-02 1.859951756246360989e-20 5.242056282779779997e-06 1.207028065336450230e-05 2.293593074981238561e-06 1.005910010365706205e+09 8.421330206963429260e+10 7.582769893621662050e+01
3.162277660168185625e+14 6.897326497316871308e-01 3.714512206314390941e-01 -1.550435545895939793e+00 6.406938076750086364e-02 1.319089676403912013e-20 4.171327815450572379e-06 9.604837245847907333e-06 1.751715127500913709e-06 8.449304223129312992e+08 8.437428165768707275e+10 8.295556135404474674e+01
3.548133892335528125e+14 6.707110313867514773e-01 3.994168884393905494e-01 -1.534568350628639832e+00 5.600549244565464213e-02 9.259391589195962253e-21 3.285356112003272045e-06 7.564812008675611603e-06 1.322473896137814385e-06 7.018951019898653030e+08 8.451731697801013184e+10 9.110403882221532967e+01
3.981071705534725000e+14 6.520166885559640635e-01 4.276851214383245448e-01 -1.518661426522896818e+00 4.841121694193111641e-02 6.426678815692926169e-21 2.558506919371452269e-06 5.891179892866825494e-06 9.860740985992445005e-07 5.761596633377721310e+08 8.464305241666223145e+10 1.004685535115252577e+02
4.466835921509360625e+14 6.336484679852613100e-01 4.562609452187458281e-01 -1.502831321351033811e+00 4.134142816327355391e-02 4.405979503854758755e-21 1.968078751725242686e-06 4.531668795560873609e-06 7.255028813885450773e-07 4.669210869775152206e+08 8.475229099302249146e+10 1.112893534842893359e+02
5.011872336272406875e+14 6.156059328027071453e-01 4.851482396325544344e-01 -1.486558252633941812e+00 3.484203161749247629e-02 2.981641634859179785e-21 1.494360722642875634e-06 3.440892723513295534e-06 5.261888434116855547e-07 3.732022469438835382e+08 8.484600983305612183e+10 1.238661925031890263e+02
5.623413251903122500e+14 5.978898161160020042e-01 5.143487959949752941e-01 -1.469866629655211199e+00 2.894810201707724226e-02 1.989461986243587736e-21 1.118756689759969925e-06 2.576032476528671433e-06 3.757657134106324101e-07 2.938737213966277838e+08 8.492533835860337830e+10 1.385779980785057717e+02
6.309573444801530000e+14 5.804995953563283351e-01 5.438661749050223149e-01 -1.453118979493738028e+00 2.368140900442284105e-02 1.306925144491011085e-21 8.246140186023885906e-07 1.898743946707774895e-06 2.638963028297182767e-07 2.277078225204531252e+08 8.499150425747955322e+10 1.559033921654191772e+02
7.079457843840938750e+14 5.634338673221881422e-01 5.737053129535921725e-01 -1.436524089988151065e+00 1.904957799967474733e-02 8.440395891968631417e-22 5.975342690252016707e-07 1.375873500410523241e-06 1.820308666517586210e-07 1.734060654473536909e+08 8.504580601455264282e+10 1.764486423341093655e+02
7.943282347242301250e+14 5.466912666821297506e-01 6.038710478161873896e-01 -1.419639123659870883e+00 1.504593806850500551e-02 5.352563196832462467e-22 4.251692075389811696e-07 9.789882792793497827e-07 1.231593221595102284e-07 1.296140185434251577e+08 8.508959806145657349e+10 2.009914438444020846e+02
8.912509381336857500e+14 5.302720842127357503e-01 6.343650377243148508e-01 -1.402153911322771451e+00 1.165003871337422572e-02 3.328500116878558370e-22 2.966528851746097897e-07 6.830685111967309060e-07 8.160790239760711265e-08 9.495343146569064260e+07 8.512425864853430176e+10 2.305451170487637285e+02
9.999999999999345000e+14 5.141758530128281990e-01 6.651899455547907181e-01 -1.384585400650694798e+00 8.827982549223520672e-03 2.025497603159273406e-22 2.025497603159140668e-07 4.663880586929406927e-07 5.287148815036456168e-08 6.807409371302552521e+07 8.515113798628697205e+10 2.664359489980645321e+02
1.122018454301891875e+15 4.984008895865740252e-01 6.963505266257072890e-01 -1.367146843007085222e+00 6.534235119985937201e-03 1.203727415443198616e-22 1.350604374076388841e-07 3.109881498280846776e-07 3.343708293733840861e-08 4.769103116629441082e+07 8.517152104883370972e+10 3.104015437619750060e+02
1.258925411794083750e+15 4.829449990527835412e-01 7.278525054103760494e-01 -1.349659008130709825e+00 4.714294736284336401e-03 6.972309900434690270e-23 8.777618112560709752e-08 2.021121261797682482e-07 2.060957603714174070e-08 3.260656779490012676e+07 8.518660551220509338e+10 3.647346140488113519e+02
1.412537544622657250e+15 4.678075908223966461e-01 7.596981983232714564e-01 -1.331453939423273836e+00 3.307844916038808931e-03 3.928887596839329292e-23 5.549701239137839034e-08 1.277865934380937360e-07 1.236210804669497073e-08 2.173288147964530438e+07 8.519747919852035522e+10 4.324831135695750390e+02
1.584893192461007250e+15 4.529882090357332802e-01 7.918891824565438275e-01 -1.313013510781518622e+00 2.251689519356311724e-03 2.147862001750632204e-23 3.404131864920248875e-08 7.838303286751386455e-08 7.207867389054642579e-09 1.411457907647238113e+07 8.520509750092352295e+10 5.176835965610753192e+02
1.778279410038806500e+15 4.384848378325870710e-01 8.244300451164277010e-01 -1.294658655596879981e+00 1.482915412049503039e-03 1.135831644910549523e-23 2.019826027414939010e-08 4.650821301167021516e-08 4.085586242074957702e-09 8.941245756659191102e+06 8.521027083424334717e+10 6.255305706622445996e+02
1.995262314968744250e+15 4.242946848412565419e-01 8.573270537407089442e-01 -1.276531140176443424e+00 9.419995765154406432e-04 5.792158164671296131e-24 1.155687490830716348e-08 2.661068788546500459e-08 2.257613719646528405e-09 5.546248248918708414e+06 8.521366583175108337e+10 7.622839717367177172e+02
2.238721138568182000e+15 4.104160684847027452e-01 8.905838326642117053e-01 -1.257698235884421090e+00 5.752785989982161846e-04 2.840454641584568452e-24 6.358985849259482790e-09 1.464210602306496893e-08 1.226293871933251563e-09 3.399375874412259553e+06 8.521581270412559509e+10 9.342615608785807808e+02
2.511886431509407500e+15 3.968484462883274944e-01 9.242008185635943729e-01 -1.238348556894109054e+00 nan nan nan nan nan nan nan nan
2.818382931264265000e+15 3.835896626260305031e-01 9.581818846518408428e-01 -1.219064463592562486e+00 nan nan nan nan nan nan nan nan
3.162277660168159500e+15 3.706365701996023332e-01 9.925332916409224104e-01 -1.200212542507897995e+00 nan nan nan nan nan nan nan nan
3.548133892335499000e+15 3.579862764928130048e-01 1.027260627135154314e+00 -1.180853150146676800e+00 nan nan nan nan nan nan nan nan
3.981071705534692500e+15 3.456377543945042263e-01 1.062364004979169385e+00 -1.160592159376024002e+00 nan nan nan nan nan nan nan nan
4.466835921509324000e+15 3.335887903405629351e-01 1.097846211158742369e+00 -1.140354580692280129e+00 nan nan nan nan nan nan nan nan
5.011872336272366000e+15 3.218358905203982379e-01 1.133713520125834151e+00 -1.120562392132197216e+00 nan nan nan nan nan nan nan nan
5.623413251903077000e+15 3.103751515064535615e-01 1.169973547013922088e+00 -1.100692777246160992e+00 nan nan nan nan nan nan nan nan
6.309573444801478000e+15 2.992048594859211263e-01 1.206626791416378186e+00 -1.079628647861075930e+00 nan nan nan nan nan nan nan nan
7.079457843840881000e+15 2.883231723104794364e-01 1.243673301881019766e+00 -1.058434841628525191e+00 nan nan nan nan nan nan nan nan
7.943282347242237000e+15 2.777264966344625829e-01 1.281118474620913217e+00 -1.037633830875996255e+00 nan nan nan nan nan nan nan nan
8.912509381336785000e+15 2.674103716044462509e-01 1.318970828213656521e+00 -1.017336633709896798e+00 nan nan nan nan nan nan nan nan
